10 0.16833333333333333 0.3853125 0.016666666666666666 0.036875
12 0.9294444444444444 0.3296875 0.03777777777777778 0.054375
12 0.93 0.3725 0.02 0.03125
12 0.725 0.415 0.021111111111111112 0.005
2 0.8866666666666667 0.488125 0.07444444444444444 0.05125
8 0.5958333333333333 0.464375 0.01611111111111111 0.02
4 0.9591666666666666 0.47875 0.045 0.04125
3 0.855 0.468125 0.043333333333333335 0.0275
3 0.8402777777777778 0.4621875 0.02388888888888889 0.021875
3 0.8161111111111111 0.465 0.016666666666666666 0.01625
3 0.79 0.46375 0.02 0.01625
3 0.7616666666666667 0.46375 0.03666666666666667 0.02
3 0.6344444444444445 0.4790625 0.06666666666666667 0.063125
3 0.5730555555555555 0.4696875 0.015 0.010625
3 0.5580555555555555 0.4696875 0.012777777777777779 0.010625
3 0.5411111111111111 0.4671875 0.02 0.021875
3 0.5369444444444444 0.4715625 0.011666666666666667 0.015625
3 0.5044444444444445 0.4678125 0.03333333333333333 0.026875
3 0.5241666666666667 0.4721875 0.012777777777777779 0.019375
3 0.43277777777777776 0.4715625 0.042222222222222223 0.046875
3 0.39111111111111113 0.480625 0.1 0.0675
3 0.30444444444444446 0.4821875 0.17333333333333334 0.088125
3 0.15722222222222224 0.49625 0.21 0.13125
11 0.7258333333333333 0.4828125 0.009444444444444445 0.021875
