12 0.7802777777777777 0.4640625 0.185 0.213125
12 0.7044444444444444 0.4190625 0.0077777777777777776 0.014375
3 0.5519444444444445 0.4596875 0.009444444444444445 0.009375
3 0.5380555555555555 0.463125 0.011666666666666667 0.0125
3 0.5394444444444444 0.4540625 0.008888888888888889 0.008125
3 0.5211111111111111 0.469375 0.025555555555555557 0.03125
3 0.44972222222222225 0.50625 0.16166666666666665 0.14375
3 0.3638888888888889 0.48375 0.04888888888888889 0.07
3 0.1963888888888889 0.518125 0.13277777777777777 0.1175
3 0.08388888888888889 0.5390625 0.16777777777777778 0.179375
1 0.6805555555555556 0.198125 0.021111111111111112 0.03125
