10 0.7577777777777778 0.2865625 0.024444444444444446 0.034375
10 0.43194444444444446 0.085 0.058333333333333334 0.115
10 0.4922222222222222 0.435625 0.0033333333333333335 0.005
10 0.47555555555555556 0.4259375 0.0033333333333333335 0.004375
10 0.42444444444444446 0.438125 0.0033333333333333335 0.00375
10 0.475 0.4434375 0.0044444444444444444 0.004375
10 0.7213888888888889 0.249375 0.02388888888888889 0.02875
12 0.7313888888888889 0.145625 0.06944444444444445 0.0275
8 0.36527777777777776 0.4465625 0.026111111111111113 0.023125
3 0.6958333333333333 0.4384375 0.09833333333333333 0.060625
3 0.3308333333333333 0.45375 0.025 0.02
3 0.39805555555555555 0.45 0.012777777777777779 0.01125
