12 0.6616666666666666 0.4375 0.008888888888888889 0.01
12 0.6486111111111111 0.435 0.013888888888888888 0.00625
12 0.6344444444444445 0.4396875 0.0033333333333333335 0.011875
12 0.5822222222222222 0.435 0.014444444444444444 0.00875
12 0.5813888888888888 0.4265625 0.015 0.008125
12 0.5802777777777778 0.44125 0.005 0.00375
12 0.5583333333333333 0.44125 0.0077777777777777776 0.00625
12 0.3427777777777778 0.445 0.006666666666666667 0.00875
1 0.014444444444444444 0.4978125 0.022222222222222223 0.060625
1 0.6780555555555555 0.4678125 0.012777777777777779 0.038125
1 0.6683333333333333 0.468125 0.008888888888888889 0.0375
1 0.6616666666666666 0.4696875 0.012222222222222223 0.039375
1 0.6522222222222223 0.4696875 0.011111111111111112 0.040625
1 0.6430555555555556 0.47 0.011666666666666667 0.04
1 0.6297222222222222 0.47125 0.010555555555555556 0.03625
1 0.6236111111111111 0.4684375 0.009444444444444445 0.028125
1 0.6161111111111112 0.4715625 0.008888888888888889 0.035625
1 0.5886111111111111 0.464375 0.007222222222222222 0.02
1 0.5675 0.4546875 0.006111111111111111 0.018125
1 0.5791666666666667 0.4671875 0.008333333333333333 0.021875
2 0.6052777777777778 0.4825 0.008333333333333333 0.015
2 0.5305555555555556 0.4653125 0.005555555555555556 0.009375
3 0.3516666666666667 0.480625 0.043333333333333335 0.03375
3 0.41333333333333333 0.45375 0.016666666666666666 0.01625
3 0.48694444444444446 0.4353125 0.005 0.004375
3 0.49194444444444446 0.444375 0.007222222222222222 0.00625
3 0.5072222222222222 0.445 0.0077777777777777776 0.0075
3 0.5033333333333333 0.4546875 0.015555555555555555 0.013125
3 0.48305555555555557 0.4496875 0.012777777777777779 0.009375
3 0.4866666666666667 0.48125 0.06444444444444444 0.05375
1 0.6058333333333333 0.4725 0.010555555555555556 0.025
1 0.5305555555555556 0.4578125 0.006666666666666667 0.013125
