12 0.07555555555555556 0.36875 0.015555555555555555 0.0275
12 0.3591666666666667 0.4340625 0.005 0.009375
12 0.6 0.4034375 0.008888888888888889 0.013125
12 0.5488888888888889 0.4125 0.014444444444444444 0.005
3 0.06138888888888889 0.471875 0.08944444444444444 0.04875
3 0.4033333333333333 0.4596875 0.025555555555555557 0.025625
3 0.4911111111111111 0.426875 0.012222222222222223 0.01125
3 0.49444444444444446 0.4375 0.014444444444444444 0.01125
3 0.5147222222222222 0.4615625 0.029444444444444443 0.029375
3 0.5563888888888889 0.4575 0.04722222222222222 0.06625
3 0.6125 0.4715625 0.11166666666666666 0.108125
3 0.8438888888888889 0.5184375 0.3111111111111111 0.274375
