10 0.018055555555555554 0.4028125 0.019444444444444445 0.019375
10 0.39166666666666666 0.438125 0.005555555555555556 0.0075
10 0.565 0.3853125 0.01888888888888889 0.023125
10 0.5691666666666667 0.32375 0.020555555555555556 0.02625
10 0.4761111111111111 0.4346875 0.005555555555555556 0.006875
10 0.8033333333333333 0.3121875 0.028888888888888888 0.058125
10 0.8108333333333333 0.3703125 0.019444444444444445 0.020625
12 0.4961111111111111 0.420625 0.0077777777777777776 0.01375
12 0.4955555555555556 0.4084375 0.006666666666666667 0.009375
12 0.8558333333333333 0.356875 0.035 0.01375
12 0.8061111111111111 0.3509375 0.023333333333333334 0.015625
12 0.5097222222222222 0.3953125 0.013888888888888888 0.019375
12 0.51 0.419375 0.0077777777777777776 0.0125
12 0.5630555555555555 0.429375 0.008333333333333333 0.01375
1 0.024444444444444446 0.4825 0.03111111111111111 0.06875
1 0.04611111111111111 0.47625 0.025555555555555557 0.0725
1 0.44416666666666665 0.4628125 0.028333333333333332 0.085625
1 0.5494444444444444 0.456875 0.024444444444444446 0.0675
1 0.6716666666666666 0.4590625 0.03222222222222222 0.096875
3 0.1925 0.4703125 0.06833333333333333 0.051875
3 0.4058333333333333 0.4571875 0.013888888888888888 0.011875
3 0.48305555555555557 0.4609375 0.04388888888888889 0.036875
