12 0.607177734375 0.5026041666666666 0.00537109375 0.009114583333333334
12 0.6064453125 0.4957682291666667 0.0068359375 0.0032552083333333335
1 0.584228515625 0.529296875 0.00830078125 0.036458333333333336
1 0.57568359375 0.5263671875 0.0078125 0.031901041666666664
3 0.1953125 0.6028645833333334 0.158203125 0.13020833333333334
3 0.274169921875 0.5738932291666666 0.10791015625 0.119140625
3 0.32763671875 0.5634765625 0.044921875 0.095703125
3 0.376708984375 0.5602213541666666 0.06396484375 0.06575520833333333
3 0.428955078125 0.5504557291666666 0.04736328125 0.048828125
3 0.44921875 0.5436197916666666 0.021484375 0.044270833333333336
3 0.45849609375 0.5413411458333334 0.0185546875 0.039713541666666664
3 0.556396484375 0.5315755208333334 0.02587890625 0.024088541666666668
3 0.4677734375 0.5354817708333334 0.01953125 0.043619791666666664
3 0.487060546875 0.5380859375 0.01318359375 0.027994791666666668
3 0.491943359375 0.5341796875 0.02001953125 0.029296875
3 0.496826171875 0.5302734375 0.02197265625 0.031901041666666664
3 0.510498046875 0.5289713541666666 0.01806640625 0.025390625
3 0.518310546875 0.5283203125 0.01416015625 0.022786458333333332
3 0.6064453125 0.5322265625 0.03125 0.033203125
3 0.673583984375 0.525390625 0.02783203125 0.0390625
3 0.89013671875 0.5250651041666666 0.15625 0.107421875
3 0.814208984375 0.5266927083333334 0.06201171875 0.10286458333333333
3 0.775634765625 0.53515625 0.05029296875 0.07682291666666667
3 0.736572265625 0.5240885416666666 0.04638671875 0.045572916666666664
1 0.370361328125 0.5638020833333334 0.02490234375 0.10416666666666667
1 0.478515625 0.5367838541666666 0.0126953125 0.042317708333333336
