1 0.09361111111111112 0.555 0.07166666666666667 0.24875
1 0.1613888888888889 0.5246875 0.045 0.158125
1 0.20083333333333334 0.518125 0.06388888888888888 0.17125
1 0.3552777777777778 0.4471875 0.012777777777777779 0.019375
1 0.3641666666666667 0.4459375 0.010555555555555556 0.018125
1 0.5133333333333333 0.4703125 0.023333333333333334 0.065625
1 0.4663888888888889 0.4475 0.01611111111111111 0.01875
1 0.4888888888888889 0.460625 0.015555555555555555 0.0425
1 0.6325 0.5190625 0.042777777777777776 0.184375
1 0.5986111111111111 0.50125 0.04388888888888889 0.17625
1 0.5808333333333333 0.4771875 0.025 0.121875
3 0.9352777777777778 0.549375 0.12833333333333333 0.19125
3 0.8480555555555556 0.506875 0.30277777777777776 0.21125
3 0.7363888888888889 0.50625 0.18611111111111112 0.12375
3 0.02666666666666667 0.5253125 0.05333333333333334 0.244375
3 0.21166666666666667 0.4796875 0.08 0.080625
3 0.09777777777777778 0.505 0.13444444444444445 0.12375
3 0.25527777777777777 0.4725 0.10055555555555555 0.08125
3 0.31444444444444447 0.465625 0.052222222222222225 0.0725
3 0.41388888888888886 0.5553125 0.22555555555555556 0.203125
