10 0.6566666666666666 0.3221875 0.013333333333333334 0.044375
10 0.835 0.3009375 0.017777777777777778 0.046875
10 0.8755555555555555 0.3634375 0.016666666666666666 0.019375
10 0.8405555555555555 0.363125 0.015555555555555555 0.02125
12 0.6625 0.3603125 0.035 0.010625
12 0.5336111111111111 0.385625 0.010555555555555556 0.01375
12 0.5333333333333333 0.3996875 0.0077777777777777776 0.010625
12 0.5336111111111111 0.409375 0.006111111111111111 0.00875
12 0.3225 0.4059375 0.007222222222222222 0.010625
2 0.9880555555555556 0.4503125 0.02277777777777778 0.053125
2 0.8375 0.4553125 0.075 0.048125
2 0.8330555555555555 0.451875 0.08611111111111111 0.05625
8 0.8430555555555556 0.3953125 0.075 0.038125
8 0.6319444444444444 0.4221875 0.05722222222222222 0.058125
8 0.6930555555555555 0.39875 0.07277777777777777 0.03625
3 0.36583333333333334 0.454375 0.07277777777777777 0.05875
3 0.3647222222222222 0.4275 0.06388888888888888 0.04125
3 0.4033333333333333 0.440625 0.02 0.04
3 0.4161111111111111 0.435 0.027777777777777776 0.04
3 0.4275 0.40875 0.011666666666666667 0.0125
3 0.4577777777777778 0.4071875 0.01 0.010625
3 0.45611111111111113 0.3884375 0.0077777777777777776 0.008125
3 0.4513888888888889 0.374375 0.005 0.005
3 0.5113888888888889 0.4378125 0.03722222222222222 0.036875
3 0.4897222222222222 0.4340625 0.018333333333333333 0.024375
3 0.48333333333333334 0.4221875 0.015555555555555555 0.018125
3 0.48055555555555557 0.416875 0.015555555555555555 0.01625
3 0.47583333333333333 0.4115625 0.011666666666666667 0.013125
1 0.8466666666666667 0.4353125 0.025555555555555557 0.086875
1 0.8175 0.4359375 0.02722222222222222 0.074375
11 0.1913888888888889 0.4621875 0.015 0.036875
