6 0.6168300653594772 0.52490234375 0.09477124183006536 0.0849609375
10 0.5592320261437909 0.509765625 0.005718954248366013 0.01171875
12 0.372140522875817 0.49267578125 0.015522875816993464 0.0146484375
12 0.5608660130718954 0.4775390625 0.012254901960784314 0.005859375
12 0.5600490196078431 0.48388671875 0.013888888888888888 0.0048828125
12 0.5592320261437909 0.49072265625 0.012254901960784314 0.0048828125
12 0.559640522875817 0.49658203125 0.011437908496732025 0.0048828125
12 0.5367647058823529 0.50048828125 0.004901960784313725 0.0185546875
1 0.9526143790849673 0.5537109375 0.03104575163398693 0.091796875
1 0.875 0.54736328125 0.026143790849673203 0.0810546875
1 0.7745098039215687 0.54248046875 0.0196078431372549 0.0517578125
1 0.6915849673202614 0.53662109375 0.012254901960784314 0.0537109375
1 0.4068627450980392 0.51611328125 0.004901960784313725 0.0166015625
1 0.41094771241830064 0.51611328125 0.004901960784313725 0.0146484375
1 0.3815359477124183 0.5234375 0.004901960784313725 0.017578125
1 0.31985294117647056 0.52099609375 0.008986928104575163 0.0205078125
4 0.34477124183006536 0.54150390625 0.02287581699346405 0.0361328125
3 0.5861928104575164 0.59765625 0.14297385620915032 0.138671875
3 0.5089869281045751 0.52099609375 0.021241830065359478 0.0205078125
3 0.49019607843137253 0.51708984375 0.014705882352941176 0.0107421875
3 0.4758986928104575 0.52099609375 0.018790849673202614 0.0166015625
3 0.43709150326797386 0.51708984375 0.024509803921568627 0.0185546875
