10 0.5516666666666666 0.4159375 0.0077777777777777776 0.019375
10 0.2811111111111111 0.4159375 0.01 0.023125
12 0.6555555555555556 0.3746875 0.04 0.033125
1 0.009166666666666667 0.4765625 0.018333333333333333 0.063125
1 0.6077777777777778 0.4553125 0.013333333333333334 0.030625
1 0.6213888888888889 0.4546875 0.009444444444444445 0.023125
1 0.6875 0.4428125 0.011666666666666667 0.018125
1 0.6725 0.4434375 0.010555555555555556 0.015625
1 0.6608333333333334 0.4428125 0.008333333333333333 0.015625
3 0.1713888888888889 0.511875 0.18722222222222223 0.12875
3 0.28555555555555556 0.486875 0.08333333333333333 0.07
3 0.33555555555555555 0.480625 0.04 0.0525
3 0.34694444444444444 0.4709375 0.05611111111111111 0.058125
3 0.48333333333333334 0.48125 0.06555555555555556 0.06
3 0.40194444444444444 0.46625 0.017222222222222222 0.01625
3 0.41555555555555557 0.46375 0.01 0.015
3 0.45416666666666666 0.464375 0.010555555555555556 0.0175
3 0.4477777777777778 0.4646875 0.006666666666666667 0.013125
3 0.4411111111111111 0.46375 0.01 0.01
