3 0.9911111111111112 0.4440625 0.016666666666666666 0.040625
3 0.9377777777777778 0.4459375 0.07333333333333333 0.050625
3 0.8586111111111111 0.4425 0.13833333333333334 0.0625
3 0.8369444444444445 0.4478125 0.10833333333333334 0.098125
3 0.7644444444444445 0.4503125 0.05444444444444444 0.046875
3 0.7297222222222223 0.4421875 0.05388888888888889 0.034375
3 0.6241666666666666 0.4359375 0.09055555555555556 0.060625
3 0.5458333333333333 0.4446875 0.10277777777777777 0.044375
3 0.4963888888888889 0.438125 0.10833333333333334 0.05375
3 0.32055555555555554 0.445 0.08333333333333333 0.035
3 0.2788888888888889 0.4440625 0.06555555555555556 0.038125
3 0.2608333333333333 0.440625 0.049444444444444444 0.0375
3 0.14555555555555555 0.4425 0.057777777777777775 0.0325
3 0.0030555555555555557 0.5528125 0.006111111111111111 0.025625
3 0.1461111111111111 0.5190625 0.042222222222222223 0.025625
