10 0.11611111111111111 0.451875 0.0044444444444444444 0.005
10 0.11611111111111111 0.4325 0.006666666666666667 0.01875
10 0.15138888888888888 0.4328125 0.009444444444444445 0.019375
10 0.14916666666666667 0.45125 0.006111111111111111 0.00625
10 0.14444444444444443 0.3403125 0.01 0.031875
10 0.24722222222222223 0.32 0.012222222222222223 0.03125
10 0.6261111111111111 0.39375 0.006666666666666667 0.01625
10 0.37 0.3584375 0.0077777777777777776 0.018125
10 0.4436111111111111 0.3590625 0.006111111111111111 0.019375
10 0.5677777777777778 0.41875 0.005555555555555556 0.0075
10 0.5619444444444445 0.38875 0.008333333333333333 0.0225
10 0.5730555555555555 0.38875 0.008333333333333333 0.025
10 0.5666666666666667 0.4053125 0.006666666666666667 0.008125
12 0.22666666666666666 0.3196875 0.02 0.023125
12 0.6358333333333334 0.3925 0.011666666666666667 0.02
12 0.3819444444444444 0.3571875 0.012777777777777779 0.014375
12 0.4716666666666667 0.3734375 0.034444444444444444 0.010625
12 0.5827777777777777 0.4134375 0.008888888888888889 0.011875
12 0.25416666666666665 0.4490625 0.011666666666666667 0.015625
12 0.2808333333333333 0.4390625 0.006111111111111111 0.009375
12 0.5133333333333333 0.42375 0.0077777777777777776 0.00875
12 0.5202777777777777 0.415625 0.007222222222222222 0.01
12 0.5205555555555555 0.4253125 0.006666666666666667 0.009375
12 0.5222222222222223 0.43625 0.005555555555555556 0.00625
12 0.5369444444444444 0.416875 0.011666666666666667 0.015
1 0.6438888888888888 0.43375 0.005555555555555556 0.02125
1 0.6294444444444445 0.434375 0.005555555555555556 0.02
2 0.6836111111111111 0.443125 0.02388888888888889 0.01875
3 0.14527777777777778 0.4615625 0.020555555555555556 0.010625
3 0.11833333333333333 0.459375 0.016666666666666666 0.0125
3 0.17333333333333334 0.4596875 0.012222222222222223 0.008125
3 0.23333333333333334 0.455625 0.012222222222222223 0.01
3 0.32611111111111113 0.4509375 0.015555555555555555 0.015625
3 0.31027777777777776 0.46875 0.050555555555555555 0.04125
3 0.34694444444444444 0.45125 0.01611111111111111 0.01625
3 0.37194444444444447 0.4528125 0.021666666666666667 0.019375
3 0.4177777777777778 0.4421875 0.008888888888888889 0.009375
3 0.4088888888888889 0.4453125 0.0077777777777777776 0.008125
3 0.4777777777777778 0.4578125 0.05333333333333334 0.050625
1 0.6861111111111111 0.435625 0.011111111111111112 0.0275
11 0.014166666666666666 0.5065625 0.007222222222222222 0.021875
