12 0.5855555555555556 0.4246875 0.016666666666666666 0.018125
2 0.35 0.47875 0.013333333333333334 0.02875
3 0.22166666666666668 0.4940625 0.07333333333333333 0.065625
3 0.2611111111111111 0.4884375 0.03777777777777778 0.053125
3 0.37777777777777777 0.4675 0.02666666666666667 0.0225
3 0.5122222222222222 0.46125 0.028888888888888888 0.03125
3 0.5483333333333333 0.4715625 0.027777777777777776 0.038125
3 0.5836111111111111 0.4678125 0.06277777777777778 0.063125
3 0.6063888888888889 0.4753125 0.07722222222222222 0.068125
3 0.6694444444444444 0.491875 0.10777777777777778 0.085
3 0.81 0.5059375 0.21333333333333335 0.176875
3 0.9177777777777778 0.516875 0.16333333333333333 0.24375
1 0.3502777777777778 0.46625 0.017222222222222222 0.045
3 0.13555555555555557 0.5034375 0.15666666666666668 0.098125
