10 0.04861111111111111 0.4501953125 0.008986928104575163 0.01171875
10 0.2369281045751634 0.28173828125 0.014705882352941176 0.0419921875
10 0.49959150326797386 0.44775390625 0.004084967320261438 0.0107421875
10 0.5796568627450981 0.451171875 0.004084967320261438 0.01171875
12 0.12377450980392157 0.4296875 0.022058823529411766 0.025390625
12 0.3684640522875817 0.44140625 0.0196078431372549 0.029296875
12 0.3492647058823529 0.4873046875 0.02369281045751634 0.0234375
12 0.508578431372549 0.44677734375 0.008986928104575163 0.0126953125
4 0.5416666666666666 0.478515625 0.008169934640522876 0.017578125
3 0.00980392156862745 0.49951171875 0.0196078431372549 0.0478515625
3 0.04738562091503268 0.4970703125 0.06535947712418301 0.044921875
3 0.10253267973856209 0.48876953125 0.06454248366013073 0.0517578125
3 0.1613562091503268 0.49365234375 0.06454248366013073 0.0458984375
3 0.2238562091503268 0.490234375 0.05065359477124183 0.03515625
3 0.2667483660130719 0.48681640625 0.041666666666666664 0.0263671875
3 0.3043300653594771 0.48291015625 0.03676470588235294 0.0263671875
3 0.3304738562091503 0.47802734375 0.018790849673202614 0.0146484375
3 0.34681372549019607 0.48388671875 0.03676470588235294 0.0185546875
3 0.3075980392156863 0.59716796875 0.2361111111111111 0.2001953125
3 0.5910947712418301 0.5419921875 0.11029411764705882 0.10546875
3 0.4550653594771242 0.4873046875 0.1111111111111111 0.1484375
3 0.5674019607843137 0.50439453125 0.05800653594771242 0.0537109375
3 0.556781045751634 0.486328125 0.028594771241830064 0.025390625
3 0.5106209150326797 0.482421875 0.027777777777777776 0.060546875
3 0.5249183006535948 0.48583984375 0.007352941176470588 0.0302734375
1 0.5416666666666666 0.474609375 0.008169934640522876 0.017578125
