12 0.700390625 0.400390625 0.02578125 0.00390625
1 0.96328125 0.7626953125 0.071875 0.46875
2 0.309375 0.55810546875 0.0375 0.0517578125
2 0.352734375 0.7587890625 0.11953125 0.24609375
3 0.602734375 0.4482421875 0.01640625 0.03125
3 0.5765625 0.4453125 0.015625 0.009765625
3 0.55546875 0.453125 0.028125 0.017578125
3 0.537890625 0.45458984375 0.01484375 0.0185546875
3 0.53359375 0.45703125 0.0125 0.015625
3 0.523828125 0.458984375 0.01953125 0.01953125
3 0.5046875 0.46240234375 0.028125 0.0224609375
3 0.469921875 0.46875 0.01484375 0.029296875
3 0.483984375 0.46533203125 0.02265625 0.0263671875
3 0.45390625 0.4677734375 0.0328125 0.037109375
3 0.44140625 0.4736328125 0.03125 0.033203125
3 0.41171875 0.48046875 0.040625 0.041015625
3 0.365625 0.5068359375 0.0390625 0.064453125
3 0.3140625 0.4970703125 0.0671875 0.06640625
3 0.29375 0.51123046875 0.0453125 0.0693359375
3 0.24921875 0.53759765625 0.0921875 0.1220703125
3 0.188671875 0.568359375 0.14609375 0.154296875
3 0.035546875 0.6708984375 0.07109375 0.201171875
3 0.583984375 0.47119140625 0.03359375 0.0439453125
3 0.56875 0.48046875 0.0390625 0.041015625
3 0.68515625 0.45947265625 0.03125 0.0380859375
3 0.6921875 0.4638671875 0.0171875 0.033203125
3 0.609375 0.52880859375 0.0578125 0.0810546875
3 0.6703125 0.533203125 0.1109375 0.109375
3 0.6984375 0.56689453125 0.1328125 0.1259765625
3 0.80625 0.60888671875 0.203125 0.1767578125
1 0.31015625 0.5283203125 0.034375 0.083984375
1 0.351953125 0.66748046875 0.11328125 0.2861328125
3 0.756640625 0.455078125 0.11171875 0.046875
