12 0.735595703125 0.4755859375 0.02490234375 0.027994791666666668
12 0.736083984375 0.4934895833333333 0.01123046875 0.0078125
12 0.7353515625 0.4527994791666667 0.0263671875 0.008463541666666666
12 0.51416015625 0.5013020833333334 0.013671875 0.015625
1 0.477294921875 0.5755208333333334 0.02294921875 0.07291666666666667
1 0.455322265625 0.5716145833333334 0.02099609375 0.08463541666666667
1 0.656494140625 0.5859375 0.02197265625 0.12369791666666667
3 0.103271484375 0.6298828125 0.14599609375 0.2662760416666667
3 0.266357421875 0.6097005208333334 0.15087890625 0.12955729166666666
3 0.350341796875 0.5856119791666666 0.08447265625 0.10611979166666667
3 0.400146484375 0.587890625 0.03466796875 0.07682291666666667
3 0.422607421875 0.580078125 0.06201171875 0.07161458333333333
3 0.787109375 0.6227213541666666 0.1259765625 0.166015625
3 0.596923828125 0.5556640625 0.03662109375 0.034505208333333336
1 0.71630859375 0.5979817708333334 0.064453125 0.21940104166666666
1 0.643310546875 0.5784505208333334 0.03759765625 0.14778645833333334
37 0.727294921875 0.7177734375 0.02099609375 0.018880208333333332
37 0.64453125 0.6526692708333334 0.009765625 0.009765625
