10 0.79931640625 0.5081380208333334 0.0078125 0.025390625
10 0.653076171875 0.5237630208333334 0.00732421875 0.020182291666666668
10 0.427490234375 0.5205078125 0.01611328125 0.024088541666666668
12 0.90087890625 0.4739583333333333 0.041015625 0.040364583333333336
12 0.9033203125 0.5699869791666666 0.0166015625 0.030598958333333332
12 0.727294921875 0.6194661458333334 0.04248046875 0.052734375
12 0.654296875 0.5406901041666666 0.0107421875 0.012369791666666666
1 0.738525390625 0.5631510416666666 0.01416015625 0.032552083333333336
1 0.37060546875 0.5423177083333334 0.009765625 0.036458333333333336
1 0.77685546875 0.5651041666666666 0.0224609375 0.026041666666666668
2 0.672607421875 0.6344401041666666 0.02685546875 0.06575520833333333
3 0.54248046875 0.6295572916666666 0.12890625 0.13541666666666666
3 0.529296875 0.5546875 0.03125 0.015625
3 0.4248046875 0.5940755208333334 0.08984375 0.09440104166666667
1 0.676513671875 0.6064453125 0.02783203125 0.103515625
