10 0.556781045751634 0.4814453125 0.0024509803921568627 0.009765625
10 0.5788398692810458 0.4794921875 0.0024509803921568627 0.009765625
10 0.6188725490196079 0.50048828125 0.005718954248366013 0.0166015625
10 0.6270424836601307 0.4736328125 0.004084967320261438 0.009765625
10 0.6229575163398693 0.43603515625 0.007352941176470588 0.0283203125
10 0.6413398692810458 0.4794921875 0.004901960784313725 0.01171875
10 0.37459150326797386 0.458984375 0.010620915032679739 0.025390625
10 0.37459150326797386 0.52685546875 0.007352941176470588 0.0205078125
12 0.9566993464052288 0.484375 0.06209150326797386 0.021484375
12 0.9599673202614379 0.46240234375 0.06699346405228758 0.0224609375
12 0.9599673202614379 0.44140625 0.06535947712418301 0.017578125
12 0.9607843137254902 0.42138671875 0.06699346405228758 0.0224609375
12 0.5559640522875817 0.4912109375 0.005718954248366013 0.005859375
12 0.39828431372549017 0.50537109375 0.007352941176470588 0.0107421875
12 0.3737745098039216 0.5087890625 0.015522875816993464 0.0078125
12 0.3737745098039216 0.4833984375 0.02042483660130719 0.0234375
1 0.198937908496732 0.52587890625 0.02696078431372549 0.0361328125
1 0.1642156862745098 0.5302734375 0.021241830065359478 0.03125
4 0.30392156862745096 0.55859375 0.07352941176470588 0.076171875
3 0.47549019607843135 0.52685546875 0.021241830065359478 0.0283203125
3 0.4485294117647059 0.51611328125 0.03594771241830065 0.0205078125
3 0.49836601307189543 0.52099609375 0.024509803921568627 0.0244140625
3 0.5073529411764706 0.53125 0.032679738562091505 0.03515625
3 0.5171568627450981 0.54150390625 0.024509803921568627 0.0419921875
3 0.4554738562091503 0.55126953125 0.061274509803921566 0.0537109375
3 0.4256535947712418 0.54052734375 0.08006535947712418 0.0146484375
3 0.545751633986928 0.5498046875 0.05555555555555555 0.0625
3 0.5735294117647058 0.5458984375 0.06699346405228758 0.03515625
3 0.17687908496732027 0.62451171875 0.2508169934640523 0.1904296875
3 0.3999183006535948 0.65478515625 0.22140522875816993 0.2197265625
3 0.5898692810457516 0.5888671875 0.10947712418300654 0.10546875
3 0.7479575163398693 0.6220703125 0.25735294117647056 0.236328125
3 0.8790849673202614 0.77734375 0.24019607843137256 0.443359375
