12 0.6041666666666666 0.421875 0.017222222222222222 0.02125
12 0.605 0.4375 0.008888888888888889 0.01
12 0.40944444444444444 0.4390625 0.0077777777777777776 0.013125
12 0.4752777777777778 0.4375 0.005 0.00625
12 0.2897222222222222 0.4340625 0.011666666666666667 0.029375
12 0.30694444444444446 0.4378125 0.005 0.013125
1 0.3322222222222222 0.4721875 0.01 0.036875
3 0.9347222222222222 0.439375 0.12944444444444445 0.0975
3 0.8427777777777777 0.445625 0.09888888888888889 0.0825
3 0.5758333333333333 0.4725 0.049444444444444444 0.04875
3 0.47055555555555556 0.4553125 0.016666666666666666 0.013125
3 0.44583333333333336 0.458125 0.020555555555555556 0.02
3 0.385 0.4740625 0.06888888888888889 0.059375
3 0.28055555555555556 0.4825 0.0811111111111111 0.065
3 0.5072222222222222 0.4465625 0.02666666666666667 0.013125
3 0.45416666666666666 0.451875 0.011666666666666667 0.0125
