12 0.5141666666666667 0.4340625 0.007222222222222222 0.008125
3 0.09555555555555556 0.5128125 0.14444444444444443 0.100625
3 0.19055555555555556 0.4884375 0.09 0.080625
3 0.25305555555555553 0.4778125 0.07166666666666667 0.073125
3 0.29833333333333334 0.479375 0.024444444444444446 0.045
3 0.31666666666666665 0.4725 0.04 0.0425
3 0.35055555555555556 0.47125 0.03111111111111111 0.02875
3 0.405 0.466875 0.028888888888888888 0.025
3 0.38083333333333336 0.46625 0.025 0.02
3 0.42444444444444446 0.455625 0.016666666666666666 0.01375
3 0.4658333333333333 0.4621875 0.020555555555555556 0.018125
3 0.48388888888888887 0.46125 0.017777777777777778 0.015
3 0.5155555555555555 0.4646875 0.03333333333333333 0.038125
3 0.5202777777777777 0.46875 0.021666666666666667 0.03125
3 0.5444444444444444 0.466875 0.042222222222222223 0.04875
3 0.5480555555555555 0.474375 0.028333333333333332 0.04375
3 0.5852777777777778 0.475 0.06944444444444445 0.07
3 0.6077777777777778 0.4871875 0.07 0.074375
3 0.66 0.4971875 0.10888888888888888 0.094375
3 0.7905555555555556 0.513125 0.23333333333333334 0.14875
