10 0.17888888888888888 0.333125 0.011111111111111112 0.03625
10 0.8463888888888889 0.329375 0.011666666666666667 0.0375
10 0.8291666666666667 0.3303125 0.015 0.035625
10 0.8702777777777778 0.3584375 0.019444444444444445 0.020625
12 0.20333333333333334 0.3528125 0.013333333333333334 0.023125
12 0.6555555555555556 0.369375 0.0077777777777777776 0.01375
12 0.8741666666666666 0.34125 0.035 0.0125
1 0.7288888888888889 0.430625 0.017777777777777778 0.06875
1 0.7538888888888889 0.42875 0.025555555555555557 0.07875
1 0.8041666666666667 0.43875 0.029444444444444443 0.11125
1 0.8522222222222222 0.43875 0.03666666666666667 0.105
3 0.39444444444444443 0.429375 0.014444444444444444 0.025
3 0.37916666666666665 0.429375 0.02277777777777778 0.0325
3 0.35333333333333333 0.43 0.035555555555555556 0.04
3 0.3472222222222222 0.433125 0.024444444444444446 0.0425
3 0.315 0.429375 0.06111111111111111 0.06125
3 0.19972222222222222 0.4784375 0.20944444444444443 0.151875
3 0.03305555555555555 0.43 0.03944444444444444 0.0325
3 0.052222222222222225 0.428125 0.021111111111111112 0.03
3 0.13694444444444445 0.4225 0.04388888888888889 0.025
3 0.6169444444444444 0.4384375 0.05722222222222222 0.056875
3 0.42444444444444446 0.4190625 0.03333333333333333 0.024375
3 0.5027777777777778 0.5275 0.2822222222222222 0.24
3 0.9913888888888889 0.453125 0.01611111111111111 0.04625
11 0.7102777777777778 0.448125 0.012777777777777779 0.03625
