6 0.6184640522875817 0.3837890625 0.04411764705882353 0.078125
10 0.3737745098039216 0.3203125 0.010620915032679739 0.033203125
10 0.38112745098039214 0.326171875 0.008986928104575163 0.03515625
10 0.6356209150326797 0.34033203125 0.011437908496732025 0.0361328125
10 0.5714869281045751 0.36328125 0.007352941176470588 0.021484375
10 0.9170751633986928 0.373046875 0.010620915032679739 0.029296875
10 0.9044117647058824 0.37158203125 0.008169934640522876 0.0224609375
10 0.8790849673202614 0.37158203125 0.011437908496732025 0.0263671875
10 0.8223039215686274 0.36181640625 0.012254901960784314 0.0224609375
12 0.36887254901960786 0.3515625 0.008986928104575163 0.009765625
12 0.45465686274509803 0.32763671875 0.012254901960784314 0.0224609375
12 0.45383986928104575 0.3681640625 0.004084967320261438 0.009765625
12 0.45302287581699346 0.3759765625 0.007352941176470588 0.005859375
12 0.4522058823529412 0.3828125 0.004084967320261438 0.0078125
12 0.5 0.361328125 0.004901960784313725 0.0078125
12 0.4991830065359477 0.37548828125 0.004901960784313725 0.0068359375
12 0.4987745098039216 0.38134765625 0.0024509803921568627 0.0048828125
12 0.37050653594771243 0.39306640625 0.004084967320261438 0.0126953125
12 0.6237745098039216 0.4189453125 0.008986928104575163 0.02734375
12 0.6315359477124183 0.42529296875 0.00980392156862745 0.0302734375
2 0.014297385620915032 0.48583984375 0.028594771241830064 0.1650390625
2 0.38643790849673204 0.419921875 0.017973856209150325 0.044921875
2 0.4424019607843137 0.4208984375 0.02042483660130719 0.04296875
8 0.6633986928104575 0.3857421875 0.04084967320261438 0.033203125
3 0.3272058823529412 0.40087890625 0.056372549019607844 0.0439453125
3 0.5040849673202614 0.40869140625 0.049019607843137254 0.0341796875
3 0.565359477124183 0.4306640625 0.08496732026143791 0.091796875
3 0.8521241830065359 0.41455078125 0.17320261437908496 0.0771484375
3 0.7120098039215687 0.40087890625 0.14787581699346405 0.0869140625
1 0.2798202614379085 0.4921875 0.12173202614379085 0.26171875
1 0.3860294117647059 0.4072265625 0.018790849673202614 0.060546875
1 0.44199346405228757 0.41015625 0.0196078431372549 0.064453125
