12 0.8027777777777778 0.1825 0.023333333333333334 0.0925
12 0.021111111111111112 0.4065625 0.02 0.015625
1 0.6733333333333333 0.48875 0.013333333333333334 0.05375
1 0.6275 0.4840625 0.020555555555555556 0.108125
1 0.6080555555555556 0.4875 0.041666666666666664 0.105
1 0.5611111111111111 0.47625 0.022222222222222223 0.08625
1 0.45 0.4940625 0.03111111111111111 0.076875
1 0.40055555555555555 0.493125 0.035555555555555556 0.08
1 0.3838888888888889 0.4928125 0.03 0.078125
1 0.3541666666666667 0.493125 0.03277777777777778 0.07625
1 0.3055555555555556 0.4775 0.028888888888888888 0.09875
1 0.2713888888888889 0.4909375 0.021666666666666667 0.056875
1 0.25055555555555553 0.4825 0.03 0.09875
1 0.2247222222222222 0.481875 0.030555555555555555 0.1075
1 0.32916666666666666 0.46875 0.018333333333333333 0.04875
1 0.27444444444444444 0.473125 0.01 0.045
1 0.1836111111111111 0.47125 0.012777777777777779 0.0525
1 0.1713888888888889 0.4734375 0.011666666666666667 0.046875
1 0.1613888888888889 0.479375 0.007222222222222222 0.03875
1 0.1175 0.4759375 0.017222222222222222 0.058125
1 0.013333333333333334 0.48625 0.02666666666666667 0.06875
1 0.011111111111111112 0.4525 0.011111111111111112 0.025
1 0.034166666666666665 0.455 0.01611111111111111 0.0275
1 0.29527777777777775 0.4728125 0.008333333333333333 0.045625
