10 0.708203125 0.4384765625 0.00546875 0.015625
10 0.661328125 0.40869140625 0.00546875 0.0166015625
10 0.48125 0.4443359375 0.0046875 0.013671875
10 0.5390625 0.3984375 0.00625 0.01953125
10 0.586328125 0.388671875 0.00390625 0.01171875
10 0.5046875 0.4521484375 0.009375 0.015625
10 0.5671875 0.4208984375 0.00625 0.009765625
10 0.595703125 0.44287109375 0.00703125 0.0107421875
10 0.7078125 0.453125 0.00625 0.009765625
12 0.683203125 0.41748046875 0.02109375 0.0068359375
12 0.5765625 0.39013671875 0.0125 0.0087890625
12 0.623046875 0.45361328125 0.00703125 0.0107421875
12 0.738671875 0.435546875 0.01015625 0.015625
12 0.739453125 0.44921875 0.00703125 0.01171875
3 0.308203125 0.5234375 0.07734375 0.06640625
3 0.373828125 0.5146484375 0.05078125 0.041015625
3 0.446875 0.49609375 0.0421875 0.041015625
3 0.630078125 0.46923828125 0.02109375 0.0205078125
3 0.733203125 0.49267578125 0.02890625 0.0341796875
3 0.76015625 0.4990234375 0.0453125 0.046875
3 0.78515625 0.5107421875 0.0546875 0.048828125
