12 0.6447222222222222 0.3871875 0.025 0.028125
12 0.37527777777777777 0.4309375 0.01611111111111111 0.018125
12 0.39361111111111113 0.4375 0.006111111111111111 0.01
3 0.9408333333333333 0.57875 0.11722222222222223 0.2325
3 0.8533333333333334 0.5190625 0.2922222222222222 0.205625
3 0.6733333333333333 0.4759375 0.1411111111111111 0.116875
3 0.5433333333333333 0.4659375 0.035555555555555556 0.031875
3 0.5208333333333334 0.464375 0.017222222222222222 0.0225
3 0.2791666666666667 0.4878125 0.115 0.094375
3 0.42027777777777775 0.476875 0.03388888888888889 0.0275
3 0.4452777777777778 0.473125 0.01611111111111111 0.01875
3 0.4288888888888889 0.4721875 0.023333333333333334 0.024375
3 0.47444444444444445 0.46625 0.008888888888888889 0.01
3 0.4688888888888889 0.468125 0.0077777777777777776 0.01
