12 0.5015625 0.44482421875 0.00625 0.0068359375
3 0.949609375 0.87451171875 0.09921875 0.2490234375
3 0.866015625 0.70654296875 0.26640625 0.3583984375
3 0.745703125 0.62841796875 0.17265625 0.1982421875
3 0.694140625 0.587890625 0.13828125 0.140625
3 0.63125 0.541015625 0.103125 0.099609375
3 0.587109375 0.52490234375 0.08046875 0.0830078125
3 0.5796875 0.4951171875 0.071875 0.056640625
3 0.543359375 0.49462890625 0.03359375 0.0439453125
3 0.54140625 0.48681640625 0.0359375 0.0439453125
3 0.522265625 0.48486328125 0.02265625 0.0439453125
3 0.51171875 0.4755859375 0.0203125 0.03125
3 0.496484375 0.46630859375 0.01328125 0.0205078125
3 0.473046875 0.46630859375 0.01796875 0.0205078125
3 0.4625 0.46142578125 0.00625 0.0107421875
3 0.0453125 0.65771484375 0.090625 0.2470703125
3 0.0921875 0.5166015625 0.090625 0.05859375
3 0.1421875 0.49169921875 0.1390625 0.0947265625
3 0.236328125 0.50146484375 0.05546875 0.0458984375
3 0.315234375 0.53076171875 0.07734375 0.0791015625
3 0.25 0.48779296875 0.0625 0.0458984375
3 0.31484375 0.486328125 0.0640625 0.02734375
3 0.32578125 0.47998046875 0.05 0.0283203125
3 0.373828125 0.47216796875 0.03671875 0.0205078125
3 0.371875 0.4775390625 0.0234375 0.0234375
3 0.412109375 0.478515625 0.02265625 0.0234375
3 0.428125 0.4716796875 0.0140625 0.015625
3 0.439453125 0.46728515625 0.01015625 0.0126953125
3 0.445703125 0.46435546875 0.00703125 0.0126953125
3 0.449609375 0.46142578125 0.01015625 0.0107421875
3 0.489453125 0.46435546875 0.00859375 0.0146484375
1 0.4359375 0.470703125 0.0046875 0.017578125
