12 0.9865196078431373 0.30224609375 0.025326797385620915 0.0556640625
12 0.9595588235294118 0.349609375 0.07924836601307189 0.041015625
12 0.8480392156862745 0.4169921875 0.0392156862745098 0.029296875
12 0.8480392156862745 0.3740234375 0.017973856209150325 0.05859375
12 0.7540849673202614 0.41796875 0.06535947712418301 0.017578125
12 0.5772058823529411 0.517578125 0.025326797385620915 0.029296875
12 0.007352941176470588 0.5791015625 0.014705882352941176 0.078125
12 0.0625 0.5693359375 0.07434640522875817 0.03125
3 0.9375 0.50244140625 0.12336601307189543 0.0673828125
3 0.3333333333333333 0.50732421875 0.05718954248366013 0.0478515625
