12 0.7177777777777777 0.4746875 0.02 0.018125
12 0.7144444444444444 0.455625 0.017777777777777778 0.0075
12 0.2902777777777778 0.475625 0.015 0.01625
1 0.11277777777777778 0.47875 0.03333333333333333 0.095
3 0.07972222222222222 0.475625 0.13055555555555556 0.0775
3 0.34194444444444444 0.48875 0.02277777777777778 0.01875
3 0.3775 0.485 0.04611111111111111 0.03875
3 0.6286111111111111 0.4746875 0.10722222222222222 0.114375
3 0.47444444444444445 0.4846875 0.016666666666666666 0.021875
3 0.5036111111111111 0.48 0.04388888888888889 0.03625
3 0.9413888888888889 0.481875 0.11611111111111111 0.09125
3 0.45222222222222225 0.4875 0.02666666666666667 0.01875
