10 0.7050653594771242 0.36572265625 0.013071895424836602 0.0341796875
12 0.7071078431372549 0.39697265625 0.02042483660130719 0.0244140625
1 0.7598039215686274 0.4794921875 0.03104575163398693 0.103515625
1 0.7851307189542484 0.46484375 0.032679738562091505 0.099609375
1 0.7320261437908496 0.462890625 0.02287581699346405 0.076171875
1 0.7463235294117647 0.4560546875 0.015522875816993464 0.0625
1 0.7201797385620915 0.4501953125 0.012254901960784314 0.04296875
1 0.6919934640522876 0.44140625 0.00980392156862745 0.03125
1 0.7009803921568627 0.4404296875 0.008169934640522876 0.03125
1 0.5857843137254902 0.4365234375 0.006535947712418301 0.017578125
1 0.6854575163398693 0.431640625 0.004901960784313725 0.017578125
2 0.826797385620915 0.69921875 0.12908496732026145 0.294921875
2 0.4456699346405229 0.484375 0.012254901960784314 0.03125
4 0.6156045751633987 0.53369140625 0.04330065359477124 0.0869140625
3 0.07761437908496732 0.76123046875 0.15522875816993464 0.4208984375
3 0.9803921568627451 0.48291015625 0.03758169934640523 0.0947265625
3 0.9477124183006536 0.462890625 0.10294117647058823 0.0859375
3 0.9101307189542484 0.45703125 0.10130718954248366 0.0703125
3 0.8880718954248366 0.435546875 0.04084967320261438 0.037109375
3 0.6482843137254902 0.43798828125 0.018790849673202614 0.0185546875
3 0.6380718954248366 0.44287109375 0.03104575163398693 0.0166015625
3 0.6303104575163399 0.4814453125 0.06944444444444445 0.072265625
3 0.6535947712418301 0.41357421875 0.008169934640522876 0.0087890625
3 0.6294934640522876 0.41162109375 0.010620915032679739 0.0107421875
3 0.6184640522875817 0.41015625 0.013071895424836602 0.01171875
3 0.6074346405228758 0.41015625 0.013888888888888888 0.015625
3 0.5959967320261438 0.4111328125 0.008986928104575163 0.009765625
1 0.6160130718954249 0.49072265625 0.04411764705882353 0.0830078125
1 0.8304738562091504 0.61572265625 0.13480392156862744 0.3564453125
1 0.44485294117647056 0.4716796875 0.01715686274509804 0.044921875
