10 0.2927777777777778 0.3515625 0.021111111111111112 0.048125
10 0.30277777777777776 0.355 0.014444444444444444 0.05125
10 0.5677777777777778 0.2253125 0.023333333333333334 0.054375
10 0.745 0.3828125 0.014444444444444444 0.016875
10 0.7452777777777778 0.3321875 0.019444444444444445 0.054375
12 0.6302777777777778 0.4196875 0.008333333333333333 0.011875
1 0.23472222222222222 0.4415625 0.011666666666666667 0.026875
1 0.2788888888888889 0.4590625 0.013333333333333334 0.053125
1 0.2675 0.465625 0.018333333333333333 0.0575
1 0.3441666666666667 0.458125 0.012777777777777779 0.04125
1 0.7072222222222222 0.4471875 0.008888888888888889 0.019375
1 0.9738888888888889 0.4446875 0.017777777777777778 0.079375
1 0.9472222222222222 0.4521875 0.02 0.069375
2 0.03722222222222222 0.5015625 0.07444444444444444 0.064375
2 0.31555555555555553 0.4778125 0.01888888888888889 0.036875
2 0.6322222222222222 0.46625 0.015555555555555555 0.03375
2 0.655 0.4665625 0.012222222222222223 0.031875
2 0.7175 0.4646875 0.018333333333333333 0.040625
2 0.9597222222222223 0.45875 0.06055555555555556 0.05125
3 0.9552777777777778 0.640625 0.08833333333333333 0.2575
3 0.3313888888888889 0.4596875 0.015 0.025625
3 0.35583333333333333 0.4603125 0.017222222222222222 0.026875
3 0.4236111111111111 0.469375 0.018333333333333333 0.0375
3 0.3869444444444444 0.465625 0.0661111111111111 0.06
3 0.5227777777777778 0.4565625 0.025555555555555557 0.039375
3 0.49277777777777776 0.459375 0.05555555555555555 0.05125
3 0.47583333333333333 0.4734375 0.085 0.056875
1 0.035 0.48 0.04111111111111111 0.08375
1 0.45611111111111113 0.445625 0.012222222222222223 0.0175
1 0.6322222222222222 0.454375 0.015555555555555555 0.04375
1 0.655 0.455625 0.012222222222222223 0.04625
