12 0.1046875 0.49072265625 0.01875 0.0302734375
1 0.38125 0.4697265625 0.0078125 0.025390625
2 0.4140625 0.47900390625 0.00625 0.0205078125
3 0.8703125 0.66943359375 0.2578125 0.2978515625
3 0.7421875 0.6083984375 0.14375 0.177734375
3 0.678125 0.5732421875 0.11875 0.126953125
3 0.605859375 0.521484375 0.08359375 0.080078125
3 0.58046875 0.5126953125 0.0609375 0.0703125
3 0.55390625 0.498046875 0.05 0.0546875
3 0.538671875 0.490234375 0.03203125 0.046875
3 0.540234375 0.47998046875 0.04609375 0.0458984375
3 0.51875 0.474609375 0.0203125 0.03125
3 0.515234375 0.4697265625 0.03046875 0.0390625
3 0.49609375 0.4609375 0.0109375 0.021484375
3 0.490625 0.45654296875 0.0078125 0.0185546875
3 0.484375 0.45263671875 0.0078125 0.0166015625
3 0.480078125 0.44921875 0.00703125 0.009765625
3 0.466796875 0.4541015625 0.01640625 0.017578125
3 0.45234375 0.4462890625 0.0046875 0.009765625
3 0.44765625 0.44873046875 0.0078125 0.0087890625
3 0.439453125 0.453125 0.00859375 0.009765625
3 0.43359375 0.45654296875 0.009375 0.0126953125
3 0.4234375 0.46533203125 0.0171875 0.0205078125
3 0.3953125 0.45947265625 0.0109375 0.0146484375
3 0.36953125 0.4658203125 0.0375 0.021484375
3 0.30390625 0.4599609375 0.05625 0.041015625
3 0.35546875 0.48876953125 0.0390625 0.0478515625
3 0.33671875 0.498046875 0.05 0.048828125
3 0.298828125 0.48486328125 0.03359375 0.0380859375
3 0.282421875 0.48095703125 0.01484375 0.0400390625
3 0.25078125 0.54150390625 0.0890625 0.0771484375
3 0.148828125 0.572265625 0.13671875 0.150390625
3 0.076171875 0.62060546875 0.15234375 0.1611328125
3 0.0515625 0.5224609375 0.103125 0.080078125
1 0.413671875 0.4658203125 0.00859375 0.02734375
