1 0.21611111111111111 0.441875 0.008888888888888889 0.03
1 0.23 0.4478125 0.02 0.056875
1 0.25416666666666665 0.45125 0.019444444444444445 0.05625
1 0.29694444444444446 0.4625 0.017222222222222222 0.05125
1 0.30833333333333335 0.4565625 0.015555555555555555 0.039375
1 0.1875 0.435625 0.008333333333333333 0.0175
1 0.43916666666666665 0.47375 0.05388888888888889 0.12875
1 0.4775 0.5009375 0.029444444444444443 0.081875
1 0.8261111111111111 0.4896875 0.03222222222222222 0.195625
1 0.7494444444444445 0.4925 0.056666666666666664 0.19375
1 0.2038888888888889 0.4390625 0.01 0.036875
3 0.14222222222222222 0.4665625 0.1 0.124375
3 0.07611111111111112 0.5196875 0.15222222222222223 0.239375
