10 0.11356209150326797 0.4716796875 0.004901960784313725 0.017578125
10 0.3190359477124183 0.46630859375 0.005718954248366013 0.0166015625
10 0.35375816993464054 0.43212890625 0.008169934640522876 0.0263671875
10 0.4293300653594771 0.49609375 0.008986928104575163 0.03125
10 0.4150326797385621 0.32275390625 0.017973856209150325 0.0693359375
10 0.7120098039215687 0.45556640625 0.005718954248366013 0.0205078125
10 0.883578431372549 0.4912109375 0.008986928104575163 0.03125
10 0.22549019607843138 0.4609375 0.004901960784313725 0.017578125
10 0.8962418300653595 0.34912109375 0.0196078431372549 0.0537109375
10 0.3758169934640523 0.41455078125 0.014705882352941176 0.0361328125
10 0.34763071895424835 0.416015625 0.010620915032679739 0.033203125
12 0.28431372549019607 0.478515625 0.014705882352941176 0.013671875
12 0.28431372549019607 0.4677734375 0.014705882352941176 0.005859375
12 0.2839052287581699 0.4541015625 0.018790849673202614 0.021484375
12 0.30718954248366015 0.4755859375 0.008169934640522876 0.009765625
12 0.3206699346405229 0.48583984375 0.008986928104575163 0.0107421875
12 0.3472222222222222 0.46142578125 0.00980392156862745 0.0205078125
12 0.5972222222222222 0.4775390625 0.00980392156862745 0.015625
12 0.7124183006535948 0.4736328125 0.011437908496732025 0.013671875
1 0.16339869281045752 0.51904296875 0.011437908496732025 0.0361328125
1 0.22998366013071894 0.51953125 0.02042483660130719 0.0625
1 0.15604575163398693 0.51220703125 0.006535947712418301 0.0205078125
1 0.17565359477124182 0.51416015625 0.006535947712418301 0.0185546875
1 0.19444444444444445 0.513671875 0.006535947712418301 0.017578125
8 0.013888888888888888 0.52001953125 0.027777777777777776 0.1572265625
8 0.30187908496732024 0.50732421875 0.028594771241830064 0.0341796875
4 0.9391339869281046 0.56591796875 0.09722222222222222 0.0966796875
4 0.39501633986928103 0.5341796875 0.04003267973856209 0.046875
3 0.08823529411764706 0.52978515625 0.08333333333333333 0.0654296875
3 0.2757352941176471 0.5185546875 0.025326797385620915 0.025390625
3 0.44362745098039214 0.54248046875 0.1111111111111111 0.0849609375
3 0.5388071895424836 0.5478515625 0.19526143790849673 0.107421875
3 0.9530228758169934 0.515625 0.0923202614379085 0.068359375
3 0.8316993464052288 0.5185546875 0.03758169934640523 0.037109375
3 0.7822712418300654 0.529296875 0.08251633986928104 0.06640625
3 0.744281045751634 0.51904296875 0.03758169934640523 0.0439453125
3 0.6915849673202614 0.5029296875 0.015522875816993464 0.013671875
3 0.7892156862745098 0.48681640625 0.027777777777777776 0.0185546875
3 0.7254901960784313 0.501953125 0.024509803921568627 0.01953125
1 0.951797385620915 0.54443359375 0.05228758169934641 0.1005859375
1 0.4040032679738562 0.5126953125 0.02369281045751634 0.041015625
