12 0.5975 0.445625 0.010555555555555556 0.015
12 0.5986111111111111 0.455625 0.006111111111111111 0.005
12 0.45555555555555555 0.45375 0.006666666666666667 0.0125
12 0.5083333333333333 0.4509375 0.0044444444444444444 0.006875
1 0.8847222222222222 0.5484375 0.04833333333333333 0.083125
1 0.05638888888888889 0.481875 0.021666666666666667 0.0425
3 0.9813888888888889 0.4384375 0.03611111111111111 0.058125
3 0.7283333333333334 0.498125 0.15777777777777777 0.13125
3 0.6483333333333333 0.4884375 0.06666666666666667 0.096875
3 0.5780555555555555 0.478125 0.030555555555555555 0.03125
3 0.53 0.4721875 0.06111111111111111 0.028125
3 0.49027777777777776 0.465 0.015 0.01125
3 0.46 0.479375 0.034444444444444444 0.03375
3 0.3972222222222222 0.483125 0.04555555555555556 0.03625
3 0.31527777777777777 0.4990625 0.07722222222222222 0.056875
3 0.1297222222222222 0.516875 0.20277777777777778 0.135
