10 0.16789215686274508 0.451171875 0.02369281045751634 0.0390625
12 0.15359477124183007 0.369140625 0.05065359477124183 0.029296875
12 0.1556372549019608 0.29736328125 0.06454248366013073 0.1142578125
12 0.30718954248366015 0.39697265625 0.05718954248366013 0.0498046875
12 0.3088235294117647 0.3369140625 0.05392156862745098 0.0703125
1 0.09967320261437909 0.50830078125 0.026143790849673203 0.0654296875
1 0.35784313725490197 0.517578125 0.02287581699346405 0.033203125
1 0.5625 0.54296875 0.025326797385620915 0.064453125
3 0.9803921568627451 0.55126953125 0.03758169934640523 0.0380859375
3 0.4812091503267974 0.6455078125 0.24836601307189543 0.185546875
3 0.7222222222222222 0.68896484375 0.3088235294117647 0.2490234375
