6 0.5049019607843137 0.314453125 0.46405228758169936 0.62890625
10 0.08006535947712418 0.33984375 0.00980392156862745 0.025390625
12 0.08700980392156862 0.34912109375 0.012254901960784314 0.0146484375
3 0.7450980392156863 0.42529296875 0.026143790849673203 0.1025390625
3 0.8619281045751634 0.529296875 0.27450980392156865 0.3203125
3 0.8496732026143791 0.29638671875 0.06209150326797386 0.0244140625
3 0.0494281045751634 0.53759765625 0.0988562091503268 0.2197265625
3 0.136437908496732 0.44580078125 0.19607843137254902 0.1689453125
3 0.2181372549019608 0.41796875 0.09477124183006536 0.123046875
3 0.04084967320261438 0.388671875 0.029411764705882353 0.021484375
