12 0.547265625 0.4033203125 0.01484375 0.01953125
12 0.548046875 0.41552734375 0.01015625 0.0068359375
1 0.126171875 0.4853515625 0.01640625 0.072265625
1 0.17421875 0.5 0.0125 0.07421875
2 0.28984375 0.49658203125 0.0203125 0.0419921875
2 0.59296875 0.49267578125 0.0125 0.0458984375
2 0.54140625 0.49951171875 0.0296875 0.0595703125
2 0.921484375 0.48974609375 0.05078125 0.0673828125
3 0.544140625 0.45556640625 0.08359375 0.0400390625
3 0.019140625 0.48046875 0.03828125 0.029296875
1 0.290234375 0.4765625 0.01953125 0.0625
1 0.541796875 0.4794921875 0.02890625 0.083984375
11 0.916796875 0.66650390625 0.04453125 0.1279296875
