12 0.2569444444444444 0.395625 0.018333333333333333 0.01875
12 0.38722222222222225 0.4225 0.03 0.0175
1 0.7180555555555556 0.45 0.01611111111111111 0.05125
1 0.6961111111111111 0.4553125 0.015555555555555555 0.044375
1 0.5625 0.4559375 0.021666666666666667 0.046875
1 0.32611111111111113 0.46125 0.017777777777777778 0.04875
1 0.34694444444444444 0.4534375 0.013888888888888888 0.029375
2 0.8394444444444444 0.478125 0.05555555555555555 0.0525
3 0.1436111111111111 0.4621875 0.03277777777777778 0.059375
3 0.19777777777777777 0.46 0.10777777777777778 0.1025
3 0.2588888888888889 0.4553125 0.01888888888888889 0.031875
3 0.36527777777777776 0.459375 0.026111111111111113 0.03375
