12 0.005277777777777778 0.4396875 0.010555555555555556 0.029375
12 0.5541666666666667 0.4253125 0.013888888888888888 0.016875
8 0.505 0.44375 0.01888888888888889 0.02125
3 0.915 0.4971875 0.1688888888888889 0.383125
3 0.3433333333333333 0.500625 0.21666666666666667 0.12625
3 0.5413888888888889 0.468125 0.03944444444444444 0.0325
3 0.5230555555555556 0.4640625 0.017222222222222222 0.026875
3 0.5102777777777778 0.4565625 0.018333333333333333 0.018125
3 0.4880555555555556 0.463125 0.03166666666666667 0.03125
3 0.44972222222222225 0.461875 0.025 0.02375
3 0.4622222222222222 0.4553125 0.011111111111111112 0.009375
3 0.4325 0.4578125 0.012777777777777779 0.014375
3 0.585 0.45875 0.025555555555555557 0.02
