10 0.28833333333333333 0.1684375 0.025555555555555557 0.066875
10 0.4638888888888889 0.181875 0.03333333333333333 0.08375
10 0.7405555555555555 0.329375 0.023333333333333334 0.06625
10 0.7452777777777778 0.39375 0.02277777777777778 0.02625
10 0.9544444444444444 0.301875 0.024444444444444446 0.0625
10 0.9577777777777777 0.3778125 0.01888888888888889 0.025625
12 0.7722222222222223 0.4175 0.008888888888888889 0.01375
12 0.7716666666666666 0.403125 0.008888888888888889 0.015
12 0.7555555555555555 0.373125 0.035555555555555556 0.015
12 0.9808333333333333 0.3525 0.03722222222222222 0.02
12 0.35 0.1678125 0.03888888888888889 0.050625
12 0.5777777777777777 0.4234375 0.013333333333333334 0.019375
12 0.735 0.431875 0.011111111111111112 0.01625
12 0.7361111111111112 0.4525 0.006666666666666667 0.01125
12 0.9808333333333333 0.419375 0.006111111111111111 0.01875
12 0.9808333333333333 0.4425 0.0038888888888888888 0.01375
3 0.53 0.468125 0.028888888888888888 0.02375
3 0.5066666666666667 0.4634375 0.017777777777777778 0.015625
3 0.49694444444444447 0.4621875 0.010555555555555556 0.011875
3 0.4880555555555556 0.45875 0.009444444444444445 0.00875
3 0.22416666666666665 0.48625 0.05277777777777778 0.035
3 0.30333333333333334 0.4778125 0.022222222222222223 0.025625
3 0.28833333333333333 0.4784375 0.01888888888888889 0.026875
3 0.26916666666666667 0.4809375 0.03611111111111111 0.031875
3 0.32666666666666666 0.474375 0.021111111111111112 0.0175
3 0.34 0.470625 0.02 0.0175
3 0.38666666666666666 0.46375 0.023333333333333334 0.0225
3 0.38222222222222224 0.47125 0.016666666666666666 0.015
3 0.9638888888888889 0.444375 0.07111111111111111 0.04375
