10 0.84619140625 0.4892578125 0.01171875 0.046223958333333336
10 0.843505859375 0.5260416666666666 0.01220703125 0.015625
10 0.635986328125 0.4866536458333333 0.01416015625 0.024088541666666668
10 0.4443359375 0.53515625 0.005859375 0.018229166666666668
10 0.301025390625 0.4860026041666667 0.01513671875 0.022786458333333332
10 0.578125 0.5377604166666666 0.0048828125 0.01953125
12 0.63427734375 0.5305989583333334 0.013671875 0.029947916666666668
12 0.306884765625 0.5266927083333334 0.01513671875 0.02734375
12 0.8203125 0.4996744791666667 0.021484375 0.035807291666666664
1 0.958251953125 0.552734375 0.02490234375 0.053385416666666664
1 0.051025390625 0.5784505208333334 0.02294921875 0.083984375
3 0.527587890625 0.5716145833333334 0.02587890625 0.0234375
3 0.4892578125 0.5673828125 0.0166015625 0.013671875
3 0.424560546875 0.5777994791666666 0.03955078125 0.031901041666666664
