12 0.6208333333333333 0.4509375 0.021666666666666667 0.031875
12 0.6208333333333333 0.4175 0.028333333333333332 0.035
12 0.7586111111111111 0.579375 0.045 0.04625
12 0.76 0.52875 0.04666666666666667 0.0475
1 0.3630555555555556 0.468125 0.013888888888888888 0.0425
1 0.37805555555555553 0.46875 0.01611111111111111 0.04375
1 0.4011111111111111 0.46875 0.0077777777777777776 0.0275
1 0.1852777777777778 0.4678125 0.019444444444444445 0.053125
1 0.12694444444444444 0.5303125 0.06722222222222222 0.289375
1 0.0575 0.528125 0.10388888888888889 0.31375
3 0.41944444444444445 0.479375 0.04 0.03625
3 0.48 0.5028125 0.10888888888888888 0.101875
3 0.27166666666666667 0.4996875 0.18888888888888888 0.155625
11 0.5916666666666667 0.4628125 0.016666666666666666 0.039375
