12 0.33194444444444443 0.421875 0.013888888888888888 0.01625
12 0.3327777777777778 0.4428125 0.005555555555555556 0.009375
12 0.20583333333333334 0.4196875 0.007222222222222222 0.021875
12 0.6386111111111111 0.3909375 0.011666666666666667 0.021875
12 0.5983333333333334 0.39875 0.022222222222222223 0.02375
3 0.8972222222222223 0.5978125 0.20444444444444446 0.323125
3 0.6775 0.50375 0.14722222222222223 0.10875
3 0.6197222222222222 0.47375 0.11611111111111111 0.10375
3 0.5625 0.471875 0.04055555555555555 0.0825
3 0.5141666666666667 0.46375 0.029444444444444443 0.02375
3 0.5047222222222222 0.4546875 0.029444444444444443 0.028125
3 0.4891666666666667 0.4515625 0.008333333333333333 0.014375
3 0.4597222222222222 0.4478125 0.011666666666666667 0.011875
3 0.4452777777777778 0.449375 0.017222222222222222 0.02
3 0.43805555555555553 0.4546875 0.02277777777777778 0.023125
3 0.4033333333333333 0.459375 0.02 0.0225
3 0.39166666666666666 0.466875 0.02666666666666667 0.02125
3 0.23027777777777778 0.50375 0.09944444444444445 0.085
