10 0.75 0.39794921875 0.0203125 0.0595703125
10 0.589453125 0.44873046875 0.00390625 0.0048828125
10 0.487109375 0.45849609375 0.00390625 0.0048828125
10 0.458984375 0.45361328125 0.00546875 0.0068359375
10 0.19609375 0.40234375 0.0265625 0.072265625
10 0.61484375 0.43359375 0.0078125 0.009765625
2 0.887109375 0.5751953125 0.03046875 0.076171875
2 0.776171875 0.60595703125 0.04296875 0.0966796875
3 0.541015625 0.48583984375 0.03828125 0.0380859375
3 0.540625 0.4833984375 0.0609375 0.02734375
1 0.776171875 0.578125 0.04296875 0.138671875
