12 0.01611111111111111 0.3475 0.022222222222222223 0.0375
12 0.5455555555555556 0.4028125 0.008888888888888889 0.011875
12 0.5572222222222222 0.399375 0.0077777777777777776 0.015
3 0.4533333333333333 0.3590625 0.024444444444444446 0.009375
3 0.245 0.4175 0.027777777777777776 0.02
3 0.21638888888888888 0.4153125 0.02277777777777778 0.018125
3 0.5177777777777778 0.415625 0.03222222222222222 0.015
3 0.11666666666666667 0.4940625 0.14333333333333334 0.098125
3 0.21138888888888888 0.475 0.08944444444444444 0.08375
3 0.435 0.4403125 0.034444444444444444 0.035625
3 0.4558333333333333 0.411875 0.006111111111111111 0.0125
3 0.45944444444444443 0.4096875 0.01 0.010625
3 0.4816666666666667 0.4053125 0.011111111111111112 0.010625
3 0.4602777777777778 0.4053125 0.013888888888888888 0.011875
3 0.46416666666666667 0.4 0.012777777777777779 0.0125
3 0.4688888888888889 0.395625 0.01 0.01125
3 0.5147222222222222 0.405625 0.010555555555555556 0.01
6 0.44083333333333335 0.4121875 0.025 0.025625
