3 0.072021484375 0.6513671875 0.08447265625 0.24674479166666666
3 0.15966796875 0.6546223958333334 0.150390625 0.16861979166666666
3 0.257080078125 0.6292317708333334 0.12548828125 0.126953125
3 0.376708984375 0.6051432291666666 0.08349609375 0.08658854166666667
3 0.424072265625 0.5940755208333334 0.04833984375 0.06575520833333333
3 0.46728515625 0.5856119791666666 0.044921875 0.052734375
3 0.48828125 0.5735677083333334 0.044921875 0.053385416666666664
3 0.514892578125 0.5690104166666666 0.01904296875 0.033854166666666664
3 0.530029296875 0.5647786458333334 0.02099609375 0.026692708333333332
3 0.54248046875 0.5611979166666666 0.0146484375 0.028645833333333332
3 0.57861328125 0.548828125 0.0166015625 0.016927083333333332
3 0.87158203125 0.6858723958333334 0.197265625 0.20638020833333334
3 0.814453125 0.6376953125 0.16796875 0.18815104166666666
3 0.742919921875 0.6149088541666666 0.06103515625 0.138671875
3 0.71044921875 0.6044921875 0.041015625 0.072265625
3 0.561279296875 0.5511067708333334 0.01416015625 0.014973958333333334
3 0.331298828125 0.5696614583333334 0.06396484375 0.055989583333333336
3 0.64599609375 0.5670572916666666 0.0439453125 0.048177083333333336
1 0.6796875 0.6061197916666666 0.046875 0.16015625
1 0.6494140625 0.5891927083333334 0.0205078125 0.10416666666666667
1 0.6240234375 0.5950520833333334 0.0263671875 0.10546875
