10 0.5030555555555556 0.3740625 0.017222222222222222 0.021875
10 0.28555555555555556 0.4240625 0.014444444444444444 0.020625
10 0.2847222222222222 0.4403125 0.010555555555555556 0.011875
10 0.595 0.415625 0.015555555555555555 0.01875
10 0.5961111111111111 0.43375 0.012222222222222223 0.01125
12 0.37083333333333335 0.321875 0.02277777777777778 0.025
12 0.7522222222222222 0.3103125 0.052222222222222225 0.078125
1 0.6952777777777778 0.446875 0.02277777777777778 0.06625
1 0.7255555555555555 0.4590625 0.024444444444444446 0.083125
1 0.9111111111111111 0.4584375 0.042222222222222223 0.146875
1 0.9369444444444445 0.4290625 0.055 0.131875
3 0.11888888888888889 0.4859375 0.13444444444444445 0.091875
3 0.40194444444444444 0.4603125 0.03722222222222222 0.028125
