10 0.5427777777777778 0.434375 0.0044444444444444444 0.00875
10 0.4638888888888889 0.4296875 0.0033333333333333335 0.005625
10 0.4930555555555556 0.4321875 0.002777777777777778 0.006875
10 0.4722222222222222 0.4315625 0.0033333333333333335 0.006875
10 0.4475 0.4078125 0.008333333333333333 0.009375
10 0.4066666666666667 0.414375 0.008888888888888889 0.01
10 0.49027777777777776 0.4078125 0.007222222222222222 0.009375
10 0.4597222222222222 0.4078125 0.008333333333333333 0.009375
12 0.7966666666666666 0.3478125 0.06666666666666667 0.081875
12 0.4686111111111111 0.4084375 0.005 0.008125
12 0.43527777777777776 0.41 0.005 0.00875
12 0.6266666666666667 0.4253125 0.0077777777777777776 0.013125
3 0.9263888888888889 0.464375 0.12055555555555555 0.08
3 0.019166666666666665 0.5078125 0.03833333333333333 0.058125
3 0.1836111111111111 0.4896875 0.09722222222222222 0.071875
3 0.23666666666666666 0.4809375 0.03 0.041875
3 0.24861111111111112 0.476875 0.04611111111111111 0.0425
3 0.3763888888888889 0.4703125 0.02388888888888889 0.019375
3 0.39305555555555555 0.4678125 0.018333333333333333 0.015625
3 0.4036111111111111 0.465625 0.008333333333333333 0.01
3 0.4152777777777778 0.4653125 0.013888888888888888 0.013125
3 0.42527777777777775 0.4625 0.010555555555555556 0.01
3 0.4361111111111111 0.4646875 0.013333333333333334 0.010625
3 0.45555555555555555 0.46 0.01888888888888889 0.0175
3 0.4747222222222222 0.463125 0.013888888888888888 0.0175
3 0.5 0.4675 0.04555555555555556 0.045
3 0.5608333333333333 0.4665625 0.04722222222222222 0.033125
3 0.6080555555555556 0.474375 0.06388888888888888 0.05875
3 0.5175 0.4525 0.007222222222222222 0.01375
11 0.8369444444444445 0.5015625 0.025 0.068125
