12 0.8958333333333334 0.4246875 0.008333333333333333 0.020625
12 0.8483333333333334 0.4321875 0.0033333333333333335 0.004375
12 0.5586111111111111 0.475 0.020555555555555556 0.0375
12 0.5261111111111111 0.4871875 0.008888888888888889 0.014375
12 0.5305555555555556 0.3946875 0.02 0.031875
12 0.29083333333333333 0.415 0.010555555555555556 0.0125
12 0.2575 0.42375 0.008333333333333333 0.0225
1 0.44666666666666666 0.480625 0.012222222222222223 0.04375
1 0.22583333333333333 0.485 0.02277777777777778 0.0725
2 0.4811111111111111 0.494375 0.01888888888888889 0.0325
3 0.9027777777777778 0.5334375 0.19333333333333333 0.173125
3 0.8069444444444445 0.5040625 0.11944444444444445 0.086875
3 0.7891666666666667 0.4703125 0.0661111111111111 0.031875
3 0.7202777777777778 0.4778125 0.07166666666666667 0.033125
3 0.6638888888888889 0.479375 0.035555555555555556 0.0275
3 0.6236111111111111 0.4771875 0.04388888888888889 0.028125
3 0.5997222222222223 0.47875 0.026111111111111113 0.03
3 0.5675 0.48 0.06166666666666667 0.0275
1 0.48194444444444445 0.48 0.021666666666666667 0.0475
6 0.6561111111111111 0.4728125 0.06444444444444444 0.035625
