10 0.5163398692810458 0.38330078125 0.004901960784313725 0.0107421875
10 0.5236928104575164 0.38427734375 0.004901960784313725 0.0087890625
10 0.5351307189542484 0.38427734375 0.004901960784313725 0.0087890625
12 0.6499183006535948 0.45263671875 0.012254901960784314 0.0380859375
3 0.020833333333333332 0.4052734375 0.041666666666666664 0.04296875
3 0.5151143790849673 0.40625 0.01715686274509804 0.01953125
3 0.5347222222222222 0.41259765625 0.031862745098039214 0.0205078125
3 0.5690359477124183 0.4033203125 0.015522875816993464 0.01953125
3 0.622140522875817 0.4189453125 0.056372549019607844 0.033203125
3 0.7704248366013072 0.42431640625 0.10294117647058823 0.0458984375
3 0.9501633986928104 0.49072265625 0.09803921568627451 0.1298828125
