10 0.2225 0.3603125 0.015 0.019375
10 0.6266666666666667 0.3275 0.021111111111111112 0.0225
12 0.22777777777777777 0.385625 0.023333333333333334 0.03125
12 0.5294444444444445 0.3909375 0.0077777777777777776 0.014375
12 0.6277777777777778 0.365625 0.028888888888888888 0.0425
1 0.036944444444444446 0.4590625 0.018333333333333333 0.046875
1 0.20333333333333334 0.4628125 0.02 0.058125
1 0.9188888888888889 0.4746875 0.03777777777777778 0.111875
1 0.785 0.4653125 0.028888888888888888 0.093125
1 0.7719444444444444 0.4528125 0.017222222222222222 0.079375
1 0.7588888888888888 0.4715625 0.023333333333333334 0.084375
1 0.7377777777777778 0.45125 0.01888888888888889 0.0575
1 0.7244444444444444 0.4559375 0.02 0.073125
1 0.7013888888888888 0.4578125 0.018333333333333333 0.070625
1 0.6797222222222222 0.445 0.01611111111111111 0.0525
1 0.6636111111111112 0.46625 0.019444444444444445 0.06125
1 0.6605555555555556 0.4525 0.024444444444444446 0.05875
1 0.6491666666666667 0.436875 0.017222222222222222 0.04875
1 0.7605555555555555 0.406875 0.008888888888888889 0.0275
1 0.7316666666666667 0.4090625 0.011111111111111112 0.026875
1 0.5952777777777778 0.4203125 0.007222222222222222 0.029375
1 0.5847222222222223 0.425 0.013888888888888888 0.03625
1 0.6125 0.4071875 0.009444444444444445 0.025625
1 0.5588888888888889 0.425 0.008888888888888889 0.0275
1 0.8452777777777778 0.4140625 0.012777777777777779 0.035625
1 0.8341666666666666 0.4125 0.009444444444444445 0.03375
1 0.8733333333333333 0.42 0.015555555555555555 0.04125
1 0.8638888888888889 0.4109375 0.011111111111111112 0.035625
1 0.9641666666666666 0.41125 0.013888888888888888 0.03875
1 0.9897222222222222 0.4115625 0.013888888888888888 0.039375
1 0.9794444444444445 0.405625 0.008888888888888889 0.03
1 0.7969444444444445 0.4196875 0.011666666666666667 0.031875
1 0.7825 0.3965625 0.009444444444444445 0.024375
1 0.6816666666666666 0.4009375 0.0077777777777777776 0.026875
1 0.6347222222222222 0.3946875 0.0038888888888888888 0.011875
1 0.6630555555555555 0.395 0.005 0.015
1 0.7461111111111111 0.3959375 0.008888888888888889 0.019375
1 0.7713888888888889 0.3934375 0.007222222222222222 0.019375
1 0.6022222222222222 0.409375 0.006666666666666667 0.02375
3 0.10694444444444444 0.5503125 0.21388888888888888 0.165625
3 0.3055555555555556 0.4559375 0.05444444444444444 0.050625
3 0.33361111111111114 0.45 0.02388888888888889 0.03875
3 0.3502777777777778 0.4265625 0.02388888888888889 0.018125
3 0.36833333333333335 0.44875 0.06333333333333334 0.0575
3 0.4011111111111111 0.4334375 0.034444444444444444 0.038125
3 0.4186111111111111 0.429375 0.015 0.03
3 0.42583333333333334 0.4159375 0.020555555555555556 0.020625
3 0.45055555555555554 0.45375 0.057777777777777775 0.0525
3 0.46194444444444444 0.4340625 0.04611111111111111 0.054375
3 0.45444444444444443 0.4053125 0.013333333333333334 0.008125
3 0.5019444444444444 0.428125 0.029444444444444443 0.0325
3 0.5227777777777778 0.43625 0.04777777777777778 0.04125
3 0.5402777777777777 0.4790625 0.08833333333333333 0.080625
3 0.4263888888888889 0.401875 0.015 0.01
6 0.4702777777777778 0.398125 0.01611111111111111 0.01875
3 0.44916666666666666 0.39875 0.011666666666666667 0.01
11 0.7344444444444445 0.49875 0.021111111111111112 0.0525
