12 0.5847222222222223 0.4265625 0.011666666666666667 0.005625
1 0.27361111111111114 0.504375 0.04611111111111111 0.1725
8 0.32472222222222225 0.4671875 0.135 0.163125
3 0.20583333333333334 0.5203125 0.20944444444444443 0.165625
3 0.39805555555555555 0.495 0.011666666666666667 0.06375
3 0.41583333333333333 0.48125 0.04833333333333333 0.0525
3 0.44583333333333336 0.48125 0.019444444444444445 0.03375
3 0.4627777777777778 0.4778125 0.021111111111111112 0.026875
3 0.4766666666666667 0.478125 0.015555555555555555 0.025
11 0.5966666666666667 0.4890625 0.01 0.015625
