12 0.5613888888888889 0.3546875 0.025 0.038125
1 0.8166666666666667 0.3721875 0.043333333333333335 0.138125
1 0.6897222222222222 0.35375 0.02388888888888889 0.03375
2 0.5508333333333333 0.4540625 0.015 0.036875
2 0.5280555555555555 0.4390625 0.009444444444444445 0.021875
2 0.5175 0.4296875 0.007222222222222222 0.020625
3 0.04138888888888889 0.4721875 0.08277777777777778 0.109375
3 0.2775 0.438125 0.051666666666666666 0.04125
3 0.41444444444444445 0.4590625 0.08 0.070625
3 0.3933333333333333 0.4328125 0.04777777777777778 0.046875
3 0.43583333333333335 0.4190625 0.030555555555555555 0.028125
3 0.4736111111111111 0.419375 0.025 0.02
3 0.5169444444444444 0.4221875 0.01611111111111111 0.014375
1 0.5502777777777778 0.4428125 0.017222222222222222 0.049375
1 0.5277777777777778 0.431875 0.008888888888888889 0.035
1 0.5175 0.4184375 0.009444444444444445 0.026875
