12 0.12867647058823528 0.4716796875 0.015522875816993464 0.0078125
12 0.12990196078431374 0.45703125 0.016339869281045753 0.01953125
12 0.5980392156862745 0.333984375 0.032679738562091505 0.052734375
12 0.5976307189542484 0.38525390625 0.03022875816993464 0.0498046875
12 0.5968137254901961 0.4228515625 0.03349673202614379 0.025390625
12 0.003676470588235294 0.474609375 0.007352941176470588 0.009765625
1 0.9771241830065359 0.6279296875 0.04411764705882353 0.2109375
2 0.08741830065359477 0.51904296875 0.013071895424836602 0.0224609375
3 0.025326797385620915 0.53125 0.05065359477124183 0.06640625
3 0.1948529411764706 0.6435546875 0.24591503267973855 0.1953125
3 0.8995098039215687 0.5947265625 0.14052287581699346 0.138671875
3 0.954248366013072 0.53125 0.06045751633986928 0.03125
3 0.9656862745098039 0.5107421875 0.06699346405228758 0.01953125
