6 0.8671875 0.4820963541666667 0.2041015625 0.13606770833333334
6 0.5546875 0.4996744791666667 0.072265625 0.056640625
6 0.45556640625 0.5234375 0.1123046875 0.037760416666666664
1 0.771728515625 0.5504557291666666 0.03662109375 0.14388020833333334
1 0.70556640625 0.5244140625 0.0263671875 0.08658854166666667
1 0.680419921875 0.5309244791666666 0.02294921875 0.07747395833333333
1 0.658447265625 0.5315755208333334 0.02099609375 0.080078125
1 0.11083984375 0.5885416666666666 0.017578125 0.049479166666666664
3 0.921875 0.5094401041666666 0.0947265625 0.11783854166666667
3 0.547119140625 0.5901692708333334 0.15771484375 0.126953125
