12 0.29388888888888887 0.34875 0.03 0.04625
12 0.7605555555555555 0.39375 0.01 0.0175
12 0.7377777777777778 0.431875 0.01 0.01375
2 0.26416666666666666 0.4890625 0.075 0.074375
2 0.3383333333333333 0.4865625 0.03888888888888889 0.066875
2 0.39111111111111113 0.48125 0.04777777777777778 0.06375
2 0.43527777777777776 0.4796875 0.04388888888888889 0.051875
2 0.4688888888888889 0.4703125 0.03777777777777778 0.071875
2 0.49666666666666665 0.471875 0.03333333333333333 0.04875
2 0.5280555555555555 0.468125 0.041666666666666664 0.05
2 0.5577777777777778 0.46625 0.03777777777777778 0.045
2 0.6163888888888889 0.4634375 0.026111111111111113 0.038125
2 0.7088888888888889 0.453125 0.025555555555555557 0.04
3 0.32472222222222225 0.4334375 0.21055555555555555 0.083125
3 0.7505555555555555 0.4365625 0.035555555555555556 0.023125
1 0.2586111111111111 0.4575 0.049444444444444444 0.11125
1 0.34555555555555556 0.46625 0.05333333333333334 0.10375
1 0.38861111111111113 0.4565625 0.03944444444444444 0.071875
1 0.43666666666666665 0.4628125 0.03777777777777778 0.079375
1 0.46944444444444444 0.445625 0.042222222222222223 0.1025
1 0.49472222222222223 0.4475 0.030555555555555555 0.08375
1 0.5247222222222222 0.4384375 0.035 0.079375
1 0.5552777777777778 0.45 0.028333333333333332 0.06625
1 0.6197222222222222 0.4465625 0.03166666666666667 0.064375
1 0.7116666666666667 0.4365625 0.02666666666666667 0.070625
