10 0.10130718954248366 0.4423828125 0.00980392156862745 0.037109375
10 0.3116830065359477 0.3720703125 0.02042483660130719 0.056640625
10 0.24673202614379086 0.46484375 0.00980392156862745 0.025390625
10 0.3161764705882353 0.49853515625 0.008169934640522876 0.0263671875
10 0.4869281045751634 0.48974609375 0.0032679738562091504 0.0107421875
10 0.4897875816993464 0.4912109375 0.0024509803921568627 0.009765625
10 0.5449346405228758 0.4912109375 0.0032679738562091504 0.009765625
10 0.5453431372549019 0.505859375 0.0024509803921568627 0.0078125
10 0.7095588235294118 0.51220703125 0.008986928104575163 0.0244140625
10 0.7116013071895425 0.3857421875 0.0196078431372549 0.056640625
10 0.4150326797385621 0.44140625 0.008169934640522876 0.025390625
10 0.43995098039215685 0.49755859375 0.0024509803921568627 0.0068359375
10 0.4497549019607843 0.4970703125 0.0024509803921568627 0.005859375
10 0.7013888888888888 0.4619140625 0.008986928104575163 0.021484375
10 0.42116013071895425 0.4873046875 0.004084967320261438 0.005859375
10 0.3035130718954248 0.4697265625 0.010620915032679739 0.017578125
10 0.3276143790849673 0.46728515625 0.013071895424836602 0.0185546875
12 0.9505718954248366 0.52099609375 0.022058823529411766 0.0283203125
12 0.5996732026143791 0.48046875 0.00980392156862745 0.005859375
12 0.5992647058823529 0.470703125 0.010620915032679739 0.01171875
12 0.5992647058823529 0.4619140625 0.008986928104575163 0.005859375
12 0.14460784313725492 0.4873046875 0.00980392156862745 0.01171875
12 0.1437908496732026 0.47216796875 0.014705882352941176 0.0185546875
12 0.5755718954248366 0.48583984375 0.007352941176470588 0.0107421875
3 0.32230392156862747 0.5224609375 0.007352941176470588 0.021484375
3 0.352124183006536 0.51806640625 0.016339869281045753 0.0146484375
3 0.38562091503267976 0.51171875 0.016339869281045753 0.017578125
3 0.3991013071895425 0.51318359375 0.015522875816993464 0.0146484375
3 0.4305555555555556 0.5146484375 0.024509803921568627 0.02734375
3 0.44730392156862747 0.5126953125 0.013888888888888888 0.021484375
3 0.4714052287581699 0.52001953125 0.03594771241830065 0.0361328125
3 0.49060457516339867 0.5107421875 0.010620915032679739 0.01171875
3 0.5061274509803921 0.51123046875 0.02042483660130719 0.0244140625
3 0.5196078431372549 0.5087890625 0.008169934640522876 0.017578125
3 0.5351307189542484 0.51220703125 0.0196078431372549 0.0205078125
3 0.6262254901960784 0.50732421875 0.015522875816993464 0.0185546875
3 0.6556372549019608 0.5087890625 0.028594771241830064 0.025390625
3 0.6029411764705882 0.50927734375 0.013071895424836602 0.0146484375
3 0.5878267973856209 0.5078125 0.010620915032679739 0.01171875
