6 0.5688888888888889 0.4478125 0.042222222222222223 0.065625
12 0.6644444444444444 0.40125 0.025555555555555557 0.01375
1 0.010555555555555556 0.4959375 0.021111111111111112 0.091875
2 0.6611111111111111 0.5059375 0.034444444444444444 0.070625
3 0.8936111111111111 0.51125 0.21166666666666667 0.17625
3 0.8002777777777778 0.488125 0.165 0.13875
3 0.72 0.4928125 0.06222222222222222 0.079375
3 0.6977777777777778 0.4825 0.05 0.06375
3 0.6655555555555556 0.475 0.07222222222222222 0.05875
3 0.6277777777777778 0.4740625 0.034444444444444444 0.046875
3 0.6147222222222222 0.4659375 0.05277777777777778 0.049375
3 0.4841666666666667 0.496875 0.17722222222222223 0.1875
3 0.39166666666666666 0.4796875 0.05444444444444444 0.061875
3 0.3302777777777778 0.4715625 0.07611111111111112 0.074375
3 0.1925 0.5103125 0.1338888888888889 0.093125
3 0.12333333333333334 0.4671875 0.07333333333333333 0.053125
3 0.19055555555555556 0.459375 0.07222222222222222 0.03
3 0.14583333333333334 0.485 0.06277777777777778 0.05
1 0.6605555555555556 0.4778125 0.035555555555555556 0.101875
