2 0.18046875 0.77880859375 0.11875 0.2431640625
3 0.573046875 0.4443359375 0.01796875 0.029296875
3 0.523046875 0.453125 0.02890625 0.01953125
3 0.543359375 0.44677734375 0.01796875 0.0166015625
3 0.503125 0.45361328125 0.0171875 0.0185546875
3 0.5 0.4560546875 0.0125 0.017578125
3 0.490234375 0.45849609375 0.01796875 0.0205078125
3 0.476171875 0.4619140625 0.01796875 0.0234375
3 0.464453125 0.4638671875 0.02109375 0.025390625
3 0.446484375 0.46630859375 0.02890625 0.0283203125
3 0.43125 0.47021484375 0.0171875 0.0322265625
3 0.412109375 0.46923828125 0.03671875 0.0419921875
3 0.39765625 0.4765625 0.0359375 0.037109375
3 0.3640625 0.4853515625 0.046875 0.046875
3 0.311328125 0.5166015625 0.02578125 0.056640625
3 0.29453125 0.52099609375 0.0453125 0.0791015625
3 0.233984375 0.52587890625 0.09609375 0.1123046875
3 0.18828125 0.546875 0.0921875 0.1171875
3 0.095703125 0.58642578125 0.13671875 0.1884765625
3 0.046875 0.64501953125 0.09375 0.2548828125
3 0.55703125 0.47119140625 0.040625 0.0517578125
3 0.54296875 0.484375 0.0453125 0.048828125
3 0.6796875 0.46240234375 0.0453125 0.0537109375
3 0.687890625 0.46484375 0.02734375 0.04296875
3 0.905859375 0.47265625 0.08828125 0.03515625
3 0.621484375 0.55810546875 0.09609375 0.1083984375
3 0.721875 0.578125 0.178125 0.17578125
3 0.812890625 0.64208984375 0.26953125 0.2236328125
3 0.923046875 0.77099609375 0.15234375 0.3291015625
1 0.17734375 0.7001953125 0.1125 0.32421875
3 0.7625 0.45849609375 0.134375 0.0654296875
