10 0.8705555555555555 0.361875 0.017777777777777778 0.02
10 0.8352777777777778 0.3621875 0.015 0.020625
10 0.8302777777777778 0.30125 0.017222222222222222 0.0475
10 0.6558333333333334 0.3196875 0.012777777777777779 0.043125
12 0.3258333333333333 0.4025 0.006111111111111111 0.01
12 0.5344444444444445 0.3825 0.01 0.01375
12 0.5347222222222222 0.396875 0.007222222222222222 0.01
12 0.535 0.4065625 0.0044444444444444444 0.008125
12 0.6611111111111111 0.3596875 0.03333333333333333 0.010625
2 0.9844444444444445 0.448125 0.03 0.0525
2 0.7586111111111111 0.4575 0.07388888888888889 0.0525
2 0.40444444444444444 0.4646875 0.09777777777777778 0.049375
8 0.6305555555555555 0.420625 0.057777777777777775 0.05875
8 0.6944444444444444 0.3975 0.06888888888888889 0.035
8 0.8425 0.39 0.07277777777777777 0.02875
3 0.5122222222222222 0.434375 0.035555555555555556 0.035
3 0.4911111111111111 0.43 0.016666666666666666 0.0225
3 0.485 0.42 0.016666666666666666 0.015
3 0.48305555555555557 0.41375 0.01611111111111111 0.015
3 0.4772222222222222 0.408125 0.01 0.0125
3 0.4613888888888889 0.41 0.011666666666666667 0.0125
3 0.4583333333333333 0.3953125 0.01 0.009375
3 0.42916666666666664 0.4059375 0.010555555555555556 0.010625
3 0.3688888888888889 0.4403125 0.07 0.078125
3 0.4161111111111111 0.428125 0.03777777777777778 0.045
3 0.4563888888888889 0.374375 0.006111111111111111 0.00625
1 0.7630555555555556 0.4375 0.030555555555555555 0.0825
1 0.3844444444444444 0.4471875 0.025555555555555557 0.076875
1 0.4136111111111111 0.446875 0.030555555555555555 0.07875
11 0.19805555555555557 0.4584375 0.015 0.036875
