12 0.020555555555555556 0.3528125 0.04111111111111111 0.016875
12 0.020555555555555556 0.36875 0.02666666666666667 0.01375
12 0.4166666666666667 0.3815625 0.008888888888888889 0.018125
12 0.5944444444444444 0.388125 0.013333333333333334 0.0175
12 0.5938888888888889 0.4009375 0.011111111111111112 0.006875
12 0.6194444444444445 0.335 0.0033333333333333335 0.005
3 0.19972222222222222 0.4490625 0.045 0.030625
3 0.31166666666666665 0.445 0.07 0.0625
3 0.36972222222222223 0.436875 0.04055555555555555 0.04
3 0.3963888888888889 0.43625 0.020555555555555556 0.0275
3 0.44083333333333335 0.4215625 0.035 0.024375
3 0.5708333333333333 0.3603125 0.012777777777777779 0.010625
3 0.5588888888888889 0.3690625 0.017777777777777778 0.015625
3 0.6233333333333333 0.3796875 0.01 0.014375
3 0.6169444444444444 0.395 0.021666666666666667 0.02125
3 0.6058333333333333 0.40625 0.025 0.01875
3 0.5725 0.414375 0.028333333333333332 0.0175
3 0.5780555555555555 0.455 0.06944444444444445 0.06375
