6 0.5238888888888888 0.46625 0.016666666666666666 0.01375
6 0.44083333333333335 0.4553125 0.02277777777777778 0.020625
10 0.5061111111111111 0.4078125 0.0044444444444444444 0.015625
10 0.5169444444444444 0.454375 0.002777777777777778 0.00875
10 0.43555555555555553 0.406875 0.005555555555555556 0.01375
10 0.38027777777777777 0.4175 0.005 0.01375
10 0.355 0.4428125 0.005555555555555556 0.014375
12 0.6325 0.404375 0.011666666666666667 0.02125
12 0.5752777777777778 0.4325 0.006111111111111111 0.015
12 0.42444444444444446 0.445625 0.0077777777777777776 0.0125
12 0.42527777777777775 0.4578125 0.007222222222222222 0.009375
12 0.4255555555555556 0.4696875 0.0077777777777777776 0.010625
12 0.41805555555555557 0.40125 0.011666666666666667 0.0075
12 0.34555555555555556 0.450625 0.0044444444444444444 0.00875
12 0.31527777777777777 0.4434375 0.011666666666666667 0.015625
12 0.31555555555555553 0.455625 0.006666666666666667 0.00875
1 0.6569444444444444 0.46125 0.010555555555555556 0.02875
2 0.5555555555555556 0.4809375 0.014444444444444444 0.030625
3 0.48194444444444445 0.4684375 0.018333333333333333 0.021875
3 0.4608333333333333 0.471875 0.035 0.03375
3 0.42444444444444446 0.4734375 0.035555555555555556 0.021875
3 0.3516666666666667 0.4784375 0.03777777777777778 0.019375
3 0.4022222222222222 0.4734375 0.013333333333333334 0.015625
3 0.17444444444444446 0.489375 0.044444444444444446 0.0325
1 0.5561111111111111 0.47 0.016666666666666666 0.03625
