10 0.9516666666666667 0.169375 0.023333333333333334 0.07
10 0.7719444444444444 0.15625 0.06055555555555556 0.1375
10 0.7386111111111111 0.4103125 0.009444444444444445 0.011875
10 0.7141666666666666 0.37625 0.010555555555555556 0.0275
10 0.5419444444444445 0.38625 0.009444444444444445 0.0275
10 0.39305555555555555 0.311875 0.010555555555555556 0.03125
10 0.29138888888888886 0.306875 0.010555555555555556 0.03125
12 0.7988888888888889 0.3771875 0.023333333333333334 0.035625
12 0.5358333333333334 0.3421875 0.017222222222222222 0.010625
12 0.3136111111111111 0.30375 0.012777777777777779 0.015
1 0.9822222222222222 0.4503125 0.03333333333333333 0.134375
1 0.9533333333333334 0.458125 0.028888888888888888 0.1275
1 0.9077777777777778 0.463125 0.03222222222222222 0.12
1 0.8786111111111111 0.46375 0.041666666666666664 0.12625
1 0.6422222222222222 0.4525 0.011111111111111112 0.03125
1 0.6338888888888888 0.45625 0.01 0.02625
1 0.5791666666666667 0.4621875 0.013888888888888888 0.038125
1 0.2222222222222222 0.4715625 0.006666666666666667 0.023125
2 0.6933333333333334 0.56875 0.08 0.1625
2 0.09916666666666667 0.48625 0.021666666666666667 0.03125
3 0.8075 0.4534375 0.11611111111111111 0.056875
3 0.4147222222222222 0.588125 0.44055555555555553 0.3725
3 0.24916666666666668 0.47125 0.03611111111111111 0.04125
3 0.020277777777777777 0.5684375 0.04055555555555555 0.191875
1 0.7172222222222222 0.5065625 0.13555555555555557 0.240625
1 0.7227777777777777 0.4815625 0.04777777777777778 0.190625
1 0.10305555555555555 0.4771875 0.018333333333333333 0.049375
