12 0.11861111111111111 0.3971875 0.012777777777777779 0.029375
3 0.07611111111111112 0.528125 0.15222222222222223 0.21875
3 0.4025 0.484375 0.051666666666666666 0.04625
3 0.43444444444444447 0.484375 0.02 0.01875
3 0.4477777777777778 0.4803125 0.022222222222222223 0.023125
3 0.49722222222222223 0.4778125 0.05333333333333334 0.049375
3 0.5327777777777778 0.48125 0.011111111111111112 0.015
3 0.5472222222222223 0.4775 0.02 0.0225
3 0.5613888888888889 0.4796875 0.020555555555555556 0.023125
3 0.5830555555555555 0.47875 0.03277777777777778 0.0425
3 0.6025 0.483125 0.04611111111111111 0.04625
3 0.6772222222222222 0.4809375 0.1322222222222222 0.099375
3 0.8333333333333334 0.4578125 0.13 0.068125
3 0.9138888888888889 0.5459375 0.1711111111111111 0.269375
