10 0.7890625 0.2236328125 0.0375 0.060546875
10 0.0234375 0.39501953125 0.0234375 0.0419921875
10 0.02109375 0.466796875 0.015625 0.021484375
10 0.92578125 0.4619140625 0.00625 0.015625
12 0.420703125 0.43896484375 0.01796875 0.0224609375
12 0.421484375 0.45263671875 0.01015625 0.0048828125
12 0.92109375 0.43115234375 0.009375 0.0166015625
12 0.6921875 0.43310546875 0.0171875 0.0205078125
12 0.1640625 0.4638671875 0.00625 0.017578125
3 0.477734375 0.4833984375 0.03515625 0.03515625
11 0.0625 0.5478515625 0.0125 0.03515625
