3 0.91796875 0.677734375 0.1025390625 0.328125
3 0.791259765625 0.6119791666666666 0.14794921875 0.140625
3 0.727294921875 0.5699869791666666 0.04248046875 0.072265625
3 0.184326171875 0.6106770833333334 0.18505859375 0.1640625
3 0.30419921875 0.5771484375 0.1025390625 0.10611979166666667
3 0.217041015625 0.5198567708333334 0.09228515625 0.046223958333333336
3 0.072021484375 0.5419921875 0.07763671875 0.07486979166666667
3 0.132080078125 0.5354817708333334 0.07470703125 0.055338541666666664
3 0.408203125 0.5540364583333334 0.0673828125 0.06510416666666667
3 0.443115234375 0.544921875 0.05126953125 0.059895833333333336
3 0.465576171875 0.537109375 0.03955078125 0.057291666666666664
3 0.48583984375 0.5325520833333334 0.0302734375 0.049479166666666664
3 0.50927734375 0.5250651041666666 0.025390625 0.033203125
3 0.52197265625 0.5224609375 0.021484375 0.030598958333333332
3 0.5341796875 0.5159505208333334 0.015625 0.020182291666666668
3 0.603759765625 0.5078125 0.01318359375 0.015625
3 0.548828125 0.5078125 0.0146484375 0.015625
3 0.75927734375 0.5237630208333334 0.0751953125 0.037109375
1 0.688232421875 0.6002604166666666 0.05517578125 0.1953125
1 0.648193359375 0.5579427083333334 0.02294921875 0.11588541666666667
1 0.622802734375 0.5670572916666666 0.03076171875 0.13020833333333334
