1 0.016944444444444446 0.5503125 0.03388888888888889 0.320625
1 0.6786111111111112 0.511875 0.050555555555555555 0.22125
1 0.6402777777777777 0.4884375 0.05611111111111111 0.205625
1 0.6205555555555555 0.4625 0.03111111111111111 0.14125
1 0.6027777777777777 0.46 0.02666666666666667 0.13125
1 0.5247222222222222 0.4528125 0.02277777777777778 0.069375
1 0.49694444444444447 0.459375 0.013888888888888888 0.05125
1 0.5102777777777778 0.45625 0.015 0.0575
1 0.47944444444444445 0.4375 0.017777777777777778 0.04
1 0.36777777777777776 0.42625 0.017777777777777778 0.01875
1 0.17555555555555555 0.5053125 0.057777777777777775 0.198125
1 0.12027777777777778 0.5175 0.051666666666666666 0.185
3 0.05611111111111111 0.5171875 0.08555555555555555 0.160625
3 0.9641666666666666 0.5521875 0.07055555555555555 0.190625
3 0.8641666666666666 0.4909375 0.27055555555555555 0.223125
3 0.7791666666666667 0.4903125 0.17166666666666666 0.133125
3 0.4061111111111111 0.53375 0.22333333333333333 0.19625
3 0.31583333333333335 0.4428125 0.05277777777777778 0.071875
3 0.25333333333333335 0.454375 0.10333333333333333 0.08625
3 0.21888888888888888 0.4628125 0.06555555555555556 0.084375
3 0.06777777777777778 0.4815625 0.12111111111111111 0.110625
3 0.40555555555555556 0.445 0.07666666666666666 0.0575
