10 0.48305555555555557 0.419375 0.008333333333333333 0.0125
10 0.5169444444444444 0.4203125 0.005 0.013125
10 0.39944444444444444 0.45375 0.006666666666666667 0.01875
12 0.8158333333333333 0.3696875 0.03166666666666667 0.010625
12 0.8136111111111111 0.3271875 0.085 0.070625
1 0.03222222222222222 0.5025 0.022222222222222223 0.07625
1 0.01888888888888889 0.5046875 0.02 0.074375
1 0.007222222222222222 0.5059375 0.014444444444444444 0.073125
1 0.07805555555555556 0.5 0.015 0.045
1 0.11388888888888889 0.4978125 0.017777777777777778 0.049375
1 0.13944444444444445 0.4978125 0.014444444444444444 0.046875
1 0.15 0.495625 0.012222222222222223 0.04875
1 0.1638888888888889 0.494375 0.01888888888888889 0.05125
1 0.18 0.4953125 0.015555555555555555 0.046875
1 0.19277777777777777 0.4915625 0.01 0.041875
1 0.20916666666666667 0.4921875 0.011666666666666667 0.043125
1 0.22027777777777777 0.4909375 0.015 0.043125
1 0.23027777777777778 0.48875 0.009444444444444445 0.04375
1 0.24444444444444444 0.4896875 0.013333333333333334 0.043125
1 0.2688888888888889 0.489375 0.012222222222222223 0.04
1 0.19944444444444445 0.489375 0.008888888888888889 0.03875
8 0.5052777777777778 0.4690625 0.035 0.050625
3 0.37222222222222223 0.480625 0.05 0.0425
3 0.4597222222222222 0.486875 0.019444444444444445 0.015
3 0.5586111111111111 0.490625 0.08833333333333333 0.0875
