12 0.412890625 0.42138671875 0.01640625 0.0185546875
12 0.4109375 0.4345703125 0.0125 0.005859375
12 0.66875 0.40234375 0.021875 0.02734375
12 0.669140625 0.41845703125 0.01328125 0.0068359375
1 0.73828125 0.4892578125 0.015625 0.033203125
1 0.398046875 0.51416015625 0.02421875 0.0927734375
1 0.419140625 0.5087890625 0.02109375 0.078125
1 0.455859375 0.51171875 0.02578125 0.091796875
2 0.511328125 0.671875 0.06171875 0.19140625
3 0.05078125 0.6435546875 0.1015625 0.318359375
3 0.152734375 0.6337890625 0.19296875 0.228515625
3 0.251953125 0.59716796875 0.10703125 0.1533203125
3 0.3359375 0.53271484375 0.090625 0.0869140625
3 0.380078125 0.52001953125 0.03984375 0.0673828125
3 0.4359375 0.490234375 0.0265625 0.037109375
3 0.458203125 0.478515625 0.02265625 0.021484375
3 0.47109375 0.4765625 0.021875 0.025390625
3 0.482421875 0.46923828125 0.01328125 0.0205078125
3 0.5453125 0.4697265625 0.015625 0.0234375
3 0.555078125 0.474609375 0.01796875 0.02734375
3 0.57265625 0.47802734375 0.0328125 0.0322265625
3 0.703125 0.4619140625 0.0609375 0.01171875
3 0.690625 0.48291015625 0.0640625 0.0400390625
3 0.7328125 0.4873046875 0.0671875 0.041015625
3 0.775 0.486328125 0.059375 0.041015625
3 0.7859375 0.49365234375 0.0359375 0.0419921875
3 0.866796875 0.51416015625 0.07265625 0.0908203125
3 0.76953125 0.5625 0.1234375 0.115234375
3 0.691796875 0.609375 0.17890625 0.181640625
3 0.970703125 0.75390625 0.05703125 0.17578125
1 0.51328125 0.6103515625 0.0609375 0.23046875
