6 0.3002450980392157 0.474609375 0.6004901960784313 0.287109375
12 0.7001633986928104 0.42626953125 0.016339869281045753 0.0322265625
12 0.6997549019607843 0.4033203125 0.015522875816993464 0.013671875
12 0.698937908496732 0.3828125 0.012254901960784314 0.02734375
1 0.6699346405228758 0.4970703125 0.02287581699346405 0.044921875
1 0.8125 0.466796875 0.008986928104575163 0.05078125
1 0.8386437908496732 0.466796875 0.018790849673202614 0.048828125
1 0.8451797385620915 0.46484375 0.015522875816993464 0.05078125
1 0.8627450980392157 0.44677734375 0.008169934640522876 0.0283203125
1 0.8737745098039216 0.4482421875 0.007352941176470588 0.025390625
1 0.8913398692810458 0.4453125 0.008169934640522876 0.021484375
1 0.9946895424836601 0.4609375 0.008986928104575163 0.0390625
1 0.9677287581699346 0.4580078125 0.012254901960784314 0.046875
1 0.9562908496732027 0.4423828125 0.008986928104575163 0.02734375
