10 0.905517578125 0.3388671875 0.02978515625 0.083984375
10 0.711181640625 0.46875 0.01416015625 0.029947916666666668
10 0.70751953125 0.3723958333333333 0.0224609375 0.09765625
10 0.41748046875 0.23502604166666666 0.021484375 0.07942708333333333
12 0.705078125 0.4420572916666667 0.0400390625 0.016927083333333332
12 0.69775390625 0.2975260416666667 0.048828125 0.028645833333333332
12 0.476318359375 0.23893229166666666 0.03662109375 0.046875
1 0.911376953125 0.5647786458333334 0.03369140625 0.16471354166666666
1 0.840576171875 0.5719401041666666 0.03564453125 0.138671875
1 0.76513671875 0.5777994791666666 0.0400390625 0.13216145833333334
