3 0.3477777777777778 0.473125 0.025555555555555557 0.01625
3 0.3794444444444444 0.4740625 0.01888888888888889 0.014375
3 0.4922222222222222 0.474375 0.08777777777777777 0.035
3 0.5380555555555555 0.47 0.01611111111111111 0.015
3 0.5519444444444445 0.4703125 0.019444444444444445 0.015625
3 0.5708333333333333 0.47 0.021666666666666667 0.01375
3 0.5933333333333334 0.4696875 0.024444444444444446 0.013125
3 0.6144444444444445 0.47 0.02 0.01375
3 0.6727777777777778 0.4725 0.06444444444444444 0.0375
3 0.7169444444444445 0.4728125 0.115 0.053125
3 0.8591666666666666 0.480625 0.19277777777777777 0.09375
3 0.965 0.4978125 0.06888888888888889 0.126875
3 0.6636111111111112 0.4640625 0.09166666666666666 0.054375
