10 0.7175 0.309375 0.035 0.04125
10 0.37277777777777776 0.13625 0.03666666666666667 0.045
10 0.18333333333333332 0.144375 0.034444444444444444 0.04625
10 0.04638888888888889 0.0965625 0.058333333333333334 0.068125
12 0.43833333333333335 0.1415625 0.03 0.048125
12 0.23972222222222223 0.1521875 0.028333333333333332 0.049375
1 0.9730555555555556 0.44875 0.02722222222222222 0.09125
1 0.13972222222222222 0.49125 0.04055555555555555 0.09625
8 0.9488888888888889 0.43 0.027777777777777776 0.02125
3 0.029166666666666667 0.499375 0.058333333333333334 0.04625
3 0.08888888888888889 0.488125 0.07111111111111111 0.06125
3 0.14916666666666667 0.488125 0.08277777777777778 0.05625
3 0.20305555555555554 0.485 0.04722222222222222 0.045
3 0.2361111111111111 0.479375 0.034444444444444444 0.04
3 0.5269444444444444 0.5296875 0.34944444444444445 0.321875
3 0.28305555555555556 0.469375 0.07277777777777777 0.065
