10 0.6694444444444444 0.2690625 0.03777777777777778 0.070625
10 0.19694444444444445 0.43625 0.008333333333333333 0.00875
10 0.6686111111111112 0.3496875 0.007222222222222222 0.021875
10 0.35777777777777775 0.30875 0.03222222222222222 0.05125
10 0.345 0.3640625 0.013333333333333334 0.024375
10 0.35833333333333334 0.3634375 0.012222222222222223 0.024375
12 0.6725 0.3165625 0.03388888888888889 0.024375
12 0.7375 0.33125 0.04722222222222222 0.02
12 0.7169444444444445 0.25875 0.015 0.01125
12 0.34555555555555556 0.4190625 0.012222222222222223 0.019375
12 0.30444444444444446 0.384375 0.016666666666666666 0.0225
12 0.30444444444444446 0.4125 0.008888888888888889 0.01375
12 0.29194444444444445 0.400625 0.007222222222222222 0.01
12 0.2922222222222222 0.4140625 0.01 0.014375
12 0.20055555555555554 0.425625 0.011111111111111112 0.005
1 0.6844444444444444 0.4565625 0.028888888888888888 0.116875
1 0.6605555555555556 0.4603125 0.04666666666666667 0.124375
1 0.605 0.4534375 0.035555555555555556 0.123125
1 0.6316666666666667 0.4675 0.052222222222222225 0.1475
1 0.5805555555555556 0.474375 0.043333333333333335 0.14375
1 0.5377777777777778 0.4778125 0.04555555555555556 0.133125
1 0.9533333333333334 0.53125 0.09222222222222222 0.425
3 0.2222222222222222 0.4503125 0.014444444444444444 0.011875
3 0.19722222222222222 0.4521875 0.02 0.014375
3 0.12555555555555556 0.4575 0.034444444444444444 0.02625
3 0.2688888888888889 0.460625 0.04777777777777778 0.045
3 0.8352777777777778 0.4815625 0.18944444444444444 0.116875
11 0.3347222222222222 0.4671875 0.017222222222222222 0.043125
