10 0.05611111111111111 0.3653125 0.025555555555555557 0.031875
10 0.06916666666666667 0.2678125 0.025 0.068125
10 0.26361111111111113 0.3378125 0.012777777777777779 0.039375
10 0.25722222222222224 0.3953125 0.012222222222222223 0.016875
10 0.34444444444444444 0.4 0.012222222222222223 0.015
10 0.3541666666666667 0.353125 0.011666666666666667 0.04125
10 0.7855555555555556 0.3696875 0.012222222222222223 0.038125
10 0.7730555555555556 0.415625 0.010555555555555556 0.015
10 0.15916666666666668 0.35375 0.03611111111111111 0.03875
12 0.03666666666666667 0.330625 0.02666666666666667 0.0225
12 0.2436111111111111 0.375 0.015 0.01625
12 0.7830555555555555 0.400625 0.020555555555555556 0.01
12 0.6788888888888889 0.4378125 0.006666666666666667 0.010625
1 0.023055555555555555 0.486875 0.04611111111111111 0.14125
3 0.051944444444444446 0.4634375 0.10388888888888889 0.095625
3 0.5002777777777778 0.549375 0.3038888888888889 0.275
3 0.865 0.504375 0.2688888888888889 0.34
3 0.6261111111111111 0.4690625 0.03333333333333333 0.044375
