12 0.9277777777777778 0.385 0.0077777777777777776 0.03
12 0.8869444444444444 0.3878125 0.005 0.026875
12 0.8308333333333333 0.399375 0.005 0.02
3 0.9158333333333334 0.4971875 0.16722222222222222 0.155625
3 0.8613888888888889 0.49125 0.20944444444444443 0.13125
3 0.7477777777777778 0.4740625 0.22111111111111112 0.130625
3 0.5969444444444445 0.4515625 0.1738888888888889 0.111875
3 0.5025 0.4578125 0.02388888888888889 0.039375
3 0.03277777777777778 0.4609375 0.06555555555555556 0.023125
3 0.06916666666666667 0.4553125 0.055 0.030625
3 0.14666666666666667 0.458125 0.06 0.0225
3 0.21722222222222223 0.454375 0.03777777777777778 0.02125
3 0.43805555555555553 0.4646875 0.018333333333333333 0.016875
3 0.42055555555555557 0.466875 0.011111111111111112 0.0125
3 0.2802777777777778 0.4625 0.04722222222222222 0.03625
