12 0.8525 0.33625 0.012777777777777779 0.03625
12 0.6577777777777778 0.365 0.023333333333333334 0.01
3 0.8091666666666667 0.4521875 0.2561111111111111 0.100625
3 0.5541666666666667 0.43625 0.035 0.03125
3 0.5402777777777777 0.4296875 0.015 0.020625
3 0.5183333333333333 0.409375 0.013333333333333334 0.015
3 0.5252777777777777 0.4171875 0.017222222222222222 0.019375
3 0.4702777777777778 0.419375 0.018333333333333333 0.02
3 0.44 0.423125 0.01888888888888889 0.01875
3 0.45361111111111113 0.4153125 0.013888888888888888 0.014375
3 0.45666666666666667 0.4090625 0.013333333333333334 0.010625
