12 0.3422222222222222 0.4753125 0.005555555555555556 0.009375
3 0.8955555555555555 0.5325 0.20777777777777778 0.18625
3 0.34305555555555556 0.516875 0.06055555555555556 0.0625
3 0.46555555555555556 0.4959375 0.014444444444444444 0.010625
3 0.43194444444444446 0.5046875 0.029444444444444443 0.023125
3 0.5194444444444445 0.483125 0.01 0.00875
3 0.5475 0.4853125 0.011666666666666667 0.008125
3 0.5280555555555555 0.49125 0.011666666666666667 0.0075
3 0.5330555555555555 0.4809375 0.009444444444444445 0.009375
3 0.545 0.4784375 0.011111111111111112 0.006875
3 0.6886111111111111 0.525 0.03611111111111111 0.0825
6 0.8025 0.50625 0.19944444444444445 0.13875
3 0.5233333333333333 0.511875 0.03777777777777778 0.0375
