10 0.81884765625 0.4729817708333333 0.0205078125 0.060546875
10 0.70361328125 0.5104166666666666 0.0107421875 0.036458333333333336
10 0.29736328125 0.5110677083333334 0.013671875 0.03515625
10 0.123779296875 0.54296875 0.01220703125 0.018229166666666668
10 0.877197265625 0.5361328125 0.01025390625 0.016276041666666668
12 0.70166015625 0.54296875 0.0126953125 0.024739583333333332
12 0.30126953125 0.5423177083333334 0.013671875 0.0234375
12 0.2783203125 0.509765625 0.0205078125 0.016927083333333332
1 0.0927734375 0.6002604166666666 0.02734375 0.0703125
3 0.785888671875 0.6673177083333334 0.19775390625 0.19921875
3 0.87158203125 0.591796875 0.0498046875 0.0390625
3 0.63916015625 0.6028645833333334 0.076171875 0.08072916666666667
3 0.555419921875 0.5856119791666666 0.01904296875 0.022786458333333332
3 0.4169921875 0.5911458333333334 0.025390625 0.0234375
3 0.433837890625 0.587890625 0.01708984375 0.026041666666666668
3 0.47607421875 0.5703125 0.0458984375 0.07291666666666667
