10 0.2867647058823529 0.26220703125 0.024509803921568627 0.0830078125
10 0.3035130718954248 0.37841796875 0.018790849673202614 0.0244140625
10 0.26633986928104575 0.3759765625 0.024509803921568627 0.025390625
10 0.764297385620915 0.34423828125 0.01715686274509804 0.0380859375
10 0.7634803921568627 0.24169921875 0.03676470588235294 0.1240234375
1 0.14215686274509803 0.60498046875 0.04411764705882353 0.2333984375
1 0.17973856209150327 0.6064453125 0.049019607843137254 0.19140625
1 0.7275326797385621 0.57470703125 0.04493464052287582 0.1298828125
1 0.9513888888888888 0.541015625 0.022058823529411766 0.02734375
1 0.9881535947712419 0.53466796875 0.022058823529411766 0.0400390625
2 0.018790849673202614 0.6259765625 0.03758169934640523 0.078125
3 0.5241013071895425 0.52490234375 0.049836601307189546 0.0673828125
3 0.49673202614379086 0.525390625 0.011437908496732025 0.0234375
3 0.46119281045751637 0.51416015625 0.018790849673202614 0.0166015625
3 0.431781045751634 0.51220703125 0.015522875816993464 0.0126953125
1 0.02042483660130719 0.58740234375 0.04084967320261438 0.1591796875
