12 0.49921875 0.43310546875 0.0109375 0.0126953125
2 0.671875 0.74853515625 0.0921875 0.2177734375
3 0.75703125 0.5 0.1734375 0.115234375
3 0.733203125 0.45068359375 0.08046875 0.0322265625
3 0.583984375 0.54150390625 0.09765625 0.0947265625
3 0.541796875 0.50537109375 0.07890625 0.0791015625
3 0.50234375 0.4853515625 0.04375 0.044921875
3 0.322265625 0.4951171875 0.03671875 0.041015625
3 0.287890625 0.50341796875 0.05234375 0.0595703125
3 0.254296875 0.5263671875 0.07265625 0.068359375
3 0.21953125 0.4833984375 0.0328125 0.044921875
3 0.06015625 0.5224609375 0.1203125 0.056640625
3 0.116796875 0.69287109375 0.23359375 0.3212890625
1 0.675390625 0.66845703125 0.08671875 0.3076171875
