12 0.5627777777777778 0.4428125 0.0077777777777777776 0.008125
12 0.5630555555555555 0.4490625 0.007222222222222222 0.004375
12 0.5525 0.446875 0.005 0.00625
12 0.6111111111111112 0.425 0.0077777777777777776 0.0175
12 0.43277777777777776 0.4459375 0.008888888888888889 0.008125
12 0.43333333333333335 0.4521875 0.005555555555555556 0.004375
12 0.29583333333333334 0.456875 0.007222222222222222 0.01125
12 0.15777777777777777 0.4046875 0.07222222222222222 0.029375
12 0.8991666666666667 0.3371875 0.04388888888888889 0.046875
12 0.9011111111111111 0.373125 0.034444444444444444 0.02
3 0.5044444444444445 0.46625 0.042222222222222223 0.0425
3 0.4711111111111111 0.465625 0.017777777777777778 0.01625
3 0.12027777777777778 0.4790625 0.018333333333333333 0.013125
3 0.34694444444444444 0.471875 0.019444444444444445 0.01375
3 0.39861111111111114 0.4725 0.019444444444444445 0.01125
