1 0.50703125 0.47265625 0.009375 0.0390625
1 0.498828125 0.47265625 0.01015625 0.037109375
1 0.490234375 0.47119140625 0.01171875 0.0380859375
1 0.4703125 0.4599609375 0.00625 0.021484375
1 0.45859375 0.4609375 0.00625 0.01953125
1 0.48203125 0.45458984375 0.0046875 0.0126953125
3 0.057421875 0.64111328125 0.11484375 0.2978515625
3 0.13984375 0.6005859375 0.10625 0.142578125
3 0.20078125 0.56982421875 0.103125 0.1103515625
3 0.26328125 0.54150390625 0.0859375 0.0830078125
3 0.291015625 0.517578125 0.07578125 0.087890625
3 0.330859375 0.5146484375 0.03515625 0.0625
3 0.3625 0.49169921875 0.046875 0.0517578125
3 0.389453125 0.48828125 0.02265625 0.033203125
3 0.394140625 0.48193359375 0.02890625 0.0341796875
3 0.404296875 0.4736328125 0.03515625 0.03125
3 0.421484375 0.47265625 0.01640625 0.02734375
3 0.439453125 0.46630859375 0.01328125 0.0146484375
3 0.448046875 0.46044921875 0.01328125 0.0146484375
3 0.460546875 0.4541015625 0.01171875 0.009765625
3 0.944921875 0.80029296875 0.10859375 0.2705078125
3 0.7296875 0.60009765625 0.171875 0.1689453125
3 0.65234375 0.54443359375 0.1015625 0.1064453125
3 0.60234375 0.53076171875 0.0515625 0.0810546875
3 0.599609375 0.51123046875 0.07890625 0.0791015625
3 0.565625 0.4921875 0.046875 0.05859375
3 0.544140625 0.4912109375 0.01796875 0.044921875
3 0.54453125 0.4814453125 0.04375 0.05078125
3 0.523046875 0.47509765625 0.02578125 0.0419921875
3 0.176953125 0.4814453125 0.03671875 0.021484375
3 0.20859375 0.48095703125 0.04375 0.0224609375
3 0.244140625 0.474609375 0.03203125 0.015625
3 0.339453125 0.47265625 0.02890625 0.015625
3 0.339453125 0.46435546875 0.02578125 0.0126953125
3 0.314453125 0.4658203125 0.02578125 0.013671875
3 0.27734375 0.46875 0.034375 0.013671875
