12 0.480859375 0.44384765625 0.00546875 0.0087890625
12 0.4984375 0.44580078125 0.003125 0.0068359375
1 0.298046875 0.52685546875 0.02421875 0.0947265625
1 0.4109375 0.4775390625 0.009375 0.02734375
1 0.46796875 0.47021484375 0.00625 0.0224609375
1 0.499609375 0.47265625 0.00859375 0.025390625
2 0.3546875 0.5224609375 0.0203125 0.048828125
2 0.486328125 0.4912109375 0.01015625 0.029296875
3 0.421875 0.46630859375 0.0125 0.0146484375
3 0.412109375 0.46826171875 0.01640625 0.0185546875
3 0.39921875 0.4775390625 0.0171875 0.02734375
3 0.384765625 0.47998046875 0.02578125 0.0302734375
3 0.369140625 0.490234375 0.02890625 0.0390625
3 0.34765625 0.49658203125 0.0453125 0.0517578125
3 0.31640625 0.50537109375 0.0453125 0.0615234375
3 0.30078125 0.5146484375 0.0625 0.068359375
3 0.275 0.5390625 0.0375 0.072265625
3 0.221875 0.5419921875 0.1046875 0.103515625
3 0.1203125 0.5869140625 0.146875 0.158203125
3 0.054296875 0.64990234375 0.10859375 0.1728515625
3 0.451953125 0.46337890625 0.01171875 0.0126953125
3 0.4875 0.47119140625 0.0234375 0.0263671875
3 0.505859375 0.4677734375 0.01015625 0.015625
3 0.53125 0.46923828125 0.0109375 0.0283203125
3 0.56015625 0.47314453125 0.01875 0.0224609375
3 0.57890625 0.47607421875 0.01875 0.0224609375
3 0.622265625 0.4658203125 0.06796875 0.025390625
3 0.61328125 0.48779296875 0.071875 0.0478515625
3 0.667578125 0.48779296875 0.07421875 0.0615234375
3 0.7921875 0.46533203125 0.0453125 0.0439453125
3 0.73515625 0.49951171875 0.0828125 0.0791015625
3 0.79140625 0.494140625 0.028125 0.04296875
3 0.86796875 0.46728515625 0.121875 0.0341796875
3 0.863671875 0.47802734375 0.07734375 0.0205078125
3 0.94921875 0.4892578125 0.1 0.083984375
3 0.853515625 0.54833984375 0.15234375 0.1298828125
3 0.680859375 0.58251953125 0.15078125 0.1357421875
3 0.9625 0.56298828125 0.0734375 0.1728515625
1 0.355078125 0.50732421875 0.02109375 0.0615234375
1 0.486328125 0.48291015625 0.01015625 0.0400390625
