10 0.18777777777777777 0.379375 0.015555555555555555 0.0225
10 0.19555555555555557 0.305 0.016666666666666666 0.05125
10 0.31305555555555553 0.3278125 0.012777777777777779 0.044375
10 0.30194444444444446 0.38625 0.018333333333333333 0.0225
10 0.8530555555555556 0.3534375 0.015 0.049375
12 0.17027777777777778 0.3525 0.020555555555555556 0.02375
12 0.34555555555555556 0.384375 0.015555555555555555 0.025
12 0.6994444444444444 0.44 0.0077777777777777776 0.01125
3 0.5308333333333334 0.54625 0.2772222222222222 0.2575
3 0.8513888888888889 0.5 0.2961111111111111 0.27375
11 0.32972222222222225 0.4834375 0.015 0.044375
