10 0.68798828125 0.4889322916666667 0.013671875 0.01953125
10 0.61328125 0.5354817708333334 0.0078125 0.012369791666666666
10 0.28125 0.5026041666666666 0.0107421875 0.016927083333333332
12 0.28759765625 0.533203125 0.015625 0.032552083333333336
1 0.8828125 0.5651041666666666 0.0234375 0.07161458333333333
1 0.92431640625 0.5634765625 0.0224609375 0.056640625
1 0.33447265625 0.5641276041666666 0.009765625 0.021484375
1 0.260498046875 0.5869140625 0.01318359375 0.060546875
1 0.271728515625 0.5738932291666666 0.01025390625 0.039713541666666664
1 0.067138671875 0.5826822916666666 0.02685546875 0.061197916666666664
3 0.531494140625 0.5973307291666666 0.15966796875 0.12565104166666666
3 0.603515625 0.7350260416666666 0.3203125 0.3515625
3 0.410888671875 0.5810546875 0.06494140625 0.056640625
