10 0.5130718954248366 0.4921875 0.0032679738562091504 0.01171875
10 0.48856209150326796 0.501953125 0.0032679738562091504 0.009765625
12 0.443218954248366 0.49560546875 0.007352941176470588 0.0087890625
1 0.9019607843137255 0.525390625 0.017973856209150325 0.025390625
1 0.920751633986928 0.52734375 0.017973856209150325 0.025390625
1 0.934640522875817 0.52685546875 0.014705882352941176 0.0263671875
1 0.9689542483660131 0.52880859375 0.013071895424836602 0.0244140625
1 0.6613562091503268 0.51708984375 0.007352941176470588 0.0146484375
1 0.7826797385620915 0.51904296875 0.008169934640522876 0.0166015625
3 0.6360294117647058 0.607421875 0.1854575163398693 0.169921875
3 0.42483660130718953 0.59521484375 0.14705882352941177 0.1435546875
3 0.545751633986928 0.544921875 0.0718954248366013 0.078125
3 0.4959150326797386 0.52783203125 0.0392156862745098 0.0263671875
3 0.4632352941176471 0.53662109375 0.05065359477124183 0.0380859375
3 0.4542483660130719 0.51513671875 0.026143790849673203 0.0087890625
3 0.47794117647058826 0.515625 0.011437908496732025 0.013671875
3 0.48856209150326796 0.51318359375 0.016339869281045753 0.0087890625
