12 0.9416666666666667 0.4215625 0.0022222222222222222 0.006875
12 0.9097222222222222 0.4171875 0.002777777777777778 0.006875
12 0.5188888888888888 0.38625 0.016666666666666666 0.01875
12 0.5066666666666667 0.408125 0.013333333333333334 0.02
12 0.5072222222222222 0.42125 0.013333333333333334 0.00625
12 0.36916666666666664 0.4309375 0.009444444444444445 0.011875
12 0.13055555555555556 0.4303125 0.01 0.013125
3 0.9927777777777778 0.4334375 0.013333333333333334 0.028125
3 0.8886111111111111 0.4353125 0.04833333333333333 0.031875
3 0.8555555555555555 0.4378125 0.05555555555555555 0.033125
3 0.43527777777777776 0.4471875 0.009444444444444445 0.009375
3 0.41944444444444445 0.4434375 0.016666666666666666 0.019375
