12 0.33694444444444444 0.4440625 0.006111111111111111 0.011875
1 0.2619444444444444 0.4828125 0.017222222222222222 0.048125
1 0.19972222222222222 0.4871875 0.013888888888888888 0.043125
1 0.18083333333333335 0.4871875 0.010555555555555556 0.046875
1 0.15944444444444444 0.493125 0.017777777777777778 0.0375
1 0.14083333333333334 0.4875 0.015 0.055
1 0.12027777777777778 0.4959375 0.012777777777777779 0.034375
1 0.08805555555555555 0.495 0.018333333333333333 0.03875
3 0.8972222222222223 0.5421875 0.20444444444444446 0.219375
3 0.6197222222222222 0.48 0.10833333333333334 0.09625
3 0.5583333333333333 0.4771875 0.03777777777777778 0.035625
3 0.5133333333333333 0.48875 0.016666666666666666 0.015
3 0.4816666666666667 0.48625 0.023333333333333334 0.0225
3 0.4552777777777778 0.49 0.013888888888888888 0.01375
3 0.44083333333333335 0.4859375 0.01611111111111111 0.023125
3 0.42444444444444446 0.48375 0.023333333333333334 0.02625
3 0.4127777777777778 0.485625 0.01888888888888889 0.02375
3 0.3908333333333333 0.4809375 0.028333333333333332 0.036875
3 0.35055555555555556 0.4803125 0.056666666666666664 0.054375
3 0.7202777777777778 0.466875 0.05611111111111111 0.03875
