1 0.27416666666666667 0.4815625 0.021666666666666667 0.044375
1 0.5197222222222222 0.4884375 0.017222222222222222 0.046875
1 0.5888888888888889 0.4884375 0.016666666666666666 0.054375
1 0.5697222222222222 0.4921875 0.009444444444444445 0.043125
1 0.6125 0.490625 0.018333333333333333 0.0525
3 0.0038888888888888888 0.4709375 0.0077777777777777776 0.035625
3 0.009444444444444445 0.456875 0.01888888888888889 0.025
3 0.019444444444444445 0.4609375 0.01888888888888889 0.026875
3 0.06 0.4759375 0.07777777777777778 0.066875
3 0.021944444444444444 0.469375 0.012777777777777779 0.03375
3 0.11305555555555556 0.466875 0.042777777777777776 0.0275
3 0.1922222222222222 0.4715625 0.057777777777777775 0.033125
3 0.15666666666666668 0.46875 0.043333333333333335 0.03125
3 0.21 0.4540625 0.042222222222222223 0.016875
3 0.24138888888888888 0.47 0.04833333333333333 0.01625
3 0.2627777777777778 0.466875 0.042222222222222223 0.0175
3 0.30194444444444446 0.4590625 0.026111111111111113 0.023125
3 0.3561111111111111 0.4678125 0.023333333333333334 0.023125
3 0.3844444444444444 0.473125 0.017777777777777778 0.01625
3 0.4075 0.471875 0.018333333333333333 0.01875
3 0.4288888888888889 0.475625 0.01888888888888889 0.01625
3 0.45694444444444443 0.47625 0.028333333333333332 0.02375
