1 0.9533333333333334 0.4959375 0.058888888888888886 0.191875
1 0.6672222222222223 0.478125 0.017777777777777778 0.08375
1 0.6372222222222222 0.491875 0.05555555555555555 0.185
1 0.10694444444444444 0.4853125 0.041666666666666664 0.129375
1 0.1725 0.4859375 0.042777777777777776 0.129375
8 0.12638888888888888 0.4425 0.155 0.09125
3 0.9158333333333334 0.4965625 0.16722222222222222 0.159375
3 0.7488888888888889 0.4703125 0.1111111111111111 0.073125
3 0.07861111111111112 0.4790625 0.15722222222222224 0.108125
3 0.2975 0.4615625 0.029444444444444443 0.021875
3 0.23305555555555554 0.4746875 0.029444444444444443 0.026875
