12 0.48651960784313725 0.34716796875 0.041666666666666664 0.0166015625
12 0.47549019607843135 0.361328125 0.017973856209150325 0.009765625
12 0.7418300653594772 0.35498046875 0.013071895424836602 0.0283203125
8 0.5678104575163399 0.39404296875 0.05392156862745098 0.0439453125
4 0.7655228758169934 0.431640625 0.017973856209150325 0.03125
4 0.9677287581699346 0.55078125 0.06290849673202614 0.181640625
3 0.5379901960784313 0.43994140625 0.10375816993464053 0.1044921875
3 0.8296568627450981 0.443359375 0.09558823529411764 0.060546875
3 0.8937908496732027 0.44091796875 0.08006535947712418 0.0556640625
1 0.764297385620915 0.4228515625 0.018790849673202614 0.041015625
1 0.9750816993464052 0.54833984375 0.04820261437908497 0.1513671875
