12 0.9613888888888888 0.3115625 0.06166666666666667 0.015625
12 0.9602777777777778 0.32875 0.013888888888888888 0.01625
3 0.8738888888888889 0.49875 0.2511111111111111 0.2275
3 0.6338888888888888 0.4609375 0.03111111111111111 0.021875
3 0.5255555555555556 0.4590625 0.01888888888888889 0.018125
3 0.5577777777777778 0.46125 0.03 0.0175
3 0.5777777777777777 0.459375 0.021111111111111112 0.01625
3 0.5952777777777778 0.4565625 0.021666666666666667 0.016875
3 0.4413888888888889 0.4659375 0.042777777777777776 0.031875
3 0.26 0.4875 0.12333333333333334 0.09625
