1 0.05361111111111111 0.446875 0.012777777777777779 0.04375
1 0.07055555555555555 0.4465625 0.012222222222222223 0.034375
1 0.14472222222222222 0.4465625 0.012777777777777779 0.030625
3 0.8891666666666667 0.5053125 0.22055555555555556 0.285625
3 0.7608333333333334 0.4875 0.26722222222222225 0.16
3 0.6075 0.490625 0.08277777777777778 0.0825
3 0.5780555555555555 0.4678125 0.14722222222222223 0.089375
3 0.3983333333333333 0.44625 0.06333333333333334 0.02
3 0.3169444444444444 0.4440625 0.045 0.016875
3 0.30333333333333334 0.441875 0.03111111111111111 0.015
3 0.23222222222222222 0.4428125 0.03333333333333333 0.024375
3 0.20027777777777778 0.440625 0.029444444444444443 0.01375
3 0.17583333333333334 0.4409375 0.021666666666666667 0.011875
