10 0.42606209150326796 0.31982421875 0.013888888888888888 0.0517578125
10 0.5575980392156863 0.36083984375 0.012254901960784314 0.0361328125
10 0.190359477124183 0.3095703125 0.017973856209150325 0.0546875
10 0.7638888888888888 0.37353515625 0.00980392156862745 0.0361328125
1 0.6977124183006536 0.43798828125 0.00980392156862745 0.0361328125
1 0.13848039215686275 0.40771484375 0.012254901960784314 0.0595703125
1 0.14665032679738563 0.40673828125 0.013888888888888888 0.0615234375
1 0.028186274509803922 0.38671875 0.010620915032679739 0.03125
1 0.02042483660130719 0.38623046875 0.006535947712418301 0.0283203125
1 0.01184640522875817 0.3779296875 0.010620915032679739 0.0234375
1 0.12908496732026145 0.38330078125 0.006535947712418301 0.0224609375
1 0.12050653594771242 0.3798828125 0.007352941176470588 0.015625
1 0.25531045751633985 0.392578125 0.008986928104575163 0.021484375
3 0.5964052287581699 0.5390625 0.2875816993464052 0.2578125
3 0.5204248366013072 0.4306640625 0.1503267973856209 0.111328125
3 0.9093137254901961 0.458984375 0.0718954248366013 0.048828125
3 0.9722222222222222 0.46630859375 0.05392156862745098 0.0458984375
3 0.09272875816993464 0.380859375 0.041666666666666664 0.0234375
3 0.23570261437908496 0.40478515625 0.06290849673202614 0.0380859375
3 0.19362745098039216 0.40234375 0.06535947712418301 0.041015625
