10 0.07777777777777778 0.355625 0.01888888888888889 0.05375
10 0.07027777777777777 0.4115625 0.005 0.020625
10 0.3061111111111111 0.24125 0.021111111111111112 0.055
10 0.1275 0.39875 0.009444444444444445 0.025
10 0.22361111111111112 0.3984375 0.009444444444444445 0.038125
10 0.22 0.43 0.0077777777777777776 0.01125
10 0.31305555555555553 0.3428125 0.009444444444444445 0.025625
10 0.38083333333333336 0.3365625 0.009444444444444445 0.026875
10 0.39916666666666667 0.421875 0.002777777777777778 0.0075
10 0.42694444444444446 0.3909375 0.009444444444444445 0.033125
10 0.5188888888888888 0.3325 0.008888888888888889 0.0275
10 0.6513888888888889 0.40125 0.008333333333333333 0.02625
10 0.6533333333333333 0.4290625 0.005555555555555556 0.009375
10 0.6163888888888889 0.420625 0.007222222222222222 0.01
10 0.6302777777777778 0.42 0.008333333333333333 0.00875
10 0.8208333333333333 0.37375 0.007222222222222222 0.025
10 0.7408333333333333 0.396875 0.009444444444444445 0.01875
12 0.3016666666666667 0.34125 0.0077777777777777776 0.015
12 0.4330555555555556 0.4225 0.010555555555555556 0.015
12 0.4191666666666667 0.4196875 0.011666666666666667 0.016875
12 0.27416666666666667 0.23 0.02277777777777778 0.025
1 0.2088888888888889 0.4665625 0.013333333333333334 0.044375
1 0.20083333333333334 0.469375 0.010555555555555556 0.04375
2 0.3452777777777778 0.481875 0.03833333333333333 0.03
3 0.3788888888888889 0.459375 0.024444444444444446 0.0175
3 0.39444444444444443 0.459375 0.011111111111111112 0.0125
3 0.45611111111111113 0.4809375 0.09444444444444444 0.085625
3 0.6136111111111111 0.4903125 0.09944444444444445 0.081875
3 0.7091666666666666 0.514375 0.16166666666666665 0.13875
3 0.8711111111111111 0.570625 0.25666666666666665 0.4725
7 0.655 0.424375 0.39 0.09875
1 0.34305555555555556 0.47 0.02277777777777778 0.04625
1 0.7102777777777778 0.43625 0.021666666666666667 0.02
11 0.2361111111111111 0.474375 0.005555555555555556 0.02125
