2 0.85 0.53 0.09777777777777778 0.19375
2 0.8994444444444445 0.514375 0.12 0.215
2 0.9438888888888889 0.5309375 0.1111111111111111 0.175625
2 0.7513888888888889 0.49 0.06388888888888888 0.13625
2 0.4013888888888889 0.500625 0.019444444444444445 0.05375
2 0.4797222222222222 0.5309375 0.055 0.134375
2 0.5744444444444444 0.5359375 0.06222222222222222 0.139375
3 0.08555555555555555 0.5084375 0.15 0.125625
3 0.34055555555555556 0.4775 0.06111111111111111 0.05375
1 0.4002777777777778 0.471875 0.028333333333333332 0.08
1 0.4811111111111111 0.484375 0.06222222222222222 0.18875
1 0.5791666666666667 0.4746875 0.07388888888888889 0.220625
11 0.25416666666666665 0.4853125 0.011666666666666667 0.029375
