12 0.498046875 0.4384765625 0.00703125 0.0078125
12 0.498046875 0.44384765625 0.00390625 0.0029296875
1 0.609765625 0.49169921875 0.02109375 0.0673828125
2 0.498046875 0.52099609375 0.01015625 0.0458984375
2 0.6484375 0.50244140625 0.0203125 0.0341796875
3 0.015234375 0.64453125 0.03046875 0.1640625
3 0.07109375 0.607421875 0.1421875 0.146484375
3 0.248046875 0.52685546875 0.08984375 0.0947265625
3 0.30390625 0.5146484375 0.046875 0.05859375
3 0.33359375 0.501953125 0.040625 0.041015625
3 0.34921875 0.49365234375 0.0359375 0.0478515625
3 0.369140625 0.48974609375 0.01484375 0.0341796875
3 0.37890625 0.48486328125 0.021875 0.0302734375
3 0.390625 0.4765625 0.0203125 0.025390625
3 0.4015625 0.47314453125 0.015625 0.0244140625
3 0.41015625 0.46826171875 0.0140625 0.0205078125
3 0.416796875 0.46533203125 0.01328125 0.0205078125
3 0.444140625 0.462890625 0.01484375 0.017578125
3 0.951171875 0.5341796875 0.09609375 0.1328125
3 0.90234375 0.46923828125 0.19375 0.1748046875
3 0.74609375 0.48583984375 0.1265625 0.0634765625
3 0.730078125 0.45556640625 0.07890625 0.0400390625
3 0.622265625 0.46923828125 0.04609375 0.0380859375
3 0.524609375 0.486328125 0.03515625 0.04296875
3 0.5453125 0.46728515625 0.0171875 0.0361328125
1 0.49609375 0.50146484375 0.01875 0.0751953125
1 0.648828125 0.48486328125 0.02109375 0.0517578125
