6 0.49333333333333335 0.45625 0.022222222222222223 0.03375
10 0.5444444444444444 0.4365625 0.0044444444444444444 0.008125
12 0.8152777777777778 0.3521875 0.030555555555555555 0.044375
12 0.8127777777777778 0.31 0.01888888888888889 0.03125
12 0.7025 0.395625 0.01611111111111111 0.02
12 0.5961111111111111 0.420625 0.012222222222222223 0.01625
12 0.4313888888888889 0.43 0.013888888888888888 0.005
1 0.09305555555555556 0.48875 0.017222222222222222 0.07125
1 0.9552777777777778 0.5284375 0.08388888888888889 0.271875
1 0.9213888888888889 0.485 0.03388888888888889 0.11875
1 0.8775 0.4778125 0.02388888888888889 0.121875
1 0.5888888888888889 0.455625 0.005555555555555556 0.0125
3 0.8983333333333333 0.44375 0.07888888888888888 0.045
3 0.7869444444444444 0.49875 0.1938888888888889 0.16
3 0.6066666666666667 0.476875 0.05333333333333334 0.04625
3 0.5677777777777778 0.4709375 0.04111111111111111 0.033125
3 0.5530555555555555 0.4625 0.035 0.0375
3 0.5263888888888889 0.464375 0.015 0.01125
3 0.5175 0.46375 0.009444444444444445 0.00875
3 0.5111111111111111 0.4634375 0.005555555555555556 0.005625
3 0.4772222222222222 0.4628125 0.013333333333333334 0.013125
3 0.46166666666666667 0.464375 0.017777777777777778 0.02
3 0.4475 0.4646875 0.017222222222222222 0.031875
3 0.40555555555555556 0.4728125 0.08 0.083125
