12 0.670703125 0.404296875 0.04140625 0.052734375
12 0.672265625 0.43505859375 0.02421875 0.0087890625
12 0.751171875 0.4052734375 0.02109375 0.037109375
12 0.096875 0.40283203125 0.0140625 0.0107421875
1 0.952734375 0.5341796875 0.03203125 0.1328125
2 0.637109375 0.59326171875 0.05078125 0.1123046875
2 0.97421875 0.65869140625 0.05 0.1533203125
2 0.879296875 0.66650390625 0.09453125 0.1689453125
2 0.815234375 0.5830078125 0.06640625 0.126953125
2 0.878125 0.5068359375 0.0796875 0.07421875
2 0.734765625 0.55712890625 0.03359375 0.0810546875
3 0.876953125 0.46240234375 0.10546875 0.0556640625
3 0.126953125 0.490234375 0.03046875 0.021484375
3 0.04453125 0.4990234375 0.040625 0.025390625
3 0.627734375 0.51171875 0.13203125 0.072265625
3 0.641796875 0.45947265625 0.02265625 0.0185546875
1 0.637109375 0.55908203125 0.06953125 0.1494140625
