10 0.30637254901960786 0.35986328125 0.006535947712418301 0.0205078125
10 0.39419934640522875 0.25 0.02369281045751634 0.033203125
12 0.7691993464052288 0.32958984375 0.03676470588235294 0.0341796875
12 0.7610294117647058 0.35546875 0.022058823529411766 0.0234375
12 0.18259803921568626 0.2734375 0.041666666666666664 0.05078125
3 0.8190359477124183 0.50439453125 0.3602941176470588 0.2353515625
3 0.9595588235294118 0.46875 0.07924836601307189 0.064453125
3 0.6527777777777778 0.40087890625 0.06699346405228758 0.0244140625
3 0.6090686274509803 0.421875 0.09395424836601307 0.072265625
3 0.5633169934640523 0.466796875 0.1576797385620915 0.123046875
3 0.5343137254901961 0.3916015625 0.08986928104575163 0.060546875
3 0.4660947712418301 0.41796875 0.07598039215686274 0.064453125
3 0.38112745098039214 0.4013671875 0.051470588235294115 0.046875
3 0.32230392156862747 0.40185546875 0.051470588235294115 0.0498046875
3 0.42116013071895425 0.412109375 0.028594771241830064 0.0390625
3 0.023284313725490197 0.3896484375 0.04656862745098039 0.052734375
3 0.27124183006535946 0.3994140625 0.027777777777777776 0.0390625
3 0.4522058823529412 0.380859375 0.061274509803921566 0.048828125
79 0.20302287581699346 0.3740234375 0.14787581699346405 0.1015625
