10 0.9236111111111112 0.410625 0.017222222222222222 0.0225
10 0.9161111111111111 0.35125 0.02 0.06625
10 0.7941666666666667 0.3165625 0.03388888888888889 0.083125
10 0.7847222222222222 0.32375 0.030555555555555555 0.07875
10 0.7902777777777777 0.259375 0.015 0.035
10 0.7452777777777778 0.2834375 0.013888888888888888 0.043125
10 0.7952777777777778 0.396875 0.025 0.0275
10 0.5816666666666667 0.41625 0.01 0.0275
10 0.5822222222222222 0.441875 0.0077777777777777776 0.00875
10 0.26722222222222225 0.4175 0.011111111111111112 0.03
10 0.2633333333333333 0.4440625 0.0077777777777777776 0.008125
10 0.21166666666666667 0.4178125 0.008888888888888889 0.025625
10 0.20916666666666667 0.445 0.008333333333333333 0.01375
10 0.17527777777777778 0.333125 0.010555555555555556 0.0325
10 0.135 0.3 0.012222222222222223 0.04
10 0.020833333333333332 0.3890625 0.026111111111111113 0.028125
10 0.029444444444444443 0.32 0.023333333333333334 0.07625
12 0.8647222222222222 0.306875 0.03722222222222222 0.03125
12 0.7808333333333334 0.46625 0.006111111111111111 0.025
12 0.7811111111111111 0.488125 0.023333333333333334 0.00875
12 0.5236111111111111 0.4446875 0.008333333333333333 0.011875
12 0.17972222222222223 0.3765625 0.017222222222222222 0.016875
12 0.0636111111111111 0.46125 0.009444444444444445 0.02625
12 0.04888888888888889 0.435625 0.005555555555555556 0.01625
12 0.07277777777777777 0.4434375 0.0044444444444444444 0.013125
2 0.6294444444444445 0.5659375 0.23666666666666666 0.185625
3 0.5086111111111111 0.474375 0.02388888888888889 0.02375
3 0.49972222222222223 0.4675 0.01611111111111111 0.01375
3 0.4936111111111111 0.465 0.011666666666666667 0.015
3 0.4575 0.48125 0.08166666666666667 0.04875
3 0.42 0.4646875 0.012222222222222223 0.014375
3 0.022222222222222223 0.4753125 0.044444444444444446 0.035625
3 0.9847222222222223 0.4878125 0.029444444444444443 0.034375
1 0.6391666666666667 0.5046875 0.11166666666666666 0.239375
11 0.7486111111111111 0.489375 0.005 0.0125
