12 0.369921875 0.4296875 0.01953125 0.0078125
12 0.512890625 0.42822265625 0.00859375 0.0126953125
1 0.617578125 0.50146484375 0.01640625 0.0654296875
1 0.63984375 0.50048828125 0.0125 0.0615234375
1 0.658203125 0.4990234375 0.00703125 0.0625
1 0.1515625 0.52880859375 0.01875 0.0810546875
1 0.171875 0.52490234375 0.0265625 0.0869140625
2 0.184765625 0.54443359375 0.01640625 0.0517578125
3 0.471484375 0.466796875 0.02578125 0.029296875
3 0.279296875 0.49267578125 0.03046875 0.0361328125
3 0.19765625 0.5 0.0984375 0.05859375
3 0.142578125 0.4765625 0.04609375 0.01953125
3 0.966796875 0.54150390625 0.06484375 0.0908203125
11 0.22578125 0.54150390625 0.0125 0.0400390625
11 0.374609375 0.4765625 0.00390625 0.013671875
