12 0.6105555555555555 0.441875 0.014444444444444444 0.0175
12 0.45416666666666666 0.4471875 0.008333333333333333 0.009375
12 0.16166666666666665 0.4215625 0.021111111111111112 0.024375
12 0.16527777777777777 0.3728125 0.06166666666666667 0.073125
12 0.42583333333333334 0.4496875 0.013888888888888888 0.010625
3 0.5341666666666667 0.4653125 0.026111111111111113 0.025625
3 0.5077777777777778 0.4628125 0.017777777777777778 0.015625
3 0.04638888888888889 0.468125 0.07833333333333334 0.03625
3 0.2783333333333333 0.420625 0.01 0.00875
3 0.2863888888888889 0.42125 0.006111111111111111 0.00625
3 0.38083333333333336 0.45875 0.01611111111111111 0.0075
3 0.38027777777777777 0.419375 0.013888888888888888 0.005
8 0.8094444444444444 0.435 0.38 0.37375
