12 0.4812091503267974 0.404296875 0.0196078431372549 0.02734375
12 0.47998366013071897 0.4208984375 0.01715686274509804 0.005859375
12 0.7990196078431373 0.392578125 0.026143790849673203 0.029296875
12 0.801062091503268 0.41357421875 0.02042483660130719 0.0068359375
12 0.6180555555555556 0.43701171875 0.008986928104575163 0.0048828125
12 0.6168300653594772 0.44140625 0.006535947712418301 0.00390625
1 0.6151960784313726 0.4677734375 0.006535947712418301 0.021484375
1 0.6294934640522876 0.4677734375 0.005718954248366013 0.01953125
2 0.6883169934640523 0.490234375 0.018790849673202614 0.044921875
2 0.9795751633986928 0.6591796875 0.0392156862745098 0.21484375
4 0.5735294117647058 0.51171875 0.03758169934640523 0.06640625
3 0.5870098039215687 0.47802734375 0.025326797385620915 0.0400390625
3 0.6021241830065359 0.466796875 0.014705882352941176 0.015625
3 0.5698529411764706 0.443359375 0.012254901960784314 0.01171875
3 0.6225490196078431 0.4599609375 0.014705882352941176 0.015625
3 0.6433823529411765 0.45751953125 0.012254901960784314 0.0107421875
3 0.6687091503267973 0.4501953125 0.010620915032679739 0.009765625
3 0.6576797385620915 0.45361328125 0.006535947712418301 0.0068359375
1 0.6879084967320261 0.4775390625 0.0196078431372549 0.0625
1 0.983251633986928 0.58203125 0.031862745098039214 0.267578125
1 0.5735294117647058 0.49462890625 0.03431372549019608 0.0810546875
