10 0.7458333333333333 0.331875 0.019444444444444445 0.05375
10 0.7441666666666666 0.381875 0.015 0.01625
10 0.5708333333333333 0.2271875 0.021666666666666667 0.053125
10 0.2975 0.35125 0.021666666666666667 0.05125
10 0.29444444444444445 0.3975 0.014444444444444444 0.0175
1 0.9416666666666667 0.4434375 0.021111111111111112 0.075625
1 0.9105555555555556 0.45375 0.028888888888888888 0.06625
1 0.5769444444444445 0.4534375 0.0038888888888888888 0.010625
1 0.5422222222222223 0.4525 0.0044444444444444444 0.02125
1 0.3427777777777778 0.4575 0.012222222222222223 0.03875
1 0.28055555555555556 0.4615625 0.017777777777777778 0.058125
1 0.26666666666666666 0.4640625 0.02 0.056875
1 0.043333333333333335 0.50875 0.08444444444444445 0.18625
2 0.9563888888888888 0.4590625 0.06055555555555556 0.045625
2 0.63 0.46625 0.016666666666666666 0.0325
2 0.6577777777777778 0.4671875 0.016666666666666666 0.031875
2 0.20694444444444443 0.501875 0.08166666666666667 0.05875
3 0.9477777777777778 0.6228125 0.10333333333333333 0.278125
3 0.5247222222222222 0.45375 0.02722222222222222 0.0425
3 0.49527777777777776 0.45125 0.05388888888888889 0.04125
3 0.47833333333333333 0.4715625 0.08666666666666667 0.056875
3 0.4272222222222222 0.4671875 0.017777777777777778 0.036875
3 0.39055555555555554 0.46375 0.06555555555555556 0.05875
3 0.3566666666666667 0.4571875 0.017777777777777778 0.023125
3 0.3333333333333333 0.45875 0.013333333333333334 0.0225
1 0.6561111111111111 0.455 0.014444444444444444 0.04125
1 0.6283333333333333 0.4515625 0.016666666666666666 0.054375
1 0.21 0.4721875 0.042222222222222223 0.074375
