10 0.5330555555555555 0.4378125 0.0038888888888888888 0.009375
10 0.51 0.4365625 0.006666666666666667 0.010625
10 0.4816666666666667 0.431875 0.0077777777777777776 0.0125
12 0.6636111111111112 0.4225 0.028333333333333332 0.04
12 0.6625 0.363125 0.03611111111111111 0.07625
12 0.6091666666666666 0.4284375 0.01611111111111111 0.018125
12 0.6094444444444445 0.44125 0.013333333333333334 0.0075
12 0.5922222222222222 0.4346875 0.01888888888888889 0.018125
12 0.5466666666666666 0.446875 0.016666666666666666 0.005
12 0.5205555555555555 0.435625 0.006666666666666667 0.00875
12 0.44 0.4640625 0.005555555555555556 0.004375
12 0.2838888888888889 0.44125 0.0077777777777777776 0.01875
1 0.7144444444444444 0.480625 0.028888888888888888 0.08625
1 0.6991666666666667 0.4403125 0.015 0.045625
1 0.7094444444444444 0.43625 0.008888888888888889 0.02625
1 0.3452777777777778 0.48 0.007222222222222222 0.025
1 0.30416666666666664 0.4815625 0.007222222222222222 0.028125
1 0.2997222222222222 0.4809375 0.008333333333333333 0.030625
1 0.23416666666666666 0.4884375 0.015 0.048125
1 0.21972222222222224 0.4928125 0.011666666666666667 0.036875
1 0.1988888888888889 0.4840625 0.014444444444444444 0.036875
1 0.21305555555555555 0.4865625 0.010555555555555556 0.033125
1 0.24666666666666667 0.4859375 0.01 0.036875
2 0.26916666666666667 0.4890625 0.015 0.028125
3 0.5155555555555555 0.501875 0.10666666666666667 0.10375
3 0.5613888888888889 0.4796875 0.02388888888888889 0.050625
3 0.38083333333333336 0.479375 0.05277777777777778 0.045
1 0.86 0.48875 0.023333333333333334 0.095
1 0.2683333333333333 0.4803125 0.015555555555555555 0.039375
