12 0.6797222222222222 0.3721875 0.018333333333333333 0.033125
3 0.6233333333333333 0.5046875 0.12555555555555556 0.100625
3 0.5744444444444444 0.4784375 0.08444444444444445 0.086875
3 0.5302777777777777 0.4740625 0.030555555555555555 0.055625
3 0.5147222222222222 0.474375 0.013888888888888888 0.03625
3 0.5027777777777778 0.4725 0.02 0.02375
3 0.49833333333333335 0.46625 0.02666666666666667 0.02625
3 0.29833333333333334 0.4759375 0.13666666666666666 0.145625
3 0.48083333333333333 0.469375 0.009444444444444445 0.01
3 0.4672222222222222 0.4696875 0.008888888888888889 0.008125
3 0.45305555555555554 0.471875 0.006111111111111111 0.005
3 0.44277777777777777 0.4703125 0.005555555555555556 0.006875
3 0.43277777777777776 0.46875 0.011111111111111112 0.01
3 0.4475 0.47125 0.0038888888888888888 0.005
3 0.4236111111111111 0.4696875 0.009444444444444445 0.014375
3 0.4116666666666667 0.470625 0.01888888888888889 0.0175
3 0.4 0.474375 0.013333333333333334 0.02125
3 0.385 0.475 0.024444444444444446 0.0275
3 0.375 0.478125 0.02 0.02875
3 0.043611111111111114 0.489375 0.06055555555555556 0.0475
3 0.02666666666666667 0.451875 0.03222222222222222 0.02875
3 0.058611111111111114 0.45 0.03388888888888889 0.0325
3 0.10805555555555556 0.44875 0.07944444444444444 0.04625
3 0.16944444444444445 0.448125 0.04777777777777778 0.03375
3 0.20666666666666667 0.45125 0.03888888888888889 0.03125
11 0.8605555555555555 0.52875 0.03333333333333333 0.09625
