10 0.7919444444444445 0.379375 0.011666666666666667 0.02875
10 0.7661111111111111 0.380625 0.013333333333333334 0.0375
10 0.7686111111111111 0.4159375 0.007222222222222222 0.011875
10 0.3136111111111111 0.339375 0.012777777777777779 0.03125
10 0.4572222222222222 0.3471875 0.013333333333333334 0.031875
10 0.5455555555555556 0.4003125 0.013333333333333334 0.030625
10 0.5472222222222223 0.4296875 0.01 0.010625
12 0.3333333333333333 0.334375 0.01888888888888889 0.0225
12 0.49194444444444446 0.3784375 0.04388888888888889 0.013125
12 0.29694444444444446 0.448125 0.013888888888888888 0.02
12 0.9055555555555556 0.374375 0.014444444444444444 0.03375
1 0.6997222222222222 0.465625 0.018333333333333333 0.05375
3 0.9852777777777778 0.448125 0.028333333333333332 0.055
3 0.8572222222222222 0.46 0.12666666666666668 0.055
3 0.7233333333333334 0.456875 0.09111111111111111 0.035
3 0.4533333333333333 0.500625 0.2011111111111111 0.2075
3 0.3194444444444444 0.4809375 0.02666666666666667 0.024375
3 0.26472222222222225 0.4846875 0.04833333333333333 0.040625
3 0.22694444444444445 0.4871875 0.03611111111111111 0.035625
3 0.20305555555555554 0.49 0.028333333333333332 0.03625
3 0.10972222222222222 0.530625 0.21944444444444444 0.21375
11 0.9536111111111111 0.4653125 0.011666666666666667 0.024375
10 0.9233333333333333 0.210625 0.017777777777777778 0.0425
10 0.9963888888888889 0.1371875 0.006111111111111111 0.033125
12 0.9472222222222222 0.19375 0.012222222222222223 0.0375
