12 0.19812091503267973 0.48046875 0.015522875816993464 0.029296875
12 0.29125816993464054 0.5009765625 0.010620915032679739 0.005859375
12 0.29125816993464054 0.50927734375 0.010620915032679739 0.0087890625
12 0.29125816993464054 0.48974609375 0.013888888888888888 0.0166015625
12 0.3443627450980392 0.50634765625 0.008986928104575163 0.0166015625
12 0.9252450980392157 0.47412109375 0.04820261437908497 0.0205078125
12 0.9236111111111112 0.43798828125 0.04493464052287582 0.0498046875
12 0.923202614379085 0.3916015625 0.042483660130718956 0.044921875
12 0.923202614379085 0.3486328125 0.042483660130718956 0.044921875
1 0.983251633986928 0.58544921875 0.031862745098039214 0.1162109375
1 0.829248366013072 0.55859375 0.0196078431372549 0.0703125
1 0.8047385620915033 0.56298828125 0.0196078431372549 0.0732421875
1 0.068218954248366 0.55419921875 0.018790849673202614 0.0634765625
4 0.4889705882352941 0.5791015625 0.02696078431372549 0.060546875
3 0.16380718954248366 0.5859375 0.1380718954248366 0.0859375
3 0.34068627450980393 0.55615234375 0.05065359477124183 0.0419921875
3 0.41421568627450983 0.55615234375 0.04411764705882353 0.0380859375
3 0.48651960784313725 0.55908203125 0.04820261437908497 0.0498046875
3 0.4493464052287582 0.52978515625 0.017973856209150325 0.0166015625
3 0.5351307189542484 0.52392578125 0.016339869281045753 0.0185546875
3 0.47630718954248363 0.5224609375 0.021241830065359478 0.015625
3 0.4963235294117647 0.513671875 0.013888888888888888 0.01171875
3 0.508578431372549 0.513671875 0.008986928104575163 0.009765625
1 0.4897875816993464 0.5634765625 0.025326797385620915 0.06640625
