10 0.9825 0.083125 0.03388888888888889 0.07875
10 0.8405555555555555 0.2921875 0.015555555555555555 0.046875
10 0.6594444444444445 0.375625 0.016666666666666666 0.015
10 0.6577777777777778 0.3240625 0.012222222222222223 0.029375
10 0.4519444444444444 0.2475 0.009444444444444445 0.0275
10 0.2980555555555556 0.2628125 0.008333333333333333 0.020625
12 0.6705555555555556 0.3625 0.025555555555555557 0.01
12 0.6486111111111111 0.280625 0.055 0.02625
12 0.555 0.3940625 0.01 0.014375
1 0.6711111111111111 0.4475 0.03333333333333333 0.04375
3 0.8772222222222222 0.395625 0.24444444444444444 0.1325
3 0.46555555555555556 0.4309375 0.02 0.015625
3 0.012777777777777779 0.4709375 0.025555555555555557 0.040625
