1 0.38203125 0.49072265625 0.009375 0.0185546875
2 0.427734375 0.49658203125 0.00703125 0.0224609375
2 0.377734375 0.60595703125 0.03046875 0.0888671875
3 0.17265625 0.4990234375 0.0484375 0.03125
3 0.200390625 0.55126953125 0.11953125 0.1162109375
3 0.26953125 0.54345703125 0.040625 0.0771484375
3 0.28671875 0.53369140625 0.0453125 0.0654296875
3 0.303125 0.52490234375 0.046875 0.0576171875
3 0.235546875 0.48828125 0.04609375 0.029296875
3 0.351171875 0.50146484375 0.02109375 0.0302734375
3 0.319140625 0.50732421875 0.05703125 0.0732421875
3 0.3859375 0.49365234375 0.0203125 0.0263671875
3 0.395703125 0.4873046875 0.02578125 0.025390625
3 0.4578125 0.48486328125 0.0421875 0.0224609375
3 0.509765625 0.48193359375 0.03203125 0.0185546875
3 0.51640625 0.51220703125 0.0171875 0.0556640625
3 0.534375 0.521484375 0.0375 0.076171875
3 0.56328125 0.52685546875 0.0578125 0.0986328125
3 0.64140625 0.578125 0.1296875 0.126953125
1 0.427734375 0.48681640625 0.00859375 0.0302734375
1 0.37265625 0.5517578125 0.0484375 0.150390625
1 0.491796875 0.5595703125 0.04296875 0.15234375
37 0.49453125 0.6376953125 0.021875 0.01171875
79 0.61796875 0.48779296875 0.078125 0.0908203125
