2 0.9227777777777778 0.5334375 0.15333333333333332 0.146875
2 0.5655555555555556 0.54 0.14222222222222222 0.11375
2 0.45694444444444443 0.52625 0.115 0.1025
2 0.29694444444444446 0.5175 0.04055555555555555 0.07375
2 0.20277777777777778 0.513125 0.03111111111111111 0.06875
3 0.0825 0.5 0.165 0.1
3 0.24805555555555556 0.475625 0.06944444444444445 0.07125
3 0.35694444444444445 0.4803125 0.07055555555555555 0.055625
3 0.39222222222222225 0.4703125 0.042222222222222223 0.045625
3 0.41388888888888886 0.4671875 0.013333333333333334 0.028125
3 0.4961111111111111 0.471875 0.008888888888888889 0.0075
3 0.5872222222222222 0.4725 0.04111111111111111 0.065
3 0.5211111111111111 0.4709375 0.01888888888888889 0.031875
1 0.9197222222222222 0.4803125 0.09833333333333333 0.185625
1 0.5613888888888889 0.4903125 0.08611111111111111 0.159375
1 0.45444444444444443 0.4753125 0.07777777777777778 0.163125
1 0.29555555555555557 0.4890625 0.044444444444444446 0.099375
1 0.20027777777777778 0.4825 0.03611111111111111 0.09375
