10 0.85703125 0.43017578125 0.0109375 0.0556640625
10 0.519140625 0.41552734375 0.01015625 0.0263671875
10 0.509375 0.421875 0.0078125 0.021484375
10 0.61484375 0.41748046875 0.0046875 0.0126953125
10 0.45703125 0.3857421875 0.00625 0.01953125
10 0.415234375 0.37255859375 0.00703125 0.0205078125
10 0.37109375 0.41943359375 0.00625 0.0126953125
12 0.707421875 0.39892578125 0.01484375 0.0263671875
12 0.674609375 0.3935546875 0.03203125 0.009765625
12 0.273828125 0.4228515625 0.01484375 0.0234375
1 0.94296875 0.48291015625 0.0390625 0.0732421875
1 0.84140625 0.4755859375 0.021875 0.03515625
1 0.780859375 0.48828125 0.02890625 0.048828125
1 0.7140625 0.4951171875 0.0234375 0.08203125
1 0.73671875 0.47509765625 0.01875 0.0302734375
1 0.66171875 0.4775390625 0.015625 0.05078125
1 0.650390625 0.4755859375 0.01328125 0.0546875
1 0.638671875 0.4853515625 0.01484375 0.052734375
1 0.62265625 0.4677734375 0.009375 0.03515625
1 0.3375 0.4716796875 0.0078125 0.01953125
1 0.326953125 0.4765625 0.01328125 0.0234375
1 0.309375 0.47412109375 0.0109375 0.0263671875
1 0.207421875 0.48681640625 0.02109375 0.0537109375
2 0.48046875 0.47509765625 0.0078125 0.0205078125
4 0.503125 0.4736328125 0.021875 0.021484375
3 0.92421875 0.71240234375 0.15 0.2763671875
3 0.704296875 0.47509765625 0.03984375 0.0361328125
3 0.69609375 0.46484375 0.0546875 0.056640625
3 0.533984375 0.474609375 0.04609375 0.052734375
3 0.79765625 0.470703125 0.046875 0.03515625
3 0.4921875 0.46337890625 0.0140625 0.0126953125
3 0.47734375 0.4580078125 0.0140625 0.01171875
3 0.468359375 0.458984375 0.00703125 0.01171875
3 0.46171875 0.458984375 0.009375 0.009765625
3 0.446484375 0.45751953125 0.01015625 0.0087890625
3 0.387890625 0.466796875 0.04140625 0.05078125
1 0.480859375 0.466796875 0.00859375 0.0234375
8 0.680859375 0.4521484375 0.12578125 0.056640625
