10 0.19305555555555556 0.26875 0.010555555555555556 0.0375
10 0.3258333333333333 0.2765625 0.009444444444444445 0.038125
10 0.5188888888888888 0.3775 0.01 0.03625
10 0.7458333333333333 0.36625 0.012777777777777779 0.03625
10 0.7780555555555555 0.41125 0.012777777777777779 0.015
10 0.7513888888888889 0.411875 0.008333333333333333 0.015
12 0.22305555555555556 0.2659375 0.018333333333333333 0.019375
12 0.5116666666666667 0.319375 0.021111111111111112 0.01375
12 0.5125 0.421875 0.011666666666666667 0.01875
12 0.42194444444444446 0.455 0.0038888888888888888 0.00625
12 0.45361111111111113 0.439375 0.005 0.00875
12 0.45416666666666666 0.44875 0.005 0.00625
12 0.11166666666666666 0.455 0.0077777777777777776 0.01125
1 0.435 0.476875 0.008888888888888889 0.02
1 0.4686111111111111 0.47375 0.009444444444444445 0.02625
1 0.4836111111111111 0.4715625 0.010555555555555556 0.030625
1 0.5055555555555555 0.4734375 0.0077777777777777776 0.025625
1 0.6322222222222222 0.4671875 0.017777777777777778 0.050625
1 0.6725 0.4603125 0.01611111111111111 0.056875
1 0.6922222222222222 0.455625 0.013333333333333334 0.03125
1 0.6475 0.4678125 0.012777777777777779 0.036875
1 0.8394444444444444 0.470625 0.03777777777777778 0.1325
1 0.8833333333333333 0.490625 0.05333333333333334 0.145
1 0.9241666666666667 0.4696875 0.03277777777777778 0.128125
1 0.9461111111111111 0.4675 0.02666666666666667 0.12125
1 0.9883333333333333 0.47875 0.022222222222222223 0.1525
1 0.9744444444444444 0.4865625 0.04777777777777778 0.164375
1 0.5163888888888889 0.4759375 0.015 0.049375
2 0.5519444444444445 0.511875 0.04388888888888889 0.08875
2 0.7247222222222223 0.535625 0.07611111111111112 0.12125
3 0.036944444444444446 0.51125 0.07388888888888889 0.18375
3 0.07055555555555555 0.4909375 0.052222222222222225 0.038125
3 0.10527777777777778 0.4878125 0.03944444444444444 0.039375
3 0.15166666666666667 0.48375 0.06777777777777778 0.055
3 0.24555555555555555 0.481875 0.10777777777777778 0.085
3 0.30277777777777776 0.4784375 0.014444444444444444 0.021875
3 0.36333333333333334 0.4946875 0.1111111111111111 0.096875
3 0.8683333333333333 0.47375 0.1511111111111111 0.08375
1 0.5552777777777778 0.480625 0.04833333333333333 0.11875
1 0.7222222222222222 0.4871875 0.07444444444444444 0.185625
