10 0.24921875 0.193359375 0.021875 0.064453125
10 0.18828125 0.31396484375 0.015625 0.0498046875
10 0.25234375 0.33251953125 0.0109375 0.0341796875
10 0.309765625 0.44384765625 0.01328125 0.0419921875
10 0.519140625 0.474609375 0.01015625 0.013671875
10 0.52109375 0.4287109375 0.0140625 0.015625
10 0.86875 0.345703125 0.0171875 0.021484375
10 0.9421875 0.39208984375 0.0171875 0.0224609375
10 0.941796875 0.4619140625 0.01171875 0.013671875
3 0.805859375 0.49365234375 0.01953125 0.0166015625
3 0.76484375 0.51171875 0.034375 0.04296875
4 0.64765625 0.5126953125 0.01875 0.03515625
1 0.64765625 0.5009765625 0.009375 0.037109375
