6 0.4741666666666667 0.458125 0.010555555555555556 0.01
12 0.31833333333333336 0.443125 0.03888888888888889 0.01875
3 0.10305555555555555 0.5315625 0.205 0.308125
3 0.40944444444444444 0.4696875 0.044444444444444446 0.038125
3 0.5077777777777778 0.4675 0.03666666666666667 0.03375
3 0.4911111111111111 0.4653125 0.0077777777777777776 0.020625
3 0.4791666666666667 0.463125 0.008333333333333333 0.00625
3 0.3322222222222222 0.4640625 0.02 0.015625
3 0.30444444444444446 0.46375 0.021111111111111112 0.015
3 0.46444444444444444 0.4609375 0.005555555555555556 0.005625
