6 0.6066666666666667 0.454375 0.07333333333333333 0.04
12 0.4461111111111111 0.3159375 0.03888888888888889 0.058125
12 0.9927777777777778 0.4253125 0.0044444444444444444 0.008125
1 0.3675 0.470625 0.019444444444444445 0.06
1 0.6408333333333334 0.4609375 0.008333333333333333 0.026875
1 0.6294444444444445 0.4615625 0.008888888888888889 0.025625
2 0.40555555555555556 0.48875 0.027777777777777776 0.045
3 0.5291666666666667 0.4653125 0.025 0.039375
3 0.5430555555555555 0.465 0.025 0.03875
3 0.5911111111111111 0.4678125 0.05444444444444444 0.044375
3 0.5566666666666666 0.45875 0.02 0.0275
3 0.7230555555555556 0.465 0.11722222222222223 0.04875
3 0.8447222222222223 0.45875 0.075 0.045
3 0.9302777777777778 0.4778125 0.11722222222222223 0.111875
3 0.9847222222222223 0.4715625 0.029444444444444443 0.076875
1 0.40444444444444444 0.4709375 0.03 0.061875
2 0.6408333333333334 0.4659375 0.007222222222222222 0.016875
2 0.6294444444444445 0.4665625 0.008888888888888889 0.014375
12 0.43722222222222223 0.4884375 0.01888888888888889 0.031875
