3 0.04296875 0.515625 0.0859375 0.044921875
3 0.133984375 0.4970703125 0.07109375 0.033203125
3 0.251171875 0.49951171875 0.04765625 0.0498046875
3 0.869140625 0.453125 0.10859375 0.052734375
3 0.844140625 0.435546875 0.16328125 0.05859375
3 0.417578125 0.45556640625 0.01796875 0.0166015625
3 0.43828125 0.44580078125 0.015625 0.0166015625
3 0.468359375 0.4482421875 0.01328125 0.009765625
3 0.48203125 0.44873046875 0.0140625 0.0126953125
3 0.49921875 0.44921875 0.0234375 0.0234375
3 0.5078125 0.46142578125 0.025 0.0263671875
3 0.328515625 0.453125 0.01328125 0.009765625
