10 0.71640625 0.38525390625 0.0125 0.0205078125
10 0.74375 0.33935546875 0.0234375 0.0283203125
10 0.42421875 0.42431640625 0.0125 0.0126953125
10 0.3125 0.42724609375 0.0125 0.0107421875
10 0.351953125 0.43115234375 0.01015625 0.0068359375
10 0.310546875 0.44384765625 0.01015625 0.0068359375
12 0.738671875 0.47998046875 0.01796875 0.0263671875
12 0.740234375 0.42431640625 0.06484375 0.0283203125
12 0.775 0.38623046875 0.0609375 0.0244140625
12 0.60625 0.4052734375 0.0171875 0.009765625
3 0.394921875 0.45654296875 0.02890625 0.0205078125
