10 0.45305555555555554 0.459375 0.0038888888888888888 0.01125
10 0.4836111111111111 0.4334375 0.006111111111111111 0.010625
10 0.5111111111111111 0.438125 0.006666666666666667 0.01
10 0.5338888888888889 0.44 0.0033333333333333335 0.00875
12 0.30583333333333335 0.44875 0.006111111111111111 0.00375
12 0.30583333333333335 0.440625 0.007222222222222222 0.0125
12 0.6022222222222222 0.4453125 0.01 0.006875
12 0.6016666666666667 0.4334375 0.014444444444444444 0.016875
12 0.6422222222222222 0.37875 0.03 0.06625
12 0.6444444444444445 0.43 0.023333333333333334 0.035
12 0.4436111111111111 0.465 0.005 0.00625
12 0.5216666666666666 0.4371875 0.005555555555555556 0.008125
1 0.235 0.4853125 0.011111111111111112 0.034375
1 0.24638888888888888 0.4853125 0.009444444444444445 0.034375
1 0.2536111111111111 0.48625 0.008333333333333333 0.035
1 0.265 0.483125 0.011111111111111112 0.0375
1 0.27194444444444443 0.48375 0.006111111111111111 0.025
1 0.3188888888888889 0.47875 0.0077777777777777776 0.02625
1 0.3441666666666667 0.48125 0.006111111111111111 0.02
1 0.3525 0.48125 0.006111111111111111 0.0175
1 0.3661111111111111 0.47875 0.0077777777777777776 0.0225
1 0.3377777777777778 0.4828125 0.005555555555555556 0.018125
1 0.6808333333333333 0.4796875 0.021666666666666667 0.066875
1 0.6925 0.4534375 0.006111111111111111 0.023125
1 0.6855555555555556 0.4396875 0.012222222222222223 0.030625
1 0.6961111111111111 0.4421875 0.006666666666666667 0.023125
1 0.35805555555555557 0.478125 0.005 0.02125
1 0.38416666666666666 0.48 0.005 0.015
2 0.04111111111111111 0.5075 0.027777777777777776 0.035
2 0.2927777777777778 0.4878125 0.014444444444444444 0.021875
3 0.41333333333333333 0.4759375 0.04111111111111111 0.035625
3 0.5169444444444444 0.5 0.10611111111111111 0.10375
1 0.04 0.493125 0.02 0.04625
1 0.29333333333333333 0.4771875 0.015555555555555555 0.033125
1 0.7416666666666667 0.4846875 0.017777777777777778 0.070625
