12 0.1575 0.4025 0.03277777777777778 0.03625
1 0.9813888888888889 0.4721875 0.03611111111111111 0.421875
1 0.9186111111111112 0.475 0.095 0.32875
1 0.8105555555555556 0.4703125 0.10666666666666667 0.353125
1 0.7469444444444444 0.4640625 0.029444444444444443 0.120625
1 0.7166666666666667 0.4690625 0.042222222222222223 0.129375
1 0.6633333333333333 0.47 0.04111111111111111 0.13
1 0.6811111111111111 0.4603125 0.03333333333333333 0.121875
1 0.6380555555555556 0.4659375 0.02722222222222222 0.118125
1 0.6122222222222222 0.4640625 0.023333333333333334 0.083125
1 0.5838888888888889 0.4615625 0.027777777777777776 0.094375
1 0.5619444444444445 0.4596875 0.021666666666666667 0.076875
3 0.4766666666666667 0.464375 0.02666666666666667 0.025
3 0.43 0.4659375 0.035555555555555556 0.031875
73 0.5644444444444444 0.4771875 0.02 0.045625
