10 0.526953125 0.45458984375 0.00703125 0.0087890625
10 0.577734375 0.447265625 0.00546875 0.0078125
10 0.625 0.43017578125 0.00625 0.0107421875
10 0.653125 0.44873046875 0.00625 0.0087890625
12 0.35078125 0.4296875 0.0234375 0.029296875
12 0.351953125 0.455078125 0.01640625 0.01171875
12 0.783203125 0.41552734375 0.02421875 0.0302734375
12 0.78515625 0.4404296875 0.015625 0.009765625
12 0.80546875 0.4345703125 0.0171875 0.025390625
3 0.044921875 0.5947265625 0.08984375 0.146484375
3 0.13359375 0.5712890625 0.115625 0.1015625
3 0.630078125 0.46826171875 0.01484375 0.0126953125
3 0.653125 0.47802734375 0.0078125 0.0166015625
3 0.665625 0.4765625 0.0171875 0.01953125
3 0.9765625 0.5595703125 0.0453125 0.12109375
