12 0.3415032679738562 0.47412109375 0.013071895424836602 0.0185546875
12 0.34558823529411764 0.4892578125 0.013071895424836602 0.015625
12 0.49060457516339867 0.50390625 0.007352941176470588 0.0078125
12 0.5441176470588235 0.48486328125 0.013071895424836602 0.0166015625
12 0.2687908496732026 0.49609375 0.00980392156862745 0.015625
1 0.5012254901960784 0.51611328125 0.004084967320261438 0.0146484375
2 0.7847222222222222 0.5869140625 0.051470588235294115 0.09375
3 0.06781045751633986 0.7314453125 0.13562091503267973 0.255859375
3 0.40155228758169936 0.6513671875 0.18872549019607843 0.16015625
3 0.3562091503267974 0.56005859375 0.06862745098039216 0.0595703125
3 0.41544117647058826 0.53125 0.028594771241830064 0.02734375
3 0.44362745098039214 0.5390625 0.03758169934640523 0.03515625
3 0.4636437908496732 0.53466796875 0.03022875816993464 0.0341796875
3 0.4742647058823529 0.52001953125 0.015522875816993464 0.0224609375
3 0.4362745098039216 0.52490234375 0.014705882352941176 0.0166015625
3 0.44362745098039214 0.52197265625 0.00980392156862745 0.0146484375
