10 0.3497222222222222 0.413125 0.006111111111111111 0.02125
10 0.5469444444444445 0.4134375 0.005 0.015625
1 0.1272222222222222 0.4703125 0.015555555555555555 0.066875
1 0.14805555555555555 0.4725 0.019444444444444445 0.08125
1 0.1738888888888889 0.473125 0.021111111111111112 0.0775
1 0.15222222222222223 0.4740625 0.014444444444444444 0.071875
1 0.3088888888888889 0.455625 0.006666666666666667 0.01875
1 0.7202777777777778 0.4578125 0.02388888888888889 0.061875
1 0.6775 0.443125 0.010555555555555556 0.02
1 0.6997222222222222 0.45125 0.010555555555555556 0.02375
1 0.6555555555555556 0.4525 0.012222222222222223 0.0375
1 0.5713888888888888 0.448125 0.007222222222222222 0.015
2 0.23972222222222223 0.4765625 0.03277777777777778 0.033125
2 0.37694444444444447 0.4690625 0.010555555555555556 0.021875
2 0.3894444444444444 0.465625 0.011111111111111112 0.02
2 0.275 0.476875 0.011111111111111112 0.025
2 0.26555555555555554 0.4765625 0.013333333333333334 0.026875
3 0.49944444444444447 0.465 0.07444444444444444 0.07375
3 0.42916666666666664 0.46625 0.03611111111111111 0.02375
3 0.44166666666666665 0.4609375 0.024444444444444446 0.023125
3 0.19583333333333333 0.48125 0.065 0.04375
1 0.37583333333333335 0.458125 0.013888888888888888 0.02875
1 0.38916666666666666 0.4575 0.011666666666666667 0.0275
