12 0.2761111111111111 0.430625 0.014444444444444444 0.02
12 0.5158333333333334 0.440625 0.009444444444444445 0.0125
12 0.8441666666666666 0.45125 0.009444444444444445 0.0075
1 0.01611111111111111 0.4784375 0.03222222222222222 0.139375
1 0.042222222222222223 0.459375 0.02 0.02875
1 0.07416666666666667 0.5 0.035 0.12
1 0.30333333333333334 0.474375 0.024444444444444446 0.0575
1 0.9744444444444444 0.5 0.05 0.22125
3 0.35444444444444445 0.4915625 0.11333333333333333 0.090625
3 0.44166666666666665 0.465 0.03111111111111111 0.0275
3 0.14972222222222223 0.48375 0.08611111111111111 0.0525
3 0.27 0.4709375 0.058888888888888886 0.045625
3 0.6725 0.4721875 0.09833333333333333 0.029375
3 0.5638888888888889 0.4671875 0.03666666666666667 0.013125
3 0.6086111111111111 0.4659375 0.05722222222222222 0.020625
3 0.7227777777777777 0.4640625 0.043333333333333335 0.019375
3 0.9294444444444444 0.4728125 0.05333333333333334 0.043125
3 0.2388888888888889 0.4540625 0.03 0.021875
3 0.18944444444444444 0.4734375 0.044444444444444446 0.036875
11 0.5952777777777778 0.4978125 0.011666666666666667 0.030625
