12 0.5588888888888889 0.4084375 0.015555555555555555 0.018125
12 0.30277777777777776 0.3940625 0.017777777777777778 0.016875
1 0.9716666666666667 0.5025 0.05555555555555555 0.16
1 0.9613888888888888 0.4803125 0.07611111111111112 0.288125
1 0.8858333333333334 0.5046875 0.050555555555555555 0.178125
1 0.8644444444444445 0.5209375 0.12444444444444444 0.194375
1 0.7863888888888889 0.5078125 0.05611111111111111 0.169375
1 0.7544444444444445 0.5196875 0.07888888888888888 0.168125
1 0.6272222222222222 0.4959375 0.08888888888888889 0.249375
1 0.6855555555555556 0.485 0.035555555555555556 0.0975
1 0.5863888888888888 0.470625 0.04388888888888889 0.12375
1 0.5425 0.4684375 0.025 0.046875
1 0.5255555555555556 0.478125 0.02 0.0575
1 0.5297222222222222 0.4503125 0.015 0.024375
1 0.5047222222222222 0.463125 0.017222222222222222 0.055
1 0.6652777777777777 0.488125 0.03166666666666667 0.09375
2 0.5583333333333333 0.481875 0.052222222222222225 0.06625
3 0.47694444444444445 0.4590625 0.03611111111111111 0.029375
3 0.45555555555555555 0.4659375 0.028888888888888888 0.050625
3 0.31166666666666665 0.47125 0.07555555555555556 0.0725
3 0.39111111111111113 0.478125 0.11333333333333333 0.12375
1 0.5825 0.44 0.01611111111111111 0.05625
