12 0.5805555555555556 0.425 0.012222222222222223 0.02625
12 0.38916666666666666 0.4390625 0.005 0.008125
3 0.052222222222222225 0.4965625 0.10444444444444445 0.178125
3 0.8816666666666667 0.5528125 0.23555555555555555 0.269375
3 0.5522222222222222 0.475625 0.04 0.0375
3 0.22555555555555556 0.4940625 0.12 0.080625
3 0.3438888888888889 0.4784375 0.05444444444444444 0.045625
3 0.41194444444444445 0.4709375 0.025 0.020625
3 0.42055555555555557 0.4675 0.015555555555555555 0.02
3 0.46944444444444444 0.441875 0.012222222222222223 0.0125
3 0.46166666666666667 0.4490625 0.012222222222222223 0.011875
3 0.48277777777777775 0.4209375 0.0077777777777777776 0.008125
3 0.4658333333333333 0.4259375 0.007222222222222222 0.008125
3 0.4675 0.420625 0.007222222222222222 0.0075
3 0.4708333333333333 0.415625 0.007222222222222222 0.0075
3 0.48444444444444446 0.4109375 0.0077777777777777776 0.006875
6 0.4575 0.4334375 0.017222222222222222 0.020625
