3 0.3436111111111111 0.4753125 0.05388888888888889 0.049375
3 0.38305555555555554 0.47625 0.02722222222222222 0.02875
3 0.4083333333333333 0.4728125 0.03111111111111111 0.028125
3 0.44 0.476875 0.01 0.01125
3 0.45472222222222225 0.47375 0.021666666666666667 0.02125
3 0.4675 0.4765625 0.005 0.010625
3 0.5027777777777778 0.4765625 0.014444444444444444 0.010625
3 0.5505555555555556 0.4759375 0.042222222222222223 0.043125
3 0.605 0.4840625 0.09333333333333334 0.079375
3 0.7727777777777778 0.520625 0.22666666666666666 0.1725
3 0.5244444444444445 0.4715625 0.02666666666666667 0.033125
3 0.9858333333333333 0.65875 0.02722222222222222 0.20375
