6 0.1625 0.4384375 0.15166666666666667 0.145625
10 0.6963888888888888 0.3921875 0.013888888888888888 0.020625
10 0.8883333333333333 0.30625 0.024444444444444446 0.06
10 0.8908333333333334 0.3765625 0.015 0.019375
10 0.6963888888888888 0.3225 0.017222222222222222 0.055
10 0.42333333333333334 0.1875 0.023333333333333334 0.07625
12 0.5661111111111111 0.41625 0.016666666666666666 0.02125
12 0.6775 0.3253125 0.017222222222222222 0.018125
12 0.6777777777777778 0.345 0.015555555555555555 0.02125
12 0.6883333333333334 0.3703125 0.03888888888888889 0.016875
12 0.9441666666666667 0.338125 0.04722222222222222 0.01625
1 0.6347222222222222 0.4625 0.02277777777777778 0.075
1 0.6619444444444444 0.463125 0.02277777777777778 0.07125
1 0.7288888888888889 0.4653125 0.022222222222222223 0.081875
3 0.9738888888888889 0.4540625 0.04555555555555556 0.038125
3 0.9938888888888889 0.4540625 0.011111111111111112 0.038125
1 0.465 0.4853125 0.012222222222222223 0.028125
2 0.46416666666666667 0.4975 0.011666666666666667 0.0175
