10 0.9866666666666667 0.1428125 0.01888888888888889 0.060625
10 0.08388888888888889 0.3721875 0.013333333333333334 0.041875
10 0.04722222222222222 0.3740625 0.011111111111111112 0.038125
12 0.9144444444444444 0.42375 0.006666666666666667 0.0075
12 0.9033333333333333 0.425625 0.0044444444444444444 0.0075
12 0.5547222222222222 0.383125 0.026111111111111113 0.03875
12 0.5877777777777777 0.418125 0.024444444444444446 0.02875
12 0.5583333333333333 0.4525 0.015555555555555555 0.01625
1 0.78 0.5265625 0.11444444444444445 0.291875
1 0.655 0.57875 0.19444444444444445 0.5025
