12 0.07611111111111112 0.4303125 0.01 0.024375
12 0.06555555555555556 0.43625 0.0044444444444444444 0.01
12 0.14194444444444446 0.4415625 0.0038888888888888888 0.008125
1 0.26805555555555555 0.46 0.007222222222222222 0.02375
1 0.7075 0.4946875 0.020555555555555556 0.069375
1 0.6883333333333334 0.4928125 0.02 0.063125
1 0.8055555555555556 0.496875 0.04 0.18
1 0.8711111111111111 0.5059375 0.056666666666666664 0.149375
3 0.055 0.4996875 0.11 0.086875
3 0.17194444444444446 0.4878125 0.12833333333333333 0.063125
3 0.11166666666666666 0.4696875 0.06777777777777778 0.033125
3 0.46416666666666667 0.495 0.07277777777777777 0.0525
3 0.22666666666666666 0.461875 0.021111111111111112 0.0175
3 0.015555555555555555 0.451875 0.03111111111111111 0.0125
3 0.04972222222222222 0.4525 0.041666666666666664 0.01375
3 0.13833333333333334 0.4571875 0.034444444444444444 0.015625
