10 0.2897222222222222 0.215 0.012777777777777779 0.04125
10 0.4275 0.2221875 0.010555555555555556 0.041875
10 0.6175 0.350625 0.011666666666666667 0.04375
10 0.6058333333333333 0.351875 0.007222222222222222 0.03875
10 0.8363888888888888 0.3028125 0.035 0.045625
10 0.825 0.1596875 0.03666666666666667 0.109375
10 0.7802777777777777 0.1803125 0.028333333333333332 0.098125
10 0.6161111111111112 0.399375 0.008888888888888889 0.0225
12 0.5719444444444445 0.460625 0.026111111111111113 0.02625
12 0.6211111111111111 0.2775 0.06666666666666667 0.0175
12 0.8322222222222222 0.2503125 0.03111111111111111 0.038125
12 0.8227777777777778 0.4415625 0.012222222222222223 0.024375
12 0.5333333333333333 0.4359375 0.006666666666666667 0.009375
12 0.35833333333333334 0.4425 0.0044444444444444444 0.00625
1 0.48833333333333334 0.5053125 0.05333333333333334 0.230625
1 0.7666666666666667 0.453125 0.006666666666666667 0.01625
8 0.10666666666666667 0.431875 0.21333333333333335 0.17125
