10 0.495 0.4359375 0.0044444444444444444 0.009375
10 0.4652777777777778 0.41875 0.0038888888888888888 0.00875
10 0.3869444444444444 0.4140625 0.006111111111111111 0.011875
10 0.4152777777777778 0.41 0.005 0.01
10 0.3647222222222222 0.44375 0.0038888888888888888 0.0075
12 0.7847222222222222 0.3121875 0.05388888888888889 0.019375
2 0.9580555555555555 0.56375 0.08277777777777778 0.18125
3 0.14666666666666667 0.51625 0.24555555555555555 0.16
3 0.40944444444444444 0.4609375 0.027777777777777776 0.025625
3 0.4266666666666667 0.4590625 0.017777777777777778 0.019375
3 0.43444444444444447 0.45625 0.01888888888888889 0.02375
3 0.4486111111111111 0.4578125 0.015 0.014375
3 0.4563888888888889 0.45625 0.007222222222222222 0.01125
3 0.46694444444444444 0.458125 0.019444444444444445 0.02
3 0.47888888888888886 0.4590625 0.008888888888888889 0.011875
3 0.4930555555555556 0.45625 0.021666666666666667 0.025
3 0.5019444444444444 0.46 0.03277777777777778 0.0275
3 0.32166666666666666 0.461875 0.021111111111111112 0.02375
1 0.9772222222222222 0.4525 0.044444444444444446 0.27125
79 0.27555555555555555 0.4453125 0.07222222222222222 0.096875
3 0.24388888888888888 0.4690625 0.051111111111111114 0.053125
