2 0.9591666666666666 0.56125 0.08055555555555556 0.09125
2 0.6252777777777778 0.5471875 0.15611111111111112 0.103125
2 0.3411111111111111 0.525 0.09111111111111111 0.13
2 0.2961111111111111 0.5075 0.04111111111111111 0.08125
2 0.24 0.5065625 0.022222222222222223 0.048125
2 0.22416666666666665 0.5240625 0.049444444444444444 0.090625
3 0.57 0.4725 0.06333333333333334 0.0625
3 0.5358333333333334 0.47375 0.021666666666666667 0.0425
3 0.5272222222222223 0.47125 0.01888888888888889 0.035
3 0.5180555555555556 0.4703125 0.012777777777777779 0.031875
3 0.4961111111111111 0.471875 0.008888888888888889 0.0075
3 0.4280555555555556 0.4675 0.021666666666666667 0.0275
3 0.4027777777777778 0.4690625 0.035555555555555556 0.040625
3 0.37472222222222223 0.4759375 0.055 0.048125
3 0.2586111111111111 0.4725 0.041666666666666664 0.0675
3 0.08194444444444444 0.498125 0.1638888888888889 0.09625
1 0.9786111111111111 0.4896875 0.041666666666666664 0.150625
1 0.625 0.505625 0.07555555555555556 0.155
1 0.3463888888888889 0.4834375 0.06944444444444445 0.173125
1 0.29555555555555557 0.4753125 0.04555555555555556 0.133125
1 0.22333333333333333 0.488125 0.052222222222222225 0.1275
1 0.2536111111111111 0.4778125 0.03833333333333333 0.083125
