1 0.6552777777777777 0.495 0.021666666666666667 0.08125
2 0.43527777777777776 0.5771875 0.10833333333333334 0.234375
3 0.8988888888888888 0.501875 0.2011111111111111 0.26375
3 0.8188888888888889 0.4796875 0.26555555555555554 0.180625
3 0.6688888888888889 0.4871875 0.043333333333333335 0.074375
3 0.5469444444444445 0.5021875 0.18166666666666667 0.213125
3 0.11666666666666667 0.5040625 0.11888888888888889 0.198125
3 0.04888888888888889 0.503125 0.09666666666666666 0.29125
3 0.1988888888888889 0.480625 0.26555555555555554 0.2
3 0.3622222222222222 0.4871875 0.08 0.100625
1 0.43805555555555553 0.5140625 0.09722222222222222 0.250625
