12 0.6588888888888889 0.381875 0.012222222222222223 0.02125
12 0.4861111111111111 0.46375 0.011111111111111112 0.0175
12 0.3705555555555556 0.4640625 0.01 0.011875
12 0.23333333333333334 0.41 0.022222222222222223 0.00625
12 0.08611111111111111 0.3853125 0.015555555555555555 0.025625
12 0.23444444444444446 0.4184375 0.005555555555555556 0.010625
1 0.6813888888888889 0.4575 0.017222222222222222 0.05625
1 0.6458333333333334 0.460625 0.013888888888888888 0.03125
1 0.6622222222222223 0.46125 0.011111111111111112 0.03125
1 0.5991666666666666 0.4640625 0.010555555555555556 0.035625
2 0.9480555555555555 0.4865625 0.041666666666666664 0.078125
3 0.4702777777777778 0.4671875 0.026111111111111113 0.023125
3 0.44555555555555554 0.4678125 0.01888888888888889 0.015625
3 0.4152777777777778 0.465 0.045 0.04875
3 0.3869444444444444 0.4696875 0.021666666666666667 0.034375
1 0.4872222222222222 0.4378125 0.005555555555555556 0.014375
