10 0.042777777777777776 0.370625 0.01888888888888889 0.05625
10 0.645 0.3609375 0.017777777777777778 0.040625
10 0.06555555555555556 0.411875 0.014444444444444444 0.01875
1 0.9438888888888889 0.4471875 0.03111111111111111 0.096875
1 0.07805555555555556 0.475625 0.013888888888888888 0.0625
1 0.09305555555555556 0.474375 0.015 0.05875
3 0.47694444444444445 0.4903125 0.21055555555555555 0.206875
3 0.5888888888888889 0.4840625 0.042222222222222223 0.099375
3 0.27 0.478125 0.08666666666666667 0.065
3 0.3486111111111111 0.4709375 0.04388888888888889 0.048125
11 0.6641666666666667 0.48375 0.017222222222222222 0.0375
