6 0.43333333333333335 0.4671875 0.044444444444444446 0.043125
12 0.98 0.4234375 0.008888888888888889 0.018125
12 0.6577777777777778 0.4415625 0.005555555555555556 0.011875
12 0.6583333333333333 0.428125 0.008888888888888889 0.01625
12 0.5622222222222222 0.45 0.013333333333333334 0.015
12 0.5622222222222222 0.4634375 0.0077777777777777776 0.011875
12 0.47194444444444444 0.4559375 0.007222222222222222 0.008125
3 0.019166666666666665 0.4925 0.03833333333333333 0.06
3 0.058333333333333334 0.49125 0.0811111111111111 0.06
3 0.16555555555555557 0.4859375 0.10777777777777778 0.039375
3 0.21416666666666667 0.4828125 0.059444444444444446 0.036875
3 0.2222222222222222 0.4771875 0.06111111111111111 0.036875
3 0.2563888888888889 0.4775 0.029444444444444443 0.03875
3 0.30972222222222223 0.49125 0.085 0.065
3 0.3761111111111111 0.475625 0.03222222222222222 0.03
3 0.39361111111111113 0.4771875 0.008333333333333333 0.016875
3 0.35777777777777775 0.474375 0.014444444444444444 0.0175
3 0.43777777777777777 0.4759375 0.03333333333333333 0.030625
3 0.5033333333333333 0.479375 0.027777777777777776 0.01875
3 0.4861111111111111 0.4790625 0.021111111111111112 0.016875
3 0.5341666666666667 0.4809375 0.051666666666666666 0.021875
3 0.5397222222222222 0.4721875 0.04388888888888889 0.015625
3 0.6591666666666667 0.4815625 0.06944444444444445 0.055625
3 0.7536111111111111 0.4896875 0.14277777777777778 0.075625
3 0.8961111111111111 0.5084375 0.07333333333333333 0.088125
3 0.9602777777777778 0.500625 0.07833333333333334 0.135
3 0.27305555555555555 0.455 0.009444444444444445 0.0075
