1 0.69765625 0.5185546875 0.0390625 0.166015625
1 0.266015625 0.419921875 0.00703125 0.025390625
1 0.280859375 0.419921875 0.00703125 0.025390625
1 0.251953125 0.4140625 0.00390625 0.017578125
2 0.01875 0.5439453125 0.0375 0.103515625
2 0.078515625 0.52734375 0.03828125 0.076171875
2 0.124609375 0.5361328125 0.03671875 0.0859375
2 0.280078125 0.5439453125 0.05078125 0.099609375
3 0.2375 0.4130859375 0.0109375 0.013671875
3 0.23203125 0.41650390625 0.0125 0.0146484375
3 0.2234375 0.41943359375 0.0109375 0.0205078125
3 0.212109375 0.4208984375 0.02109375 0.02734375
3 0.208984375 0.4248046875 0.01484375 0.025390625
3 0.19609375 0.427734375 0.0265625 0.033203125
3 0.192578125 0.43310546875 0.01796875 0.0302734375
3 0.17265625 0.4345703125 0.034375 0.046875
3 0.17265625 0.44140625 0.021875 0.037109375
3 0.1640625 0.4443359375 0.01875 0.041015625
3 0.136328125 0.443359375 0.05390625 0.06640625
3 0.092578125 0.462890625 0.06328125 0.078125
3 0.069921875 0.48095703125 0.07421875 0.0830078125
3 0.025390625 0.50048828125 0.05078125 0.0849609375
3 0.0859375 0.4189453125 0.025 0.013671875
3 0.0359375 0.421875 0.0234375 0.015625
3 0.06171875 0.42138671875 0.0328125 0.0185546875
3 0.280078125 0.4150390625 0.01171875 0.015625
3 0.28671875 0.41748046875 0.009375 0.0166015625
3 0.294140625 0.4189453125 0.01796875 0.0234375
3 0.303515625 0.42431640625 0.02578125 0.0322265625
3 0.31171875 0.42822265625 0.028125 0.0322265625
3 0.319140625 0.435546875 0.03203125 0.0390625
3 0.318359375 0.43896484375 0.01640625 0.0380859375
3 0.334765625 0.44482421875 0.03828125 0.0478515625
3 0.34921875 0.45751953125 0.03125 0.0556640625
3 0.359375 0.466796875 0.03125 0.07421875
3 0.404296875 0.4716796875 0.09609375 0.10546875
3 0.434765625 0.49853515625 0.11328125 0.1103515625
3 0.4921875 0.45263671875 0.015625 0.0322265625
1 0.0203125 0.5068359375 0.040625 0.125
1 0.078125 0.49609375 0.0375 0.11328125
1 0.127734375 0.5 0.03828125 0.1328125
1 0.2828125 0.50439453125 0.0453125 0.1455078125
1 0.828515625 0.31640625 0.02265625 0.041015625
1 0.809375 0.31005859375 0.0171875 0.0478515625
