3 0.08305555555555555 0.4640625 0.06833333333333333 0.030625
3 0.025555555555555557 0.460625 0.051111111111111114 0.0425
3 0.008611111111111111 0.471875 0.017222222222222222 0.03625
3 0.23722222222222222 0.481875 0.22666666666666666 0.18625
3 0.4672222222222222 0.441875 0.0044444444444444444 0.01
3 0.4711111111111111 0.440625 0.006666666666666667 0.01
3 0.48138888888888887 0.4396875 0.01611111111111111 0.018125
3 0.5108333333333334 0.438125 0.015 0.01125
3 0.5802777777777778 0.4725 0.1527777777777778 0.14125
3 0.6955555555555556 0.4434375 0.10111111111111111 0.098125
3 0.7516666666666667 0.4565625 0.13111111111111112 0.114375
3 0.9047222222222222 0.4759375 0.18944444444444444 0.186875
