10 0.7463888888888889 0.3328125 0.019444444444444445 0.051875
10 0.30944444444444447 0.3528125 0.01888888888888889 0.049375
10 0.5761111111111111 0.2309375 0.022222222222222223 0.053125
1 0.9077777777777778 0.4453125 0.028888888888888888 0.074375
1 0.8769444444444444 0.4534375 0.02722222222222222 0.064375
1 0.28583333333333333 0.458125 0.015 0.06
1 0.27361111111111114 0.463125 0.018333333333333333 0.0575
1 0.13777777777777778 0.499375 0.07888888888888888 0.1775
1 0.06861111111111111 0.4734375 0.026111111111111113 0.096875
2 0.9511111111111111 0.4534375 0.056666666666666664 0.049375
2 0.6575 0.4653125 0.01611111111111111 0.034375
2 0.6286111111111111 0.46625 0.01611111111111111 0.0375
2 0.3958333333333333 0.4871875 0.085 0.066875
3 0.9272222222222222 0.593125 0.14444444444444443 0.32875
3 0.5330555555555555 0.453125 0.028333333333333332 0.04125
3 0.5019444444444444 0.4509375 0.055 0.039375
3 0.48638888888888887 0.46875 0.085 0.055
3 0.39944444444444444 0.4615625 0.06222222222222222 0.056875
1 0.6269444444444444 0.451875 0.017222222222222222 0.0575
1 0.6566666666666666 0.453125 0.01888888888888889 0.0475
1 0.39611111111111114 0.46625 0.04888888888888889 0.08125
37 0.06861111111111111 0.523125 0.02388888888888889 0.00625
