10 0.7922222222222223 0.416875 0.008888888888888889 0.01625
10 0.7516666666666667 0.3940625 0.008888888888888889 0.025625
10 0.67 0.3984375 0.0077777777777777776 0.028125
10 0.39666666666666667 0.3878125 0.0077777777777777776 0.026875
10 0.3925 0.4175 0.007222222222222222 0.01
10 0.26305555555555554 0.3921875 0.007222222222222222 0.011875
10 0.7530555555555556 0.428125 0.008333333333333333 0.015
12 0.7988888888888889 0.4521875 0.01 0.016875
12 0.8041666666666667 0.411875 0.011666666666666667 0.01
12 0.7633333333333333 0.41625 0.008888888888888889 0.0125
12 0.2875 0.373125 0.065 0.01125
12 0.3225 0.3903125 0.021666666666666667 0.008125
12 0.011111111111111112 0.3240625 0.022222222222222223 0.048125
1 0.44555555555555554 0.458125 0.006666666666666667 0.025
3 0.7216666666666667 0.4771875 0.09222222222222222 0.041875
3 0.7097222222222223 0.45625 0.07277777777777777 0.02625
3 0.6277777777777778 0.4690625 0.10888888888888888 0.094375
3 0.4922222222222222 0.4753125 0.08 0.071875
3 0.28 0.45625 0.10444444444444445 0.05
3 0.12055555555555555 0.5321875 0.2411111111111111 0.303125
11 0.4022222222222222 0.4653125 0.0077777777777777776 0.021875
