10 0.66 0.345625 0.027777777777777776 0.03
10 0.4025 0.2159375 0.02722222222222222 0.033125
10 0.25722222222222224 0.2203125 0.02666666666666667 0.033125
10 0.16805555555555557 0.194375 0.04055555555555555 0.04875
12 0.8647222222222222 0.3096875 0.05722222222222222 0.090625
12 0.4519444444444444 0.219375 0.021666666666666667 0.03625
12 0.30083333333333334 0.225625 0.020555555555555556 0.03625
3 0.5125 0.4934375 0.1738888888888889 0.173125
3 0.4002777777777778 0.4640625 0.042777777777777776 0.024375
3 0.2733333333333333 0.476875 0.034444444444444444 0.03375
3 0.24916666666666668 0.4796875 0.03388888888888889 0.036875
3 0.20944444444444443 0.4828125 0.06444444444444444 0.046875
3 0.15388888888888888 0.4828125 0.06333333333333334 0.051875
3 0.09416666666666666 0.495 0.06166666666666667 0.0425
3 0.3175 0.4675 0.058333333333333334 0.055
