10 0.15861111111111112 0.27375 0.021666666666666667 0.0625
10 0.4602777777777778 0.200625 0.04055555555555555 0.095
10 0.4572222222222222 0.32 0.02 0.035
10 0.14777777777777779 0.3571875 0.01888888888888889 0.030625
10 0.16722222222222222 0.35625 0.014444444444444444 0.025
10 0.10194444444444445 0.326875 0.021666666666666667 0.025
12 0.1375 0.325 0.05277777777777778 0.0225
12 0.12666666666666668 0.2734375 0.02 0.056875
12 0.04972222222222222 0.413125 0.019444444444444445 0.02625
12 0.5530555555555555 0.2578125 0.08055555555555556 0.030625
12 0.2075 0.3553125 0.017222222222222222 0.033125
12 0.9136111111111112 0.339375 0.011666666666666667 0.0375
1 0.31527777777777777 0.4865625 0.042777777777777776 0.161875
1 0.36777777777777776 0.474375 0.07333333333333333 0.17875
1 0.49722222222222223 0.4846875 0.07666666666666666 0.226875
1 0.6580555555555555 0.4871875 0.08722222222222223 0.298125
3 0.8275 0.431875 0.12166666666666667 0.06875
3 0.7238888888888889 0.4490625 0.06333333333333334 0.030625
3 0.5944444444444444 0.455 0.03777777777777778 0.0425
3 0.5644444444444444 0.45 0.06 0.04375
