10 0.026944444444444444 0.3190625 0.02388888888888889 0.073125
10 0.020555555555555556 0.3890625 0.02666666666666667 0.023125
10 0.13583333333333333 0.3 0.009444444444444445 0.03125
10 0.1761111111111111 0.331875 0.008888888888888889 0.02625
10 0.26555555555555554 0.416875 0.01 0.0275
10 0.27305555555555555 0.416875 0.005 0.0275
10 0.2633333333333333 0.444375 0.0077777777777777776 0.00875
10 0.2125 0.415625 0.008333333333333333 0.0225
10 0.2088888888888889 0.4446875 0.01 0.013125
10 0.5825 0.4415625 0.007222222222222222 0.008125
10 0.5819444444444445 0.415625 0.009444444444444445 0.025
10 0.6633333333333333 0.415625 0.01 0.0275
10 0.6661111111111111 0.4409375 0.0077777777777777776 0.010625
10 0.7955555555555556 0.39625 0.024444444444444446 0.02625
10 0.7936111111111112 0.3153125 0.02277777777777778 0.063125
10 0.7869444444444444 0.264375 0.008333333333333333 0.02875
10 0.7433333333333333 0.284375 0.008888888888888889 0.0325
10 0.775 0.3234375 0.008888888888888889 0.075625
10 0.9133333333333333 0.353125 0.014444444444444444 0.05125
10 0.9238888888888889 0.4109375 0.016666666666666666 0.020625
12 0.04805555555555555 0.436875 0.007222222222222222 0.01625
12 0.07222222222222222 0.4428125 0.0044444444444444444 0.011875
12 0.06305555555555556 0.4609375 0.008333333333333333 0.024375
12 0.06472222222222222 0.4834375 0.020555555555555556 0.010625
12 0.1802777777777778 0.37625 0.01611111111111111 0.01625
12 0.5236111111111111 0.444375 0.007222222222222222 0.01125
12 0.865 0.3075 0.03666666666666667 0.03
12 0.7808333333333334 0.4671875 0.005 0.024375
12 0.7805555555555556 0.488125 0.022222222222222223 0.0075
2 0.05555555555555555 0.600625 0.1111111111111111 0.19625
3 0.46416666666666667 0.468125 0.020555555555555556 0.01875
3 0.4975 0.4715625 0.011666666666666667 0.020625
3 0.5080555555555556 0.47375 0.025 0.0225
3 0.44305555555555554 0.4659375 0.015 0.011875
3 0.42 0.4653125 0.013333333333333334 0.013125
3 0.42777777777777776 0.4653125 0.006666666666666667 0.010625
3 0.4022222222222222 0.47875 0.03777777777777778 0.0325
3 0.33694444444444444 0.4784375 0.04611111111111111 0.040625
3 0.47333333333333333 0.4640625 0.01 0.013125
3 0.4955555555555556 0.4671875 0.017777777777777778 0.019375
1 0.03138888888888889 0.4609375 0.06055555555555556 0.118125
