6 0.46805555555555556 0.4565625 0.007222222222222222 0.009375
12 0.67 0.34125 0.025555555555555557 0.035
12 0.9311111111111111 0.2434375 0.02666666666666667 0.073125
12 0.9622222222222222 0.361875 0.028888888888888888 0.03625
12 0.9669444444444445 0.394375 0.018333333333333333 0.03125
12 0.7086111111111111 0.35875 0.055 0.01875
1 0.5963888888888889 0.4659375 0.008333333333333333 0.030625
3 0.07972222222222222 0.50875 0.15944444444444444 0.14625
3 0.30666666666666664 0.48375 0.07 0.06
3 0.3572222222222222 0.4775 0.03777777777777778 0.03875
3 0.3844444444444444 0.4746875 0.023333333333333334 0.023125
3 0.3908333333333333 0.47 0.02388888888888889 0.02625
3 0.4091666666666667 0.4696875 0.015 0.019375
3 0.41805555555555557 0.4684375 0.009444444444444445 0.016875
3 0.42527777777777775 0.4671875 0.013888888888888888 0.015625
3 0.43444444444444447 0.461875 0.0077777777777777776 0.01
3 0.4444444444444444 0.4653125 0.014444444444444444 0.016875
3 0.4633333333333333 0.4596875 0.006666666666666667 0.006875
