10 0.2783333333333333 0.26375 0.013333333333333334 0.03875
10 0.4444444444444444 0.24625 0.017777777777777778 0.04625
10 0.6647222222222222 0.3275 0.012777777777777779 0.0425
10 0.6655555555555556 0.3803125 0.011111111111111112 0.016875
10 0.8702777777777778 0.288125 0.015 0.045
12 0.5530555555555555 0.4009375 0.009444444444444445 0.014375
12 0.68 0.365625 0.02666666666666667 0.00875
12 0.6566666666666666 0.27625 0.056666666666666664 0.02625
1 0.7997222222222222 0.425625 0.04722222222222222 0.10875
1 0.8638888888888889 0.4221875 0.043333333333333335 0.104375
1 0.9238888888888889 0.4196875 0.03777777777777778 0.100625
8 0.9013888888888889 0.3978125 0.19611111111111112 0.136875
3 0.14194444444444446 0.466875 0.08055555555555556 0.05
11 0.5972222222222222 0.4428125 0.008888888888888889 0.019375
