10 0.5622222222222222 0.3134375 0.028888888888888888 0.036875
10 0.5538888888888889 0.3753125 0.014444444444444444 0.026875
10 0.4675 0.426875 0.005 0.00625
10 0.8025 0.2953125 0.02722222222222222 0.061875
10 0.8083333333333333 0.3609375 0.015555555555555555 0.021875
12 0.48583333333333334 0.4003125 0.007222222222222222 0.010625
12 0.48638888888888887 0.4115625 0.009444444444444445 0.011875
12 0.8072222222222222 0.338125 0.025555555555555557 0.0175
12 0.8588888888888889 0.3465625 0.03666666666666667 0.015625
12 0.5558333333333333 0.4203125 0.010555555555555556 0.015625
1 0.10583333333333333 0.4634375 0.02277777777777778 0.083125
1 0.09638888888888889 0.4684375 0.03944444444444444 0.091875
1 0.13916666666666666 0.4684375 0.03944444444444444 0.080625
1 0.3302777777777778 0.458125 0.04388888888888889 0.08625
1 0.29944444444444446 0.4671875 0.04111111111111111 0.085625
1 0.385 0.459375 0.05 0.09
1 0.4938888888888889 0.4625 0.044444444444444446 0.08625
1 0.5383333333333333 0.45 0.01888888888888889 0.06625
1 0.6833333333333333 0.4528125 0.04111111111111111 0.104375
3 0.47 0.4534375 0.04111111111111111 0.039375
3 0.9197222222222222 0.465625 0.15944444444444444 0.25625
3 0.17805555555555555 0.4625 0.07055555555555555 0.0525
11 0.5425 0.4628125 0.012777777777777779 0.039375
