10 0.06833333333333333 0.4328125 0.005555555555555556 0.018125
10 0.15 0.42625 0.005555555555555556 0.00625
10 0.3502777777777778 0.36 0.006111111111111111 0.02
10 0.4525 0.3640625 0.007222222222222222 0.021875
10 0.5691666666666667 0.4059375 0.007222222222222222 0.019375
10 0.5708333333333333 0.4275 0.006111111111111111 0.0075
10 0.6283333333333333 0.4003125 0.006666666666666667 0.020625
10 0.6108333333333333 0.4015625 0.006111111111111111 0.021875
10 0.6144444444444445 0.4259375 0.006666666666666667 0.008125
10 0.6977777777777778 0.2909375 0.008888888888888889 0.030625
10 0.6672222222222223 0.300625 0.0077777777777777776 0.02625
10 0.685 0.339375 0.013333333333333334 0.045
10 0.6975 0.3965625 0.011666666666666667 0.019375
10 0.7883333333333333 0.3453125 0.011111111111111112 0.061875
10 0.7972222222222223 0.4028125 0.008888888888888889 0.016875
10 0.13972222222222222 0.2759375 0.017222222222222222 0.044375
12 0.03111111111111111 0.41125 0.017777777777777778 0.00625
12 0.3641666666666667 0.355625 0.013888888888888888 0.01625
12 0.5038888888888889 0.3853125 0.028888888888888888 0.010625
12 0.6841666666666667 0.295 0.008333333333333333 0.02625
12 0.7625 0.3275 0.026111111111111113 0.0225
1 0.08888888888888889 0.475 0.008888888888888889 0.0275
1 0.6038888888888889 0.455 0.013333333333333334 0.03375
1 0.6741666666666667 0.463125 0.03166666666666667 0.07
1 0.7077777777777777 0.458125 0.028888888888888888 0.095
1 0.8958333333333334 0.4340625 0.030555555555555555 0.068125
1 0.9480555555555555 0.4384375 0.02277777777777778 0.065625
1 0.8713888888888889 0.44875 0.01611111111111111 0.04125
3 0.04138888888888889 0.504375 0.08277777777777778 0.1175
3 0.06694444444444445 0.47625 0.045 0.0275
3 0.08666666666666667 0.4684375 0.03333333333333333 0.015625
3 0.11472222222222223 0.4784375 0.017222222222222222 0.061875
3 0.1827777777777778 0.4753125 0.13333333333333333 0.099375
3 0.26805555555555555 0.4765625 0.059444444444444446 0.055625
3 0.3025 0.464375 0.03388888888888889 0.02875
3 0.3225 0.4609375 0.019444444444444445 0.026875
3 0.345 0.4615625 0.035555555555555556 0.030625
3 0.36833333333333335 0.4590625 0.021111111111111112 0.021875
3 0.40444444444444444 0.4615625 0.051111111111111114 0.034375
3 0.49194444444444446 0.46875 0.1238888888888889 0.12
11 0.8722222222222222 0.4621875 0.012222222222222223 0.026875
