6 0.5575980392156863 0.296875 0.190359477124183 0.142578125
10 0.9354575163398693 0.38330078125 0.008169934640522876 0.0263671875
10 0.7904411764705882 0.33154296875 0.01715686274509804 0.0517578125
10 0.7704248366013072 0.34423828125 0.016339869281045753 0.0439453125
10 0.7504084967320261 0.3056640625 0.007352941176470588 0.02734375
10 0.7185457516339869 0.3349609375 0.012254901960784314 0.052734375
10 0.7034313725490197 0.3544921875 0.00980392156862745 0.0390625
10 0.7136437908496732 0.35791015625 0.010620915032679739 0.0302734375
10 0.43913398692810457 0.3388671875 0.010620915032679739 0.046875
10 0.4252450980392157 0.3212890625 0.013888888888888888 0.05078125
10 0.2818627450980392 0.28125 0.016339869281045753 0.03125
12 0.11437908496732026 0.28173828125 0.04738562091503268 0.0224609375
1 0.40645424836601307 0.4091796875 0.010620915032679739 0.05078125
1 0.4170751633986928 0.40966796875 0.008986928104575163 0.0439453125
8 0.8370098039215687 0.400390625 0.12663398692810457 0.146484375
3 0.22875816993464052 0.44775390625 0.315359477124183 0.3173828125
3 0.5535130718954249 0.49462890625 0.2704248366013072 0.2822265625
3 0.7169117647058824 0.4521484375 0.0988562091503268 0.09765625
3 0.9370915032679739 0.61474609375 0.12418300653594772 0.2978515625
3 0.9816176470588235 0.45263671875 0.035130718954248366 0.0498046875
3 0.761437908496732 0.41650390625 0.029411764705882353 0.0419921875
3 0.4493464052287582 0.40234375 0.03431372549019608 0.08203125
