12 0.61279296875 0.48046875 0.005859375 0.00390625
12 0.61279296875 0.47265625 0.009765625 0.01171875
1 0.932861328125 0.66015625 0.06982421875 0.37109375
3 0.05224609375 0.642578125 0.0419921875 0.2265625
3 0.2177734375 0.546875 0.1240234375 0.08463541666666667
3 0.1142578125 0.5550130208333334 0.12890625 0.10481770833333333
3 0.437744140625 0.5201822916666666 0.04736328125 0.05859375
3 0.419189453125 0.5299479166666666 0.05224609375 0.06640625
3 0.402099609375 0.5403645833333334 0.06396484375 0.06640625
3 0.3193359375 0.55859375 0.1123046875 0.1171875
3 0.46533203125 0.5231119791666666 0.0185546875 0.038411458333333336
3 0.4755859375 0.5211588541666666 0.015625 0.030598958333333332
3 0.486328125 0.5185546875 0.0185546875 0.029296875
3 0.49658203125 0.5120442708333334 0.025390625 0.031901041666666664
3 0.514892578125 0.51171875 0.01416015625 0.01953125
3 0.526123046875 0.5113932291666666 0.01513671875 0.016276041666666668
3 0.537353515625 0.5110677083333334 0.01025390625 0.013020833333333334
3 0.595947265625 0.5162760416666666 0.01416015625 0.026041666666666668
3 0.607177734375 0.5208333333333334 0.02001953125 0.036458333333333336
3 0.583984375 0.5110677083333334 0.0126953125 0.016927083333333332
3 0.578125 0.5087890625 0.009765625 0.014973958333333334
3 0.7431640625 0.5302734375 0.0380859375 0.06705729166666667
3 0.71337890625 0.5279947916666666 0.0283203125 0.048177083333333336
3 0.695068359375 0.5240885416666666 0.02392578125 0.045572916666666664
3 0.66064453125 0.5198567708333334 0.0224609375 0.035807291666666664
3 0.62890625 0.5266927083333334 0.0478515625 0.052083333333333336
3 0.84716796875 0.5641276041666666 0.146484375 0.103515625
11 0.165283203125 0.5940755208333334 0.02587890625 0.057942708333333336
