10 0.7175 0.3115625 0.03611111111111111 0.041875
10 0.3713888888888889 0.1378125 0.03722222222222222 0.045625
10 0.18138888888888888 0.1453125 0.03722222222222222 0.043125
10 0.04666666666666667 0.0984375 0.056666666666666664 0.068125
12 0.43833333333333335 0.1440625 0.03 0.049375
12 0.23833333333333334 0.1540625 0.027777777777777776 0.048125
3 0.02861111111111111 0.5021875 0.05722222222222222 0.045625
3 0.08694444444444445 0.491875 0.075 0.06125
3 0.14833333333333334 0.491875 0.08222222222222222 0.05625
3 0.20416666666666666 0.4875 0.04611111111111111 0.04375
3 0.23416666666666666 0.4828125 0.03611111111111111 0.040625
3 0.5272222222222223 0.5346875 0.3422222222222222 0.325625
3 0.2822222222222222 0.474375 0.07222222222222222 0.06625
