10 0.6343954248366013 0.4208984375 0.004084967320261438 0.005859375
10 0.40522875816993464 0.4267578125 0.006535947712418301 0.015625
12 0.8986928104575164 0.24267578125 0.06535947712418301 0.0771484375
12 0.9015522875816994 0.29443359375 0.051470588235294115 0.0283203125
12 0.7275326797385621 0.345703125 0.07598039215686274 0.029296875
12 0.7283496732026143 0.375 0.06781045751633986 0.03125
12 0.6879084967320261 0.3671875 0.0196078431372549 0.0234375
12 0.6397058823529411 0.40478515625 0.011437908496732025 0.0126953125
12 0.47344771241830064 0.427734375 0.008986928104575163 0.009765625
12 0.4722222222222222 0.4189453125 0.00980392156862745 0.005859375
12 0.4722222222222222 0.41064453125 0.00980392156862745 0.0068359375
12 0.46405228758169936 0.42822265625 0.008169934640522876 0.0087890625
12 0.176062091503268 0.42236328125 0.02042483660130719 0.0244140625
12 0.17687908496732027 0.43994140625 0.01715686274509804 0.0087890625
12 0.6401143790849673 0.41455078125 0.012254901960784314 0.0068359375
1 0.8643790849673203 0.48193359375 0.05555555555555555 0.1259765625
1 0.752859477124183 0.46142578125 0.031862745098039214 0.0478515625
1 0.6834150326797386 0.46337890625 0.015522875816993464 0.0537109375
1 0.6646241830065359 0.4658203125 0.01715686274509804 0.0625
1 0.6544117647058824 0.462890625 0.011437908496732025 0.033203125
1 0.6282679738562091 0.46337890625 0.011437908496732025 0.0302734375
1 0.48284313725490197 0.45556640625 0.006535947712418301 0.0126953125
1 0.3165849673202614 0.4697265625 0.007352941176470588 0.021484375
1 0.3116830065359477 0.46923828125 0.005718954248366013 0.0205078125
1 0.30637254901960786 0.47119140625 0.006535947712418301 0.0185546875
1 0.26838235294117646 0.46728515625 0.005718954248366013 0.0087890625
1 0.26348039215686275 0.466796875 0.005718954248366013 0.009765625
1 0.2275326797385621 0.47900390625 0.010620915032679739 0.0302734375
1 0.21323529411764705 0.4794921875 0.00980392156862745 0.017578125
2 0.16094771241830066 0.49267578125 0.026143790849673203 0.0224609375
3 0.07312091503267974 0.505859375 0.08088235294117647 0.044921875
3 0.2708333333333333 0.48486328125 0.03349673202614379 0.0283203125
3 0.35049019607843135 0.4736328125 0.008169934640522876 0.01953125
3 0.3729575163398693 0.4736328125 0.031862745098039214 0.0234375
3 0.4011437908496732 0.4873046875 0.05065359477124183 0.044921875
3 0.4411764705882353 0.4794921875 0.042483660130718956 0.0390625
3 0.4918300653594771 0.48486328125 0.0457516339869281 0.0458984375
3 0.4852941176470588 0.47021484375 0.032679738562091505 0.0224609375
3 0.5445261437908496 0.5048828125 0.09068627450980392 0.083984375
3 0.5996732026143791 0.48779296875 0.058823529411764705 0.0673828125
3 0.5216503267973857 0.46337890625 0.02369281045751634 0.0126953125
79 0.08292483660130719 0.4814453125 0.07598039215686274 0.060546875
