10 0.6597222222222222 0.3409375 0.020555555555555556 0.048125
10 0.9233333333333333 0.37375 0.023333333333333334 0.02375
10 0.5255555555555556 0.4321875 0.0044444444444444444 0.013125
10 0.4697222222222222 0.40875 0.007222222222222222 0.01125
10 0.32916666666666666 0.4321875 0.005 0.014375
10 0.6530555555555555 0.3934375 0.010555555555555556 0.019375
12 0.6613888888888889 0.3709375 0.03722222222222222 0.010625
12 0.6555555555555556 0.4365625 0.011111111111111112 0.016875
12 0.97 0.3609375 0.035555555555555556 0.014375
12 0.9447222222222222 0.32875 0.03166666666666667 0.03625
1 0.03861111111111111 0.4571875 0.012777777777777779 0.030625
1 0.04666666666666667 0.46375 0.013333333333333334 0.02875
1 0.0763888888888889 0.461875 0.012777777777777779 0.02875
1 0.08666666666666667 0.45875 0.011111111111111112 0.02875
1 0.09305555555555556 0.4571875 0.010555555555555556 0.025625
1 0.8836111111111111 0.4603125 0.030555555555555555 0.115625
1 0.8583333333333333 0.4684375 0.027777777777777776 0.105625
1 0.8191666666666667 0.470625 0.025 0.11
1 0.8108333333333333 0.480625 0.035 0.1275
1 0.7733333333333333 0.46875 0.02666666666666667 0.095
1 0.7433333333333333 0.4703125 0.027777777777777776 0.095625
1 0.7208333333333333 0.48125 0.03277777777777778 0.09625
1 0.6916666666666667 0.4765625 0.028888888888888888 0.099375
2 0.09861111111111111 0.4859375 0.041666666666666664 0.033125
2 0.11138888888888888 0.4859375 0.03277777777777778 0.033125
3 0.25527777777777777 0.4790625 0.08944444444444444 0.061875
3 0.31277777777777777 0.4778125 0.058888888888888886 0.048125
3 0.34444444444444444 0.47625 0.01888888888888889 0.035
