1 0.12916666666666668 0.469375 0.015 0.0325
1 0.30777777777777776 0.4715625 0.03666666666666667 0.081875
1 0.3269444444444444 0.4659375 0.03722222222222222 0.085625
1 0.31055555555555553 0.465625 0.03 0.08375
1 0.3713888888888889 0.4621875 0.03166666666666667 0.105625
1 0.9358333333333333 0.3925 0.03277777777777778 0.0375
2 0.27694444444444444 0.4628125 0.03944444444444444 0.043125
3 0.41194444444444445 0.4628125 0.13722222222222222 0.120625
3 0.5122222222222222 0.46375 0.2511111111111111 0.13625
3 0.6611111111111111 0.480625 0.18333333333333332 0.1225
3 0.7636111111111111 0.480625 0.2816666666666667 0.1625
3 0.8938888888888888 0.4959375 0.2111111111111111 0.178125
