2 0.4011111111111111 0.478125 0.015555555555555555 0.02625
2 0.37583333333333335 0.4865625 0.017222222222222222 0.030625
2 0.34694444444444444 0.4978125 0.026111111111111113 0.040625
2 0.28 0.5084375 0.03333333333333333 0.061875
2 0.22583333333333333 0.515625 0.028333333333333332 0.05375
2 0.19944444444444445 0.5278125 0.04111111111111111 0.081875
2 0.1661111111111111 0.519375 0.03333333333333333 0.06375
2 0.13277777777777777 0.5246875 0.05555555555555555 0.088125
2 0.255 0.4965625 0.02666666666666667 0.059375
3 0.5725 0.471875 0.06722222222222222 0.0625
3 0.5355555555555556 0.4728125 0.021111111111111112 0.040625
3 0.5275 0.47125 0.019444444444444445 0.035
3 0.5152777777777777 0.47125 0.009444444444444445 0.03
3 0.4961111111111111 0.471875 0.008888888888888889 0.00875
3 0.48055555555555557 0.471875 0.01 0.01
3 0.4419444444444444 0.46875 0.026111111111111113 0.02125
3 0.2411111111111111 0.4690625 0.06 0.060625
3 0.06694444444444445 0.4984375 0.1338888888888889 0.098125
3 0.38861111111111113 0.4696875 0.013888888888888888 0.025625
3 0.3597222222222222 0.4746875 0.015 0.030625
1 0.40055555555555555 0.465625 0.016666666666666666 0.04
1 0.37444444444444447 0.4696875 0.017777777777777778 0.048125
1 0.3433333333333333 0.47625 0.02 0.0675
1 0.27805555555555556 0.475625 0.03611111111111111 0.095
1 0.2 0.485625 0.04888888888888889 0.13
1 0.13444444444444445 0.500625 0.05555555555555555 0.12625
1 0.16416666666666666 0.49 0.026111111111111113 0.105
1 0.23166666666666666 0.48625 0.03111111111111111 0.1075
