10 0.32305555555555554 0.405625 0.010555555555555556 0.025
10 0.4686111111111111 0.346875 0.015 0.0225
10 0.5858333333333333 0.3896875 0.01611111111111111 0.019375
10 0.6344444444444445 0.35375 0.022222222222222223 0.02875
12 0.5822222222222222 0.3675 0.01888888888888889 0.0125
12 0.6494444444444445 0.3846875 0.024444444444444446 0.008125
1 0.7738888888888888 0.45 0.022222222222222223 0.07375
3 0.12416666666666666 0.503125 0.24833333333333332 0.2625
3 0.38472222222222224 0.4603125 0.08277777777777778 0.063125
3 0.5119444444444444 0.451875 0.11055555555555556 0.095
