12 0.25277777777777777 0.3975 0.03333333333333333 0.03875
1 0.7313888888888889 0.4690625 0.025 0.071875
1 0.49777777777777776 0.47 0.016666666666666666 0.04375
1 0.5533333333333333 0.468125 0.0044444444444444444 0.02375
1 0.5244444444444445 0.459375 0.0044444444444444444 0.01125
3 0.44305555555555554 0.4653125 0.017222222222222222 0.016875
3 0.4125 0.465 0.01611111111111111 0.01375
3 0.3211111111111111 0.459375 0.024444444444444446 0.01625
3 0.2852777777777778 0.4571875 0.025 0.015625
3 0.25583333333333336 0.4671875 0.06277777777777778 0.040625
3 0.1763888888888889 0.4559375 0.05388888888888889 0.023125
3 0.1288888888888889 0.4571875 0.04 0.026875
3 0.06916666666666667 0.485625 0.13833333333333334 0.09
3 0.011111111111111112 0.4465625 0.022222222222222223 0.030625
11 0.35777777777777775 0.4725 0.005555555555555556 0.01875
