12 0.984375 0.38623046875 0.0296875 0.0341796875
12 0.97265625 0.3017578125 0.053125 0.142578125
12 0.865234375 0.38720703125 0.01015625 0.0498046875
12 0.864453125 0.41796875 0.00703125 0.013671875
1 0.69609375 0.4423828125 0.0171875 0.048828125
2 0.616015625 0.6591796875 0.07265625 0.154296875
3 0.034375 0.4765625 0.0546875 0.01953125
3 0.626171875 0.44677734375 0.02421875 0.0224609375
3 0.6515625 0.44580078125 0.0265625 0.0205078125
3 0.6828125 0.4462890625 0.015625 0.017578125
3 0.945703125 0.45654296875 0.07890625 0.0751953125
3 0.053515625 0.7109375 0.10703125 0.27734375
1 0.621875 0.5927734375 0.0890625 0.224609375
