12 0.29194444444444445 0.430625 0.010555555555555556 0.015
12 0.6683333333333333 0.376875 0.01888888888888889 0.0275
1 0.04527777777777778 0.483125 0.02388888888888889 0.0775
3 0.3263888888888889 0.4675 0.02277777777777778 0.02375
3 0.38083333333333336 0.465 0.03611111111111111 0.02375
3 0.4166666666666667 0.4634375 0.03111111111111111 0.028125
3 0.4519444444444444 0.4615625 0.04055555555555555 0.033125
3 0.6144444444444445 0.450625 0.06111111111111111 0.04125
3 0.8752777777777778 0.52125 0.24833333333333332 0.29125
11 0.2427777777777778 0.48375 0.01 0.02
