2 0.9452777777777778 0.568125 0.0961111111111111 0.1425
2 0.8075 0.5334375 0.07388888888888889 0.113125
2 0.7075 0.5121875 0.03833333333333333 0.084375
2 0.6658333333333334 0.5028125 0.03277777777777778 0.064375
2 0.6447222222222222 0.4959375 0.029444444444444443 0.049375
2 0.6077777777777778 0.490625 0.021111111111111112 0.04625
2 0.5727777777777778 0.4853125 0.02 0.041875
3 0.07277777777777777 0.54 0.14555555555555555 0.31875
3 0.31777777777777777 0.4653125 0.09666666666666666 0.081875
3 0.38222222222222224 0.4640625 0.03666666666666667 0.039375
3 0.4 0.465 0.011111111111111112 0.03
3 0.3972222222222222 0.4584375 0.03111111111111111 0.035625
3 0.9080555555555555 0.518125 0.1827777777777778 0.1525
3 0.7819444444444444 0.490625 0.15055555555555555 0.11125
3 0.6147222222222222 0.4690625 0.05611111111111111 0.058125
3 0.575 0.4634375 0.04555555555555556 0.044375
1 0.9422222222222222 0.515 0.07444444444444444 0.195
1 0.8052777777777778 0.48875 0.05388888888888889 0.16875
1 0.7130555555555556 0.479375 0.042777777777777776 0.10375
1 0.6691666666666667 0.475625 0.04055555555555555 0.085
1 0.6436111111111111 0.4759375 0.028333333333333332 0.063125
1 0.6094444444444445 0.4725 0.025555555555555557 0.06
1 0.575 0.4678125 0.024444444444444446 0.061875
