10 0.046875 0.375 0.0234375 0.07421875
10 0.04296875 0.4560546875 0.01875 0.025390625
10 0.81640625 0.16357421875 0.0265625 0.0771484375
12 0.0578125 0.42333984375 0.04375 0.0205078125
12 0.27890625 0.4326171875 0.01875 0.01953125
12 0.926953125 0.4306640625 0.02109375 0.029296875
12 0.888671875 0.46435546875 0.03046875 0.0419921875
1 0.1328125 0.55908203125 0.034375 0.1103515625
1 0.06875 0.55126953125 0.03125 0.1220703125
1 0.08828125 0.5556640625 0.03125 0.11328125
1 0.14296875 0.5263671875 0.015625 0.0703125
1 0.173828125 0.5234375 0.01796875 0.064453125
1 0.078515625 0.55224609375 0.01953125 0.1103515625
3 0.528515625 0.53515625 0.01953125 0.017578125
