10 0.504150390625 0.5029296875 0.00927734375 0.026692708333333332
10 0.573486328125 0.4710286458333333 0.00927734375 0.029296875
10 0.6171875 0.5 0.009765625 0.029947916666666668
2 0.748046875 0.6682942708333334 0.0380859375 0.111328125
3 0.068603515625 0.6067708333333334 0.07373046875 0.13671875
3 0.139892578125 0.5934244791666666 0.10791015625 0.10872395833333333
3 0.22412109375 0.5817057291666666 0.0859375 0.09440104166666667
3 0.279541015625 0.5709635416666666 0.06201171875 0.078125
3 0.32421875 0.5677083333333334 0.044921875 0.0703125
3 0.35546875 0.5598958333333334 0.0390625 0.06380208333333333
3 0.385009765625 0.5563151041666666 0.03369140625 0.054036458333333336
3 0.45703125 0.5436197916666666 0.037109375 0.037760416666666664
3 0.49169921875 0.5419921875 0.03125 0.030598958333333332
3 0.521484375 0.5364583333333334 0.0205078125 0.020833333333333332
1 0.75146484375 0.6103515625 0.0517578125 0.17643229166666666
11 0.959716796875 0.6936848958333334 0.01806640625 0.10221354166666667
