1 0.7811111111111111 0.46625 0.035555555555555556 0.10625
1 0.8030555555555555 0.454375 0.026111111111111113 0.1
1 0.06527777777777778 0.4728125 0.020555555555555556 0.063125
1 0.1238888888888889 0.4771875 0.017777777777777778 0.066875
1 0.16777777777777778 0.4725 0.021111111111111112 0.07125
1 0.19777777777777777 0.46625 0.015555555555555555 0.06875
1 0.26055555555555554 0.473125 0.015555555555555555 0.0425
1 0.5222222222222223 0.4609375 0.0077777777777777776 0.033125
2 0.8052777777777778 0.50375 0.06166666666666667 0.11625
2 0.8355555555555556 0.5075 0.06111111111111111 0.105
2 0.9802777777777778 0.4940625 0.03833333333333333 0.061875
2 0.9275 0.476875 0.08611111111111111 0.0775
2 0.8852777777777778 0.4784375 0.07611111111111112 0.069375
2 0.9772222222222222 0.6253125 0.044444444444444446 0.244375
2 0.7491666666666666 0.493125 0.042777777777777776 0.0675
2 0.8633333333333333 0.4703125 0.052222222222222225 0.056875
2 0.6177777777777778 0.4765625 0.028888888888888888 0.046875
2 0.6055555555555555 0.4746875 0.027777777777777776 0.045625
2 0.5744444444444444 0.5059375 0.04111111111111111 0.088125
2 0.4988888888888889 0.5071875 0.03666666666666667 0.081875
2 0.46444444444444444 0.4928125 0.025555555555555557 0.054375
3 0.03333333333333333 0.5384375 0.06666666666666667 0.170625
3 0.3163888888888889 0.4803125 0.06277777777777778 0.050625
3 0.3447222222222222 0.4740625 0.019444444444444445 0.039375
3 0.35555555555555557 0.4715625 0.017777777777777778 0.035625
3 0.40444444444444444 0.4609375 0.016666666666666666 0.013125
3 0.4461111111111111 0.4640625 0.017777777777777778 0.021875
1 0.5738888888888889 0.469375 0.043333333333333335 0.135
1 0.4975 0.47625 0.03611111111111111 0.12125
1 0.4658333333333333 0.4746875 0.025 0.080625
