12 0.7094444444444444 0.39625 0.012222222222222223 0.01875
12 0.5294444444444445 0.455 0.0044444444444444444 0.00625
3 0.8872222222222222 0.52125 0.22444444444444445 0.1925
3 0.6922222222222222 0.4675 0.11222222222222222 0.10125
3 0.6233333333333333 0.4721875 0.044444444444444446 0.044375
3 0.6025 0.4675 0.03611111111111111 0.03875
3 0.5541666666666667 0.4571875 0.029444444444444443 0.026875
3 0.5075 0.4584375 0.018333333333333333 0.019375
3 0.47 0.45625 0.015555555555555555 0.01
3 0.45555555555555555 0.455625 0.014444444444444444 0.0175
3 0.45416666666666666 0.459375 0.008333333333333333 0.0125
3 0.44722222222222224 0.4578125 0.01 0.018125
3 0.4386111111111111 0.459375 0.017222222222222222 0.01875
3 0.41583333333333333 0.4590625 0.030555555555555555 0.029375
3 0.4061111111111111 0.463125 0.03111111111111111 0.025
3 0.35194444444444445 0.46125 0.05611111111111111 0.05375
3 0.5394444444444444 0.4565625 0.008888888888888889 0.024375
3 0.43555555555555553 0.4609375 0.011111111111111112 0.018125
11 0.20277777777777778 0.485 0.012222222222222223 0.035
