10 0.17973856209150327 0.51220703125 0.006535947712418301 0.0068359375
10 0.1854575163398693 0.48095703125 0.006535947712418301 0.0205078125
12 0.5592320261437909 0.48876953125 0.008986928104575163 0.0107421875
12 0.4068627450980392 0.48876953125 0.006535947712418301 0.0107421875
12 0.40645424836601307 0.498046875 0.005718954248366013 0.0078125
12 0.5355392156862745 0.49755859375 0.007352941176470588 0.0068359375
12 0.5355392156862745 0.50244140625 0.004084967320261438 0.0029296875
1 0.7263071895424836 0.53271484375 0.013071895424836602 0.0439453125
1 0.7103758169934641 0.5361328125 0.012254901960784314 0.044921875
1 0.5943627450980392 0.5224609375 0.008986928104575163 0.025390625
8 0.4812091503267974 0.50732421875 0.014705882352941176 0.0146484375
4 0.460375816993464 0.5341796875 0.012254901960784314 0.0234375
3 0.48447712418300654 0.5166015625 0.011437908496732025 0.013671875
3 0.47263071895424835 0.52197265625 0.01715686274509804 0.0185546875
3 0.45955882352941174 0.5146484375 0.012254901960784314 0.013671875
3 0.4493464052287582 0.515625 0.013071895424836602 0.013671875
3 0.4309640522875817 0.5263671875 0.02042483660130719 0.021484375
3 0.41013071895424835 0.53466796875 0.0392156862745098 0.0361328125
1 0.46078431372549017 0.52490234375 0.011437908496732025 0.0185546875
