12 0.85 0.403125 0.006666666666666667 0.025
12 0.7347222222222223 0.4225 0.0038888888888888888 0.01875
12 0.7080555555555555 0.426875 0.0038888888888888888 0.0175
12 0.6919444444444445 0.426875 0.002777777777777778 0.015
12 0.6716666666666666 0.4321875 0.0033333333333333335 0.014375
1 0.5855555555555556 0.495625 0.03666666666666667 0.12625
1 0.5333333333333333 0.4990625 0.04 0.126875
3 0.6175 0.4896875 0.145 0.076875
3 0.5783333333333334 0.459375 0.06666666666666667 0.025
3 0.5138888888888888 0.465 0.10333333333333333 0.0675
3 0.4013888888888889 0.475 0.03166666666666667 0.0225
3 0.42277777777777775 0.4740625 0.013333333333333334 0.014375
3 0.14666666666666667 0.5528125 0.29333333333333333 0.273125
3 0.25222222222222224 0.4665625 0.028888888888888888 0.015625
3 0.3055555555555556 0.470625 0.024444444444444446 0.01875
