10 0.1361111111111111 0.200625 0.015555555555555555 0.04875
10 0.18638888888888888 0.339375 0.012777777777777779 0.0325
10 0.18138888888888888 0.384375 0.010555555555555556 0.015
10 0.3525 0.345 0.015 0.04625
10 0.3458333333333333 0.3915625 0.015 0.016875
10 0.825 0.36 0.012222222222222223 0.04
10 0.8308333333333333 0.4134375 0.01611111111111111 0.016875
12 0.15 0.3653125 0.021111111111111112 0.009375
12 0.43916666666666665 0.38375 0.018333333333333333 0.0225
12 0.41305555555555556 0.3865625 0.008333333333333333 0.013125
12 0.4141666666666667 0.4003125 0.007222222222222222 0.006875
12 0.7213888888888889 0.395 0.009444444444444445 0.015
12 0.7211111111111111 0.4115625 0.006666666666666667 0.009375
12 0.8197222222222222 0.3084375 0.015 0.024375
12 0.8202777777777778 0.326875 0.015 0.0125
12 0.8155555555555556 0.3953125 0.01888888888888889 0.011875
12 0.8355555555555556 0.3971875 0.021111111111111112 0.010625
3 0.44333333333333336 0.4384375 0.044444444444444446 0.044375
3 0.5769444444444445 0.4525 0.2238888888888889 0.08875
3 0.47555555555555556 0.43125 0.025555555555555557 0.02375
3 0.6963888888888888 0.4615625 0.025 0.036875
