10 0.284423828125 0.4973958333333333 0.02587890625 0.036458333333333336
10 0.67626953125 0.49609375 0.021484375 0.029947916666666668
12 0.934814453125 0.4993489583333333 0.03369140625 0.07552083333333333
12 0.676513671875 0.52734375 0.01806640625 0.032552083333333336
1 0.71728515625 0.5660807291666666 0.013671875 0.047526041666666664
1 0.738525390625 0.5774739583333334 0.01708984375 0.06640625
1 0.759765625 0.5716145833333334 0.0185546875 0.0546875
1 0.777099609375 0.5797526041666666 0.01416015625 0.06705729166666667
1 0.78955078125 0.5843098958333334 0.0126953125 0.072265625
1 0.803466796875 0.5830078125 0.01806640625 0.06315104166666667
1 0.82275390625 0.5895182291666666 0.0234375 0.07096354166666667
1 0.84619140625 0.5973307291666666 0.0244140625 0.10091145833333333
1 0.876220703125 0.5944010416666666 0.02978515625 0.10026041666666667
2 0.653564453125 0.634765625 0.03173828125 0.06510416666666667
3 0.29638671875 0.6197916666666666 0.154296875 0.16796875
3 0.51416015625 0.654296875 0.1728515625 0.17708333333333334
1 0.65283203125 0.6126302083333334 0.03125 0.10416666666666667
