10 0.911865234375 0.4537760416666667 0.02099609375 0.07552083333333333
10 0.053466796875 0.4485677083333333 0.01904296875 0.07682291666666667
10 0.08251953125 0.4557291666666667 0.013671875 0.07161458333333333
12 0.90234375 0.5182291666666666 0.0234375 0.049479166666666664
12 0.064697265625 0.509765625 0.02001953125 0.032552083333333336
1 0.905029296875 0.7643229166666666 0.12939453125 0.390625
1 0.785400390625 0.7399088541666666 0.14599609375 0.3665364583333333
1 0.07275390625 0.7106119791666666 0.0849609375 0.369140625
1 0.0947265625 0.7395833333333334 0.0849609375 0.3619791666666667
3 0.6806640625 0.5970052083333334 0.064453125 0.05078125
3 0.74365234375 0.6051432291666666 0.048828125 0.06966145833333333
11 0.876220703125 0.6318359375 0.01513671875 0.043619791666666664
3 0.431640625 0.5725911458333334 0.1005859375 0.14388020833333334
