2 0.1109375 0.80029296875 0.09375 0.2294921875
2 0.51171875 0.49853515625 0.0125 0.0263671875
3 0.095703125 0.63720703125 0.19140625 0.1748046875
3 0.10234375 0.57666015625 0.2046875 0.1064453125
3 0.27109375 0.5576171875 0.109375 0.1015625
3 0.316015625 0.5380859375 0.06640625 0.080078125
3 0.361328125 0.5146484375 0.05703125 0.064453125
3 0.377734375 0.50634765625 0.04453125 0.0634765625
3 0.3984375 0.5029296875 0.025 0.0546875
3 0.401171875 0.49658203125 0.04609375 0.0556640625
3 0.450390625 0.49853515625 0.06328125 0.0458984375
3 0.460546875 0.478515625 0.03046875 0.0234375
3 0.48046875 0.47802734375 0.025 0.0244140625
3 0.48984375 0.47216796875 0.025 0.0283203125
3 0.5046875 0.4736328125 0.0109375 0.0234375
3 0.51484375 0.47119140625 0.0203125 0.0205078125
3 0.528515625 0.46875 0.01640625 0.01953125
3 0.538671875 0.46728515625 0.01328125 0.0166015625
3 0.54921875 0.46484375 0.0140625 0.015625
3 0.5609375 0.46337890625 0.0125 0.0166015625
3 0.571875 0.47998046875 0.0234375 0.0283203125
3 0.585546875 0.46484375 0.02265625 0.015625
3 0.576171875 0.45947265625 0.01796875 0.0126953125
3 0.57421875 0.50341796875 0.025 0.0439453125
3 0.596875 0.513671875 0.04375 0.05859375
3 0.6109375 0.52099609375 0.03125 0.0634765625
3 0.662890625 0.54150390625 0.11953125 0.1298828125
3 0.8546875 0.6240234375 0.2890625 0.26171875
3 0.930859375 0.7744140625 0.13671875 0.3359375
3 0.925 0.4775390625 0.084375 0.041015625
3 0.6015625 0.45703125 0.01875 0.017578125
1 0.1 0.70751953125 0.1171875 0.3095703125
1 0.51171875 0.4892578125 0.0125 0.037109375
1 0.833984375 0.693359375 0.10390625 0.384765625
