10 0.6561111111111111 0.391875 0.016666666666666666 0.02375
10 0.6619444444444444 0.3525 0.026111111111111113 0.065
10 0.5330555555555555 0.420625 0.010555555555555556 0.01625
10 0.06194444444444445 0.3596875 0.029444444444444443 0.069375
10 0.06333333333333334 0.4071875 0.015555555555555555 0.020625
12 0.21583333333333332 0.416875 0.017222222222222222 0.02125
12 0.15444444444444444 0.40875 0.021111111111111112 0.02125
12 0.6572222222222223 0.4328125 0.008888888888888889 0.015625
12 0.07388888888888889 0.44875 0.01 0.01625
1 0.9586111111111111 0.46 0.030555555555555555 0.0875
1 0.9244444444444444 0.4596875 0.03 0.094375
1 0.8955555555555555 0.4628125 0.028888888888888888 0.091875
1 0.935 0.4640625 0.024444444444444446 0.085625
1 0.8608333333333333 0.465625 0.029444444444444443 0.09375
1 0.8241666666666667 0.450625 0.02277777777777778 0.075
1 0.33444444444444443 0.4553125 0.005555555555555556 0.014375
1 0.315 0.4565625 0.008888888888888889 0.021875
1 0.2577777777777778 0.4609375 0.01 0.026875
1 0.2325 0.464375 0.013888888888888888 0.03375
1 0.2452777777777778 0.46375 0.011666666666666667 0.035
1 0.15361111111111111 0.4596875 0.011666666666666667 0.034375
1 0.1213888888888889 0.4609375 0.012777777777777779 0.050625
1 0.17055555555555554 0.4678125 0.01888888888888889 0.054375
3 0.5102777777777778 0.4628125 0.029444444444444443 0.030625
3 0.48055555555555557 0.461875 0.03666666666666667 0.0375
