12 0.28694444444444445 0.4084375 0.006111111111111111 0.005625
12 0.2838888888888889 0.3928125 0.017777777777777778 0.018125
12 0.3436111111111111 0.4253125 0.010555555555555556 0.004375
12 0.3441666666666667 0.413125 0.013888888888888888 0.015
12 0.5980555555555556 0.4065625 0.009444444444444445 0.004375
12 0.5975 0.395625 0.013888888888888888 0.015
12 0.6202777777777778 0.4121875 0.012777777777777779 0.006875
12 0.6191666666666666 0.395 0.019444444444444445 0.02
1 0.6844444444444444 0.443125 0.015555555555555555 0.045
8 0.25166666666666665 0.44 0.07888888888888888 0.075
3 0.04833333333333333 0.4675 0.09666666666666666 0.0925
3 0.16555555555555557 0.4684375 0.07 0.048125
3 0.29555555555555557 0.451875 0.02 0.0375
3 0.39916666666666667 0.4453125 0.02388888888888889 0.019375
3 0.5172222222222222 0.43375 0.017777777777777778 0.015
3 0.44472222222222224 0.439375 0.018333333333333333 0.0125
3 0.5716666666666667 0.439375 0.024444444444444446 0.02125
