12 0.835 0.39375 0.011111111111111112 0.035
12 0.7322222222222222 0.3453125 0.052222222222222225 0.015625
12 0.7338888888888889 0.3603125 0.012222222222222223 0.014375
12 0.5577777777777778 0.45 0.0077777777777777776 0.01625
12 0.5333333333333333 0.461875 0.005555555555555556 0.00625
12 0.4191666666666667 0.4559375 0.005 0.008125
12 0.39055555555555554 0.4415625 0.01 0.004375
1 0.41944444444444445 0.4753125 0.0044444444444444444 0.013125
3 0.9075 0.584375 0.18388888888888888 0.31125
3 0.5277777777777778 0.475625 0.014444444444444444 0.01375
3 0.52 0.474375 0.008888888888888889 0.015
3 0.5130555555555556 0.4771875 0.008333333333333333 0.010625
3 0.4508333333333333 0.4765625 0.013888888888888888 0.014375
3 0.4713888888888889 0.4803125 0.008333333333333333 0.006875
3 0.29555555555555557 0.489375 0.08222222222222222 0.055
