10 0.8974673202614379 0.236328125 0.035130718954248366 0.103515625
10 0.8590686274509803 0.2138671875 0.041666666666666664 0.150390625
10 0.818218954248366 0.25537109375 0.04003267973856209 0.0537109375
10 0.006127450980392157 0.34912109375 0.008986928104575163 0.0263671875
10 0.01511437908496732 0.35498046875 0.008986928104575163 0.0126953125
10 0.23937908496732027 0.349609375 0.008169934640522876 0.029296875
10 0.44893790849673204 0.38720703125 0.010620915032679739 0.0107421875
12 0.9293300653594772 0.30126953125 0.041666666666666664 0.0498046875
12 0.037173202614379085 0.2880859375 0.035130718954248366 0.048828125
12 0.38439542483660133 0.3779296875 0.012254901960784314 0.005859375
12 0.4264705882352941 0.38037109375 0.00980392156862745 0.0107421875
12 0.41094771241830064 0.326171875 0.00980392156862745 0.017578125
1 0.1968954248366013 0.4677734375 0.04738562091503268 0.158203125
1 0.07475490196078431 0.46044921875 0.06781045751633986 0.1474609375
1 0.16339869281045752 0.42333984375 0.026143790849673203 0.0791015625
1 0.1053921568627451 0.41015625 0.014705882352941176 0.05859375
1 0.09191176470588236 0.404296875 0.015522875816993464 0.046875
1 0.21323529411764705 0.42236328125 0.008169934640522876 0.0361328125
1 0.22426470588235295 0.41357421875 0.013888888888888888 0.0615234375
1 0.24223856209150327 0.41650390625 0.013888888888888888 0.0576171875
1 0.25 0.41943359375 0.008169934640522876 0.0517578125
1 0.26062091503267976 0.4208984375 0.013071895424836602 0.048828125
1 0.2741013071895425 0.41943359375 0.013888888888888888 0.0517578125
1 0.31495098039215685 0.41796875 0.013888888888888888 0.0546875
1 0.34272875816993464 0.4189453125 0.013888888888888888 0.05078125
1 0.33905228758169936 0.408203125 0.008169934640522876 0.037109375
1 0.3545751633986928 0.4140625 0.013071895424836602 0.04296875
1 0.3737745098039216 0.42138671875 0.02369281045751634 0.0478515625
1 0.3770424836601307 0.40869140625 0.015522875816993464 0.0341796875
1 0.38643790849673204 0.42041015625 0.017973856209150325 0.0498046875
1 0.45588235294117646 0.42333984375 0.026143790849673203 0.0498046875
1 0.4178921568627451 0.41015625 0.007352941176470588 0.0234375
1 0.40931372549019607 0.40869140625 0.004901960784313725 0.0205078125
8 0.4881535947712418 0.40380859375 0.03022875816993464 0.0498046875
3 0.7099673202614379 0.568359375 0.4624183006535948 0.5078125
3 0.04411764705882353 0.62451171875 0.08823529411764706 0.2041015625
3 0.45588235294117646 0.419921875 0.03758169934640523 0.04296875
3 0.5102124183006536 0.4326171875 0.03349673202614379 0.05078125
3 0.9701797385620915 0.455078125 0.05800653594771242 0.08984375
