12 0.505078125 0.43603515625 0.00546875 0.0068359375
1 0.519140625 0.5048828125 0.01796875 0.083984375
1 0.5359375 0.50927734375 0.021875 0.0751953125
1 0.54921875 0.5009765625 0.01875 0.080078125
3 0.910546875 0.7314453125 0.17734375 0.41015625
3 0.844140625 0.66748046875 0.22421875 0.2451171875
3 0.676953125 0.5517578125 0.16015625 0.16796875
3 0.63515625 0.52392578125 0.1046875 0.1142578125
3 0.5796875 0.513671875 0.05 0.064453125
3 0.579296875 0.501953125 0.05390625 0.0625
3 0.494140625 0.4794921875 0.03984375 0.03515625
3 0.529296875 0.47119140625 0.02421875 0.0244140625
3 0.03671875 0.66650390625 0.0734375 0.2080078125
3 0.10078125 0.6123046875 0.1421875 0.1484375
3 0.185546875 0.56298828125 0.11953125 0.1298828125
3 0.252734375 0.533203125 0.10703125 0.126953125
3 0.303515625 0.53369140625 0.03046875 0.0751953125
3 0.31015625 0.5234375 0.04375 0.06640625
3 0.324609375 0.51611328125 0.03671875 0.0595703125
3 0.333203125 0.50830078125 0.03515625 0.0556640625
3 0.349609375 0.49755859375 0.05234375 0.0615234375
3 0.38125 0.48974609375 0.0328125 0.0361328125
3 0.396484375 0.47998046875 0.03046875 0.0322265625
3 0.413671875 0.4775390625 0.01796875 0.025390625
3 0.422265625 0.474609375 0.01328125 0.021484375
3 0.42109375 0.47021484375 0.025 0.0244140625
3 0.434765625 0.46630859375 0.01953125 0.0205078125
3 0.444140625 0.4609375 0.01328125 0.017578125
3 0.116796875 0.49169921875 0.06015625 0.0419921875
3 0.055859375 0.4970703125 0.04609375 0.033203125
3 0.022265625 0.49267578125 0.04296875 0.0380859375
3 0.23359375 0.4716796875 0.0578125 0.015625
3 0.157421875 0.4716796875 0.02109375 0.017578125
3 0.4890625 0.4580078125 0.0125 0.013671875
3 0.177734375 0.482421875 0.05703125 0.03515625
1 0.4625 0.46484375 0.00625 0.0234375
1 0.450390625 0.4638671875 0.00546875 0.0234375
