12 0.571484375 0.4306640625 0.01171875 0.01953125
12 0.6265625 0.416015625 0.009375 0.017578125
12 0.769921875 0.37451171875 0.01796875 0.0380859375
12 0.769921875 0.40869140625 0.01796875 0.0302734375
1 0.8375 0.46875 0.0140625 0.052734375
2 0.4890625 0.4931640625 0.015625 0.03515625
8 0.496484375 0.4638671875 0.02734375 0.033203125
4 0.953515625 0.755859375 0.09140625 0.22265625
3 0.379296875 0.474609375 0.01953125 0.015625
3 0.400390625 0.4814453125 0.02734375 0.02734375
3 0.43125 0.48583984375 0.0375 0.0419921875
3 0.45546875 0.47021484375 0.015625 0.0146484375
3 0.608203125 0.4677734375 0.03828125 0.029296875
3 0.528515625 0.48193359375 0.04609375 0.0478515625
3 0.575390625 0.51806640625 0.03828125 0.0693359375
3 0.61484375 0.52783203125 0.0828125 0.0888671875
3 0.67578125 0.56396484375 0.134375 0.1240234375
3 0.847265625 0.630859375 0.30390625 0.28125
3 0.289453125 0.5263671875 0.03671875 0.076171875
3 0.227734375 0.5546875 0.13203125 0.140625
1 0.48984375 0.4814453125 0.015625 0.04296875
