1 0.5741666666666667 0.499375 0.009444444444444445 0.0175
1 0.5488888888888889 0.5059375 0.008888888888888889 0.019375
1 0.5561111111111111 0.501875 0.013333333333333334 0.02375
1 0.475 0.5215625 0.008888888888888889 0.023125
1 0.9894444444444445 0.52375 0.02 0.165
1 0.9272222222222222 0.5190625 0.05 0.170625
1 0.1725 0.5525 0.020555555555555556 0.0875
1 0.14666666666666667 0.559375 0.04111111111111111 0.18875
1 0.14194444444444446 0.5621875 0.08388888888888889 0.186875
3 0.36527777777777776 0.5525 0.195 0.065
3 0.04777777777777778 0.565625 0.09555555555555556 0.20375
