3 0.433203125 0.482421875 0.04453125 0.05078125
3 0.28125 0.521484375 0.075 0.087890625
3 0.25703125 0.54248046875 0.0578125 0.0830078125
3 0.1921875 0.5634765625 0.1109375 0.14453125
3 0.085546875 0.59716796875 0.17109375 0.1884765625
3 0.573828125 0.52001953125 0.04140625 0.0732421875
3 0.602734375 0.5244140625 0.06328125 0.08203125
3 0.608203125 0.53955078125 0.05390625 0.0908203125
3 0.7046875 0.5849609375 0.21875 0.2421875
3 0.83671875 0.7080078125 0.325 0.291015625
3 0.912109375 0.82421875 0.17421875 0.349609375
