12 0.2936111111111111 0.4259375 0.005 0.006875
1 0.2797222222222222 0.46875 0.020555555555555556 0.0625
1 0.29638888888888887 0.46625 0.019444444444444445 0.06625
1 0.3055555555555556 0.475625 0.012222222222222223 0.0475
1 0.485 0.4634375 0.03333333333333333 0.103125
3 0.19083333333333333 0.4778125 0.1238888888888889 0.093125
3 0.2536111111111111 0.4659375 0.04388888888888889 0.074375
3 0.31444444444444447 0.4603125 0.02 0.030625
3 0.3227777777777778 0.4409375 0.008888888888888889 0.008125
3 0.365 0.465 0.051111111111111114 0.045
3 0.34055555555555556 0.46 0.012222222222222223 0.03125
3 0.3591666666666667 0.44 0.021666666666666667 0.01
3 0.43277777777777776 0.469375 0.058888888888888886 0.05625
3 0.4305555555555556 0.4340625 0.024444444444444446 0.019375
3 0.41333333333333333 0.4378125 0.011111111111111112 0.018125
3 0.4097222222222222 0.433125 0.017222222222222222 0.015
3 0.4602777777777778 0.4578125 0.018333333333333333 0.028125
3 0.4905555555555556 0.4690625 0.04666666666666667 0.048125
3 0.9477777777777778 0.6259375 0.10333333333333333 0.289375
6 0.7922222222222223 0.385 0.41444444444444445 0.4825
6 0.5683333333333334 0.42625 0.12111111111111111 0.1975
