6 0.40727124183006536 0.4931640625 0.06944444444444445 0.029296875
10 0.5224673202614379 0.47607421875 0.004084967320261438 0.0126953125
10 0.43586601307189543 0.47802734375 0.004084967320261438 0.0107421875
12 0.5702614379084967 0.5087890625 0.014705882352941176 0.0078125
12 0.5522875816993464 0.5068359375 0.011437908496732025 0.0078125
12 0.5363562091503268 0.47607421875 0.008986928104575163 0.0107421875
1 0.7941176470588235 0.5263671875 0.016339869281045753 0.0390625
1 0.821078431372549 0.52099609375 0.017973856209150325 0.0263671875
1 0.8562091503267973 0.5146484375 0.017973856209150325 0.03515625
1 0.8872549019607843 0.51806640625 0.021241830065359478 0.0380859375
1 0.19281045751633988 0.505859375 0.011437908496732025 0.021484375
1 0.2107843137254902 0.5029296875 0.013071895424836602 0.021484375
1 0.3055555555555556 0.49755859375 0.008169934640522876 0.0185546875
1 0.25449346405228757 0.50537109375 0.013888888888888888 0.0283203125
4 0.10334967320261437 0.55615234375 0.08905228758169935 0.0888671875
3 0.2193627450980392 0.56005859375 0.12173202614379085 0.0966796875
3 0.30800653594771243 0.5458984375 0.0784313725490196 0.068359375
3 0.33578431372549017 0.53466796875 0.06699346405228758 0.0654296875
3 0.36968954248366015 0.5283203125 0.041666666666666664 0.05859375
3 0.3901143790849673 0.52392578125 0.025326797385620915 0.0498046875
3 0.39419934640522875 0.5126953125 0.05310457516339869 0.03515625
3 0.4526143790849673 0.55908203125 0.10130718954248366 0.1005859375
3 0.4877450980392157 0.5244140625 0.05718954248366013 0.072265625
3 0.42483660130718953 0.4990234375 0.024509803921568627 0.025390625
3 0.8562091503267973 0.59423828125 0.2173202614379085 0.1474609375
3 0.6339869281045751 0.51513671875 0.05718954248366013 0.0654296875
3 0.7352941176470589 0.52490234375 0.05228758169934641 0.0263671875
3 0.5571895424836601 0.498046875 0.016339869281045753 0.009765625
3 0.23243464052287582 0.5078125 0.031862745098039214 0.015625
79 0.2883986928104575 0.556640625 0.021241830065359478 0.0625
