12 0.3236111111111111 0.3975 0.01611111111111111 0.025
1 0.14972222222222223 0.514375 0.020555555555555556 0.01
1 0.6877777777777778 0.484375 0.044444444444444446 0.08
8 0.3825 0.4359375 0.06722222222222222 0.074375
3 0.10305555555555555 0.485625 0.2061111111111111 0.19125
3 0.2063888888888889 0.5 0.095 0.10375
3 0.2847222222222222 0.4459375 0.04722222222222222 0.025625
3 0.8597222222222223 0.4740625 0.27944444444444444 0.153125
3 0.7166666666666667 0.470625 0.06666666666666667 0.10625
3 0.6408333333333334 0.476875 0.10944444444444444 0.05375
3 0.5916666666666667 0.47625 0.06555555555555556 0.04875
