10 0.20666666666666667 0.340625 0.014444444444444444 0.035
10 0.09833333333333333 0.4265625 0.01 0.028125
10 0.19416666666666665 0.4378125 0.007222222222222222 0.015625
10 0.1938888888888889 0.4565625 0.0044444444444444444 0.008125
10 0.5608333333333333 0.42 0.006111111111111111 0.015
10 0.4708333333333333 0.3696875 0.007222222222222222 0.021875
10 0.4533333333333333 0.423125 0.005555555555555556 0.00625
10 0.4241666666666667 0.42375 0.005 0.00625
10 0.43222222222222223 0.4234375 0.005555555555555556 0.005625
10 0.43583333333333335 0.4353125 0.0016666666666666668 0.004375
10 0.42916666666666664 0.434375 0.002777777777777778 0.005
10 0.45222222222222225 0.436875 0.0022222222222222222 0.005
12 0.8969444444444444 0.3428125 0.02388888888888889 0.040625
12 0.43833333333333335 0.4240625 0.0044444444444444444 0.005625
12 0.4597222222222222 0.4234375 0.0038888888888888888 0.005625
12 0.3894444444444444 0.429375 0.0044444444444444444 0.00625
12 0.5322222222222223 0.43625 0.014444444444444444 0.01625
1 0.7133333333333334 0.479375 0.028888888888888888 0.0775
1 0.5677777777777778 0.461875 0.0077777777777777776 0.02625
3 0.8702777777777778 0.5053125 0.25833333333333336 0.238125
3 0.605 0.480625 0.07444444444444444 0.06125
3 0.5030555555555556 0.4640625 0.021666666666666667 0.020625
3 0.49333333333333335 0.4609375 0.01 0.015625
3 0.46694444444444444 0.468125 0.04722222222222222 0.0475
3 0.43222222222222223 0.4646875 0.01888888888888889 0.018125
3 0.4175 0.458125 0.011666666666666667 0.0125
3 0.4038888888888889 0.4625 0.013333333333333334 0.01375
3 0.39694444444444443 0.461875 0.0038888888888888888 0.00875
3 0.38472222222222224 0.46625 0.018333333333333333 0.01625
3 0.35138888888888886 0.47 0.021666666666666667 0.0225
3 0.33 0.469375 0.016666666666666666 0.02125
3 0.2836111111111111 0.4784375 0.020555555555555556 0.023125
3 0.3088888888888889 0.47625 0.03888888888888889 0.03125
3 0.011666666666666667 0.5028125 0.023333333333333334 0.056875
3 0.04472222222222222 0.4984375 0.06722222222222222 0.055625
3 0.09944444444444445 0.49875 0.04777777777777778 0.04
11 0.5366666666666666 0.4684375 0.005555555555555556 0.014375
