1 0.71826171875 0.5455729166666666 0.0146484375 0.05078125
1 0.112548828125 0.5247395833333334 0.04052734375 0.07291666666666667
3 0.077880859375 0.662109375 0.09326171875 0.22916666666666666
3 0.179443359375 0.6279296875 0.18505859375 0.185546875
3 0.27392578125 0.5983072916666666 0.109375 0.13541666666666666
3 0.225830078125 0.5110677083333334 0.14501953125 0.049479166666666664
3 0.340087890625 0.5709635416666666 0.11279296875 0.13020833333333334
3 0.391845703125 0.5621744791666666 0.05126953125 0.10481770833333333
3 0.42138671875 0.5533854166666666 0.048828125 0.08984375
3 0.47119140625 0.53515625 0.0537109375 0.0625
3 0.505859375 0.5302734375 0.0283203125 0.044921875
3 0.512939453125 0.5201822916666666 0.02978515625 0.041666666666666664
3 0.547607421875 0.5107421875 0.01220703125 0.016276041666666668
3 0.6142578125 0.5113932291666666 0.0146484375 0.017578125
3 0.62451171875 0.5159505208333334 0.01171875 0.021484375
3 0.632080078125 0.5192057291666666 0.01611328125 0.026692708333333332
3 0.6455078125 0.5250651041666666 0.0322265625 0.034505208333333336
3 0.748046875 0.5426432291666666 0.0517578125 0.051432291666666664
3 0.83154296875 0.5403645833333334 0.0634765625 0.052083333333333336
3 0.85595703125 0.548828125 0.0556640625 0.06640625
3 0.908447265625 0.5618489583333334 0.10693359375 0.1171875
3 0.94775390625 0.5852864583333334 0.0439453125 0.10416666666666667
3 0.697998046875 0.5289713541666666 0.02392578125 0.022786458333333332
3 0.530517578125 0.5201822916666666 0.00927734375 0.026041666666666668
3 0.53662109375 0.517578125 0.0126953125 0.020833333333333332
1 0.7724609375 0.5849609375 0.0244140625 0.166015625
1 0.7978515625 0.6057942708333334 0.056640625 0.20638020833333334
37 0.7734375 0.6705729166666666 0.009765625 0.013020833333333334
37 0.791015625 0.7125651041666666 0.0185546875 0.017578125
