10 0.11694444444444445 0.323125 0.01611111111111111 0.05
10 0.11416666666666667 0.38625 0.020555555555555556 0.02
10 0.945 0.2984375 0.017777777777777778 0.053125
10 0.7577777777777778 0.3225 0.014444444444444444 0.05
10 0.7602777777777778 0.38375 0.020555555555555556 0.02
12 0.12055555555555555 0.365625 0.034444444444444444 0.01625
12 0.9894444444444445 0.3490625 0.02 0.013125
12 0.9772222222222222 0.423125 0.01 0.01625
12 0.7530555555555556 0.3634375 0.03722222222222222 0.013125
12 0.28944444444444445 0.41375 0.006666666666666667 0.0125
12 0.6888888888888889 0.3915625 0.01 0.016875
12 0.6169444444444444 0.41625 0.007222222222222222 0.0125
12 0.5911111111111111 0.4134375 0.013333333333333334 0.013125
1 0.3244444444444444 0.4453125 0.01 0.024375
1 0.6855555555555556 0.4534375 0.01888888888888889 0.053125
3 0.63 0.4609375 0.06555555555555556 0.061875
3 0.4836111111111111 0.470625 0.10388888888888889 0.07
3 0.5905555555555555 0.4534375 0.03777777777777778 0.051875
3 0.5733333333333334 0.4515625 0.016666666666666666 0.043125
3 0.5658333333333333 0.455625 0.011666666666666667 0.0275
3 0.5611111111111111 0.4521875 0.021111111111111112 0.030625
3 0.5488888888888889 0.450625 0.014444444444444444 0.02375
3 0.5405555555555556 0.449375 0.0077777777777777776 0.0175
3 0.5355555555555556 0.4471875 0.01 0.015625
3 0.35555555555555557 0.4703125 0.07666666666666666 0.061875
