12 0.00859375 0.37255859375 0.0171875 0.0634765625
12 0.003125 0.41455078125 0.00625 0.0146484375
12 0.4375 0.43408203125 0.003125 0.0068359375
1 0.706640625 0.48486328125 0.01796875 0.0595703125
1 0.389453125 0.4677734375 0.00859375 0.03125
2 0.436328125 0.4609375 0.00546875 0.015625
4 0.4953125 0.4765625 0.040625 0.03515625
3 0.92109375 0.5498046875 0.15625 0.146484375
3 0.861328125 0.49365234375 0.16953125 0.1337890625
3 0.6328125 0.53125 0.16875 0.162109375
3 0.557421875 0.5234375 0.03203125 0.09375
3 0.53828125 0.46533203125 0.025 0.0263671875
3 0.538671875 0.4619140625 0.02890625 0.033203125
3 0.5125 0.45703125 0.0234375 0.02734375
3 0.48359375 0.47119140625 0.034375 0.0341796875
3 0.4640625 0.466796875 0.0140625 0.02734375
3 0.45859375 0.4619140625 0.0140625 0.0234375
3 0.490234375 0.447265625 0.01484375 0.013671875
3 0.44140625 0.45068359375 0.009375 0.0126953125
3 0.414453125 0.451171875 0.01171875 0.01171875
3 0.38203125 0.4541015625 0.009375 0.015625
3 0.3703125 0.4580078125 0.0171875 0.021484375
3 0.362109375 0.46142578125 0.01328125 0.0263671875
3 0.345703125 0.46337890625 0.03046875 0.0302734375
3 0.342578125 0.47265625 0.02890625 0.033203125
3 0.334765625 0.478515625 0.01640625 0.037109375
3 0.325 0.47998046875 0.01875 0.0380859375
3 0.30078125 0.484375 0.046875 0.0546875
3 0.28828125 0.494140625 0.0453125 0.048828125
3 0.269140625 0.509765625 0.03515625 0.064453125
3 0.236328125 0.51708984375 0.06640625 0.0751953125
3 0.208203125 0.533203125 0.09609375 0.087890625
3 0.1484375 0.5595703125 0.128125 0.119140625
3 0.134375 0.48486328125 0.090625 0.0361328125
1 0.436328125 0.45361328125 0.00546875 0.0185546875
