12 0.658935546875 0.4599609375 0.02392578125 0.038411458333333336
1 0.743408203125 0.564453125 0.02783203125 0.09895833333333333
1 0.64111328125 0.5442708333333334 0.0107421875 0.0390625
1 0.17578125 0.5504557291666666 0.015625 0.055338541666666664
2 0.6982421875 0.6669921875 0.025390625 0.11783854166666667
3 0.54248046875 0.5419921875 0.0576171875 0.031901041666666664
3 0.4638671875 0.5436197916666666 0.033203125 0.029947916666666668
3 0.398681640625 0.5465494791666666 0.02880859375 0.030598958333333332
3 0.384033203125 0.5546875 0.02978515625 0.032552083333333336
3 0.359375 0.5540364583333334 0.033203125 0.040364583333333336
3 0.2626953125 0.6018880208333334 0.1640625 0.142578125
3 0.097412109375 0.552734375 0.08447265625 0.049479166666666664
2 0.880615234375 0.6178385416666666 0.04638671875 0.109375
1 0.696533203125 0.5963541666666666 0.06103515625 0.19270833333333334
