12 0.633056640625 0.4967447916666667 0.01025390625 0.013020833333333334
12 0.6328125 0.4866536458333333 0.009765625 0.0032552083333333335
12 0.632568359375 0.5048828125 0.00537109375 0.0032552083333333335
3 0.05078125 0.6510416666666666 0.041015625 0.21614583333333334
3 0.11962890625 0.6253255208333334 0.1484375 0.19466145833333334
3 0.267333984375 0.5865885416666666 0.13720703125 0.13020833333333334
3 0.34521484375 0.5794270833333334 0.05078125 0.08984375
3 0.3994140625 0.5520833333333334 0.0732421875 0.07161458333333333
3 0.439697265625 0.5498046875 0.02880859375 0.056640625
3 0.464111328125 0.5465494791666666 0.02685546875 0.037109375
3 0.4677734375 0.533203125 0.0400390625 0.046875
3 0.49462890625 0.5328776041666666 0.01953125 0.038411458333333336
3 0.859619140625 0.5690104166666666 0.10302734375 0.0859375
3 0.9365234375 0.8649088541666666 0.06640625 0.2688802083333333
3 0.697265625 0.5804036458333334 0.09375 0.10481770833333333
3 0.659912109375 0.5481770833333334 0.05810546875 0.06901041666666667
3 0.6318359375 0.5380859375 0.025390625 0.052734375
3 0.6201171875 0.5384114583333334 0.01171875 0.02734375
1 0.602783203125 0.5465494791666666 0.01708984375 0.08268229166666667
1 0.586669921875 0.5436197916666666 0.01318359375 0.0625
