12 0.664453125 0.4111328125 0.01953125 0.00390625
2 0.14765625 0.7724609375 0.1078125 0.228515625
2 0.515234375 0.498046875 0.01171875 0.02734375
3 0.031640625 0.6875 0.06328125 0.193359375
3 0.077734375 0.6201171875 0.15546875 0.18359375
3 0.225390625 0.56298828125 0.13671875 0.1181640625
3 0.287890625 0.5400390625 0.07734375 0.095703125
3 0.34375 0.51025390625 0.071875 0.0751953125
3 0.366015625 0.5 0.05078125 0.0703125
3 0.392578125 0.49560546875 0.02734375 0.0595703125
3 0.3953125 0.48828125 0.05 0.060546875
3 0.44140625 0.4892578125 0.0546875 0.048828125
3 0.45859375 0.47021484375 0.03125 0.0302734375
3 0.4828125 0.46630859375 0.021875 0.0263671875
3 0.490625 0.46044921875 0.028125 0.0283203125
3 0.50546875 0.4619140625 0.0109375 0.021484375
3 0.516796875 0.45849609375 0.01953125 0.0205078125
3 0.53203125 0.45703125 0.0171875 0.017578125
3 0.543359375 0.45703125 0.01015625 0.013671875
3 0.553515625 0.45361328125 0.01328125 0.0166015625
3 0.566796875 0.45068359375 0.01171875 0.0166015625
3 0.5921875 0.45849609375 0.0234375 0.0244140625
3 0.581640625 0.4697265625 0.03046875 0.029296875
3 0.587109375 0.49658203125 0.02734375 0.0498046875
3 0.61875 0.49560546875 0.059375 0.0615234375
3 0.617578125 0.51025390625 0.05390625 0.0654296875
3 0.644921875 0.5205078125 0.05703125 0.07421875
3 0.720703125 0.5537109375 0.16171875 0.1640625
3 0.92734375 0.67626953125 0.14375 0.3310546875
3 0.602734375 0.44287109375 0.01640625 0.0126953125
1 0.921875 0.7294921875 0.125 0.466796875
1 0.1375 0.6904296875 0.11875 0.3125
1 0.51484375 0.4814453125 0.0125 0.03515625
