10 0.30718954248366015 0.345703125 0.008169934640522876 0.021484375
10 0.31985294117647056 0.35693359375 0.005718954248366013 0.0146484375
10 0.36519607843137253 0.3369140625 0.00980392156862745 0.025390625
10 0.38562091503267976 0.3388671875 0.011437908496732025 0.041015625
10 0.4035947712418301 0.3486328125 0.00980392156862745 0.033203125
1 0.36070261437908496 0.40234375 0.013888888888888888 0.0390625
8 0.6213235294117647 0.373046875 0.09558823529411764 0.103515625
3 0.5081699346405228 0.55615234375 0.3300653594771242 0.3447265625
3 0.869281045751634 0.53173828125 0.25980392156862747 0.2919921875
3 0.7303921568627451 0.490234375 0.11274509803921569 0.138671875
