10 0.13666666666666666 0.3028125 0.02666666666666667 0.035625
10 0.2758333333333333 0.278125 0.02722222222222222 0.0325
10 0.33055555555555555 0.29 0.01888888888888889 0.0225
10 0.43166666666666664 0.2878125 0.01888888888888889 0.024375
10 0.6102777777777778 0.3765625 0.018333333333333333 0.023125
10 0.4727777777777778 0.4165625 0.0033333333333333335 0.008125
10 0.4411111111111111 0.415625 0.0033333333333333335 0.00875
10 0.4241666666666667 0.410625 0.0038888888888888888 0.01
10 0.3877777777777778 0.415 0.0033333333333333335 0.01
12 0.09694444444444444 0.31125 0.015 0.02375
12 0.23277777777777778 0.2828125 0.015555555555555555 0.028125
12 0.35944444444444446 0.2928125 0.015555555555555555 0.025625
12 0.4658333333333333 0.289375 0.015 0.025
12 0.6808333333333333 0.3796875 0.029444444444444443 0.046875
12 0.9286111111111112 0.4590625 0.015 0.030625
1 0.6141666666666666 0.4634375 0.01611111111111111 0.046875
3 0.8886111111111111 0.4365625 0.05277777777777778 0.016875
3 0.9061111111111111 0.426875 0.02666666666666667 0.01625
3 0.5108333333333334 0.4759375 0.10944444444444444 0.114375
3 0.43194444444444446 0.459375 0.013888888888888888 0.0125
3 0.4519444444444444 0.4590625 0.011666666666666667 0.014375
3 0.3975 0.4625 0.011666666666666667 0.00875
3 0.3194444444444444 0.470625 0.027777777777777776 0.0275
3 0.30527777777777776 0.473125 0.020555555555555556 0.02875
3 0.27805555555555556 0.475 0.04611111111111111 0.035
3 0.23444444444444446 0.475625 0.05 0.04125
3 0.17722222222222223 0.48625 0.044444444444444446 0.0325
79 0.35694444444444445 0.4509375 0.04833333333333333 0.036875
3 0.3575 0.4646875 0.04611111111111111 0.040625
