10 0.7772222222222223 0.3740625 0.011111111111111112 0.040625
10 0.7769444444444444 0.4128125 0.012777777777777779 0.014375
10 0.6247222222222222 0.378125 0.012777777777777779 0.03875
10 0.6352777777777778 0.378125 0.018333333333333333 0.03875
12 0.21972222222222224 0.420625 0.017222222222222222 0.02125
3 0.041944444444444444 0.4734375 0.08388888888888889 0.081875
3 0.33 0.46875 0.05555555555555555 0.0225
3 0.35805555555555557 0.4665625 0.030555555555555555 0.021875
3 0.5080555555555556 0.46875 0.21611111111111111 0.09
3 0.8080555555555555 0.4740625 0.16055555555555556 0.061875
3 0.9894444444444445 0.4815625 0.02 0.040625
