10 0.14765625 0.40966796875 0.00625 0.0146484375
10 0.11484375 0.44482421875 0.00625 0.0205078125
10 0.173828125 0.419921875 0.00703125 0.015625
10 0.215234375 0.44287109375 0.00546875 0.0126953125
1 0.45234375 0.50732421875 0.015625 0.0478515625
3 0.61953125 0.6103515625 0.20625 0.162109375
3 0.500390625 0.5693359375 0.14296875 0.119140625
3 0.290625 0.4990234375 0.0609375 0.056640625
3 0.264453125 0.49462890625 0.02578125 0.0380859375
3 0.219140625 0.47216796875 0.02734375 0.0263671875
3 0.15078125 0.46826171875 0.025 0.0224609375
3 0.714453125 0.494140625 0.12890625 0.060546875
3 0.337109375 0.49658203125 0.03828125 0.0400390625
2 0.376953125 0.50390625 0.04453125 0.044921875
