3 0.9444444444444444 0.500625 0.11 0.1475
3 0.905 0.4771875 0.18888888888888888 0.154375
3 0.7861111111111111 0.4625 0.06555555555555556 0.085
3 0.7927777777777778 0.488125 0.043333333333333335 0.0725
3 0.75 0.4825 0.04 0.05625
3 0.7438888888888889 0.463125 0.051111111111111114 0.0575
3 0.0725 0.5121875 0.1438888888888889 0.163125
3 0.10083333333333333 0.4896875 0.20166666666666666 0.141875
3 0.19333333333333333 0.476875 0.10555555555555556 0.12875
3 0.3597222222222222 0.478125 0.03166666666666667 0.065
3 0.38805555555555554 0.4734375 0.07388888888888889 0.061875
3 0.4361111111111111 0.4675 0.06666666666666667 0.055
3 0.4688888888888889 0.464375 0.07333333333333333 0.0475
3 0.5175 0.4646875 0.025 0.036875
3 0.5288888888888889 0.46 0.05 0.04125
3 0.5558333333333333 0.455 0.08055555555555556 0.04625
3 0.6133333333333333 0.4578125 0.03777777777777778 0.025625
3 0.63 0.456875 0.027777777777777776 0.025
3 0.6888888888888889 0.45625 0.024444444444444446 0.04
3 0.7102777777777778 0.4540625 0.018333333333333333 0.016875
6 0.17805555555555555 0.4428125 0.345 0.165625
8 0.6088888888888889 0.440625 0.08444444444444445 0.035
