10 0.645703125 0.4521484375 0.00390625 0.005859375
10 0.619921875 0.4365234375 0.00390625 0.005859375
10 0.535546875 0.45849609375 0.00390625 0.0068359375
12 0.812109375 0.44873046875 0.00859375 0.0166015625
12 0.7125 0.43359375 0.0140625 0.017578125
12 0.721484375 0.447265625 0.00859375 0.013671875
12 0.4390625 0.4599609375 0.009375 0.005859375
12 0.438671875 0.44384765625 0.01484375 0.0185546875
3 0.080078125 0.5703125 0.15078125 0.130859375
3 0.3609375 0.51513671875 0.059375 0.0517578125
3 0.39140625 0.50927734375 0.0359375 0.0458984375
3 0.812890625 0.513671875 0.05234375 0.080078125
3 0.791015625 0.505859375 0.06015625 0.076171875
3 0.759765625 0.50830078125 0.02734375 0.0517578125
3 0.747265625 0.50048828125 0.03359375 0.0537109375
3 0.649609375 0.4765625 0.01484375 0.015625
3 0.6234375 0.470703125 0.0140625 0.01171875
3 0.896484375 0.498046875 0.13984375 0.162109375
