10 0.4508333333333333 0.438125 0.006111111111111111 0.01625
10 0.4625 0.4353125 0.005 0.014375
10 0.48305555555555557 0.4046875 0.005 0.011875
10 0.5163888888888889 0.406875 0.005 0.0125
12 0.46111111111111114 0.4659375 0.01 0.015625
12 0.67 0.3340625 0.04666666666666667 0.053125
1 0.0763888888888889 0.4859375 0.018333333333333333 0.063125
1 0.06055555555555556 0.4878125 0.02 0.059375
1 0.31916666666666665 0.4696875 0.010555555555555556 0.028125
1 0.3288888888888889 0.469375 0.008888888888888889 0.02
1 0.6986111111111111 0.4634375 0.015 0.045625
1 0.68 0.46375 0.01 0.045
3 0.21194444444444444 0.50375 0.17277777777777778 0.1425
3 0.36777777777777776 0.4853125 0.07222222222222222 0.066875
3 0.41055555555555556 0.4728125 0.043333333333333335 0.048125
3 0.43527777777777776 0.473125 0.012777777777777779 0.03
3 0.5075 0.495625 0.0961111111111111 0.085
11 0.6008333333333333 0.471875 0.007222222222222222 0.0175
