6 0.4841666666666667 0.4359375 0.01611111111111111 0.019375
10 0.30333333333333334 0.420625 0.006666666666666667 0.01125
10 0.4988888888888889 0.4225 0.0033333333333333335 0.005
10 0.5933333333333334 0.4009375 0.008888888888888889 0.011875
12 0.09472222222222222 0.43875 0.013888888888888888 0.0275
12 0.15611111111111112 0.4421875 0.03 0.010625
12 0.16166666666666665 0.454375 0.008888888888888889 0.01125
12 0.3061111111111111 0.43875 0.016666666666666666 0.0225
12 0.4986111111111111 0.4296875 0.006111111111111111 0.008125
12 0.5336111111111111 0.4359375 0.008333333333333333 0.011875
12 0.5952777777777778 0.425625 0.019444444444444445 0.02875
12 0.7894444444444444 0.3871875 0.014444444444444444 0.010625
12 0.7888888888888889 0.37375 0.01888888888888889 0.015
12 0.7877777777777778 0.326875 0.051111111111111114 0.08
1 0.18222222222222223 0.5225 0.025555555555555557 0.055
1 0.2086111111111111 0.4975 0.019444444444444445 0.04625
1 0.21805555555555556 0.49375 0.01611111111111111 0.05
1 0.25055555555555553 0.4928125 0.012222222222222223 0.046875
1 0.2722222222222222 0.4903125 0.013333333333333334 0.043125
1 0.4275 0.4809375 0.013888888888888888 0.033125
1 0.5877777777777777 0.46125 0.006666666666666667 0.0225
1 0.5775 0.4640625 0.007222222222222222 0.024375
1 0.5580555555555555 0.46 0.007222222222222222 0.0225
1 0.5669444444444445 0.4584375 0.006111111111111111 0.023125
1 0.5719444444444445 0.4603125 0.006111111111111111 0.020625
1 0.5830555555555555 0.4440625 0.005 0.016875
1 0.6008333333333333 0.455625 0.006111111111111111 0.02375
1 0.6083333333333333 0.474375 0.011111111111111112 0.045
1 0.6319444444444444 0.44375 0.005 0.015
1 0.6216666666666667 0.445 0.005555555555555556 0.0175
1 0.6158333333333333 0.44625 0.005 0.015
1 0.6125 0.440625 0.0038888888888888888 0.0125
1 0.7477777777777778 0.445 0.0077777777777777776 0.02125
1 0.775 0.455625 0.011111111111111112 0.0325
1 0.8047222222222222 0.455 0.012777777777777779 0.03625
1 0.7405555555555555 0.4390625 0.006666666666666667 0.025625
1 0.7327777777777778 0.439375 0.008888888888888889 0.0275
1 0.7069444444444445 0.4559375 0.008333333333333333 0.023125
1 0.6605555555555556 0.4796875 0.011111111111111112 0.038125
1 0.6752777777777778 0.4865625 0.013888888888888888 0.050625
1 0.6466666666666666 0.4865625 0.013333333333333334 0.044375
1 0.6483333333333333 0.4559375 0.01 0.024375
1 0.6263888888888889 0.48375 0.01611111111111111 0.05
1 0.6891666666666667 0.4715625 0.010555555555555556 0.033125
1 0.6938888888888889 0.5034375 0.016666666666666666 0.068125
1 0.7097222222222223 0.4990625 0.01611111111111111 0.061875
1 0.7269444444444444 0.4615625 0.010555555555555556 0.026875
1 0.7441666666666666 0.4959375 0.021666666666666667 0.080625
1 0.7277777777777777 0.50875 0.024444444444444446 0.08125
1 0.7588888888888888 0.5084375 0.021111111111111112 0.071875
1 0.7666666666666667 0.4975 0.015555555555555555 0.06625
1 0.7802777777777777 0.50875 0.02277777777777778 0.08625
1 0.8038888888888889 0.5009375 0.022222222222222223 0.078125
1 0.8322222222222222 0.509375 0.024444444444444446 0.09875
1 0.8508333333333333 0.5028125 0.025 0.100625
1 0.8733333333333333 0.50625 0.034444444444444444 0.11375
1 0.8894444444444445 0.49875 0.015555555555555555 0.10125
1 0.91 0.5084375 0.03333333333333333 0.106875
1 0.9458333333333333 0.503125 0.029444444444444443 0.11125
1 0.8211111111111111 0.45625 0.0077777777777777776 0.02125
1 0.6966666666666667 0.4571875 0.008888888888888889 0.025625
3 0.1275 0.5096875 0.13722222222222222 0.068125
3 0.33666666666666667 0.485 0.01888888888888889 0.02625
3 0.35805555555555557 0.488125 0.04388888888888889 0.04125
3 0.37805555555555553 0.4834375 0.02722222222222222 0.036875
3 0.38666666666666666 0.4675 0.023333333333333334 0.02
3 0.4033333333333333 0.4865625 0.03222222222222222 0.043125
3 0.4275 0.469375 0.030555555555555555 0.0275
3 0.4444444444444444 0.459375 0.01888888888888889 0.02
3 0.4486111111111111 0.4521875 0.015 0.015625
3 0.44972222222222225 0.4425 0.012777777777777779 0.00875
3 0.4425 0.4403125 0.009444444444444445 0.010625
3 0.42333333333333334 0.4515625 0.012222222222222223 0.009375
3 0.4286111111111111 0.4490625 0.012777777777777779 0.011875
3 0.4502777777777778 0.435 0.008333333333333333 0.0075
3 0.4708333333333333 0.434375 0.007222222222222222 0.0075
3 0.4725 0.445 0.012777777777777779 0.01125
3 0.49444444444444446 0.449375 0.014444444444444444 0.01375
3 0.48083333333333333 0.4678125 0.07166666666666667 0.028125
3 0.4563888888888889 0.44 0.009444444444444445 0.0125
3 0.505 0.4534375 0.021111111111111112 0.013125
3 0.4452777777777778 0.5234375 0.0661111111111111 0.084375
3 0.5252777777777777 0.5321875 0.145 0.123125
11 0.6411111111111111 0.51375 0.012222222222222223 0.03125
