12 0.4171875 0.42431640625 0.0171875 0.0205078125
12 0.416796875 0.43798828125 0.01171875 0.0068359375
12 0.70078125 0.40478515625 0.0234375 0.0302734375
12 0.7015625 0.42333984375 0.015625 0.0068359375
1 0.523828125 0.48974609375 0.01015625 0.0419921875
1 0.391015625 0.5322265625 0.02734375 0.115234375
1 0.416015625 0.53125 0.02578125 0.109375
1 0.45859375 0.529296875 0.0296875 0.11328125
1 0.766015625 0.517578125 0.01484375 0.07421875
2 0.580078125 0.68701171875 0.07421875 0.2158203125
3 0.4921875 0.474609375 0.0140625 0.017578125
3 0.4796875 0.4814453125 0.0203125 0.025390625
3 0.468359375 0.4853515625 0.01953125 0.02734375
3 0.43828125 0.49609375 0.0265625 0.041015625
3 0.373828125 0.53564453125 0.05859375 0.0732421875
3 0.31953125 0.55419921875 0.109375 0.1083984375
3 0.165234375 0.6611328125 0.18984375 0.22265625
3 0.075390625 0.75244140625 0.15078125 0.3876953125
3 0.866796875 0.60009765625 0.18359375 0.1396484375
3 0.828125 0.69580078125 0.246875 0.2685546875
3 0.543359375 0.46875 0.00859375 0.01171875
3 0.54921875 0.4716796875 0.0109375 0.015625
3 0.554296875 0.47314453125 0.01171875 0.0185546875
3 0.558984375 0.47705078125 0.01171875 0.0244140625
3 0.5703125 0.48291015625 0.01875 0.0263671875
3 0.58671875 0.4853515625 0.034375 0.03515625
3 0.73125 0.47216796875 0.075 0.0166015625
3 0.72734375 0.49365234375 0.0765625 0.0458984375
3 0.77734375 0.5048828125 0.08125 0.0546875
3 0.826171875 0.5107421875 0.08359375 0.06640625
3 0.84609375 0.50927734375 0.04375 0.0498046875
3 0.952734375 0.53955078125 0.09296875 0.1083984375
1 0.581640625 0.6357421875 0.07421875 0.263671875
