10 0.9117647058823529 0.4619140625 0.006535947712418301 0.0234375
10 0.7459150326797386 0.46630859375 0.008169934640522876 0.0224609375
10 0.6928104575163399 0.470703125 0.008169934640522876 0.0234375
10 0.4187091503267974 0.5234375 0.004084967320261438 0.0078125
10 0.4207516339869281 0.47705078125 0.006535947712418301 0.0185546875
10 0.508578431372549 0.5234375 0.004084967320261438 0.00390625
10 0.5367647058823529 0.470703125 0.004901960784313725 0.017578125
12 0.7030228758169934 0.4951171875 0.013888888888888888 0.013671875
12 0.6911764705882353 0.4921875 0.011437908496732025 0.015625
1 0.04493464052287582 0.58642578125 0.05392156862745098 0.1669921875
1 0.13031045751633988 0.5791015625 0.05473856209150327 0.19921875
1 0.35171568627450983 0.52734375 0.02042483660130719 0.041015625
2 0.5253267973856209 0.55078125 0.014705882352941176 0.029296875
3 0.35049019607843135 0.6943359375 0.32189542483660133 0.33984375
3 0.443218954248366 0.5751953125 0.0923202614379085 0.080078125
3 0.4987745098039216 0.57568359375 0.07434640522875817 0.0849609375
3 0.4534313725490196 0.5302734375 0.04738562091503268 0.013671875
3 0.49060457516339867 0.529296875 0.022058823529411766 0.0078125
3 0.676062091503268 0.6201171875 0.2638888888888889 0.23828125
3 0.8586601307189542 0.765625 0.28104575163398693 0.466796875
1 0.5249183006535948 0.5390625 0.015522875816993464 0.046875
