10 0.7772222222222223 0.2475 0.024444444444444446 0.0875
10 0.7688888888888888 0.345625 0.014444444444444444 0.0325
10 0.44583333333333336 0.0378125 0.02388888888888889 0.075625
10 0.08694444444444445 0.2478125 0.02388888888888889 0.083125
10 0.07888888888888888 0.34625 0.016666666666666666 0.0275
1 0.6780555555555555 0.479375 0.019444444444444445 0.055
2 0.9422222222222222 0.5840625 0.11444444444444445 0.194375
2 0.7144444444444444 0.5021875 0.02 0.060625
2 0.6755555555555556 0.4925 0.021111111111111112 0.0575
2 0.6433333333333333 0.49625 0.022222222222222223 0.05
2 0.6166666666666667 0.4865625 0.015555555555555555 0.040625
2 0.23472222222222222 0.490625 0.029444444444444443 0.05875
2 0.20083333333333334 0.4834375 0.030555555555555555 0.048125
2 0.14416666666666667 0.494375 0.03277777777777778 0.06625
2 0.17166666666666666 0.5028125 0.025555555555555557 0.064375
2 0.19027777777777777 0.5021875 0.025 0.061875
2 0.27111111111111114 0.4875 0.013333333333333334 0.035
2 0.2816666666666667 0.4834375 0.013333333333333334 0.036875
2 0.5858333333333333 0.525625 0.050555555555555555 0.11625
2 0.5158333333333334 0.53125 0.06166666666666667 0.12125
3 0.48194444444444445 0.475625 0.013888888888888888 0.0175
3 0.42388888888888887 0.4759375 0.016666666666666666 0.018125
3 0.44166666666666665 0.475625 0.03 0.02125
3 0.4011111111111111 0.4771875 0.03111111111111111 0.028125
1 0.9305555555555556 0.5178125 0.09444444444444444 0.266875
1 0.7158333333333333 0.4746875 0.026111111111111113 0.093125
1 0.5897222222222223 0.4784375 0.059444444444444446 0.176875
1 0.5166666666666667 0.485625 0.058888888888888886 0.155
