10 0.24222222222222223 0.3815625 0.0077777777777777776 0.028125
10 0.24138888888888888 0.4125 0.007222222222222222 0.0125
10 0.7744444444444445 0.3721875 0.0077777777777777776 0.029375
10 0.7891666666666667 0.3946875 0.008333333333333333 0.014375
10 0.7591666666666667 0.3721875 0.010555555555555556 0.026875
10 0.01361111111111111 0.378125 0.012777777777777779 0.03
12 0.25833333333333336 0.394375 0.011111111111111112 0.01875
12 0.6358333333333334 0.40125 0.006111111111111111 0.01
1 0.14777777777777779 0.4596875 0.011111111111111112 0.030625
1 0.5538888888888889 0.4428125 0.013333333333333334 0.026875
1 0.014722222222222222 0.4790625 0.026111111111111113 0.070625
2 0.4102777777777778 0.515625 0.16944444444444445 0.08625
3 0.08472222222222223 0.4553125 0.018333333333333333 0.018125
3 0.04722222222222222 0.455 0.016666666666666666 0.01375
3 0.21916666666666668 0.4521875 0.010555555555555556 0.024375
3 0.4816666666666667 0.4503125 0.008888888888888889 0.015625
3 0.4683333333333333 0.4484375 0.021111111111111112 0.020625
3 0.455 0.4503125 0.017777777777777778 0.016875
3 0.41805555555555557 0.4590625 0.03722222222222222 0.044375
3 0.3963888888888889 0.4478125 0.017222222222222222 0.019375
3 0.38166666666666665 0.4546875 0.022222222222222223 0.036875
3 0.32083333333333336 0.47 0.11611111111111111 0.07875
3 0.5163888888888889 0.446875 0.015 0.02125
3 0.5038888888888889 0.4475 0.008888888888888889 0.01125
3 0.5277777777777778 0.44875 0.015555555555555555 0.0225
3 0.5361111111111111 0.4509375 0.01 0.026875
3 0.5441666666666667 0.4475 0.017222222222222222 0.0325
3 0.5688888888888889 0.441875 0.01888888888888889 0.015
3 0.9111111111111111 0.53875 0.17666666666666667 0.30125
3 0.6738888888888889 0.574375 0.4033333333333333 0.28375
1 0.44555555555555554 0.485625 0.052222222222222225 0.13
1 0.37027777777777776 0.5028125 0.04611111111111111 0.094375
