12 0.5777777777777777 0.4253125 0.011111111111111112 0.014375
12 0.5791666666666667 0.4146875 0.007222222222222222 0.004375
12 0.3913888888888889 0.4309375 0.007222222222222222 0.006875
3 0.6263888888888889 0.461875 0.10722222222222222 0.08625
3 0.46805555555555556 0.4509375 0.03277777777777778 0.025625
3 0.48444444444444446 0.4459375 0.025555555555555557 0.024375
3 0.44222222222222224 0.4453125 0.021111111111111112 0.018125
3 0.4116666666666667 0.443125 0.01888888888888889 0.0175
3 0.39055555555555554 0.443125 0.024444444444444446 0.01875
3 0.3725 0.4415625 0.011666666666666667 0.010625
3 0.35888888888888887 0.4425 0.015555555555555555 0.01375
3 0.3475 0.4384375 0.011666666666666667 0.010625
