10 0.3954248366013072 0.10107421875 0.05065359477124183 0.1845703125
10 0.33782679738562094 0.11181640625 0.056372549019607844 0.1767578125
12 0.8492647058823529 0.3310546875 0.008986928104575163 0.021484375
12 0.8513071895424836 0.35205078125 0.00980392156862745 0.0126953125
1 0.5322712418300654 0.42822265625 0.03022875816993464 0.0849609375
1 0.7467320261437909 0.416015625 0.027777777777777776 0.041015625
3 0.3958333333333333 0.44921875 0.23774509803921567 0.1015625
3 0.6266339869281046 0.44287109375 0.20751633986928106 0.1044921875
3 0.8125 0.45166015625 0.17565359477124182 0.0751953125
3 0.9477124183006536 0.451171875 0.10294117647058823 0.0703125
