3 0.8633333333333333 0.4946875 0.2588888888888889 0.158125
3 0.6286111111111111 0.44625 0.085 0.07125
3 0.5522222222222222 0.4409375 0.027777777777777776 0.023125
3 0.4275 0.445625 0.028333333333333332 0.01625
3 0.37027777777777776 0.4609375 0.02388888888888889 0.030625
3 0.33611111111111114 0.461875 0.03222222222222222 0.04875
3 0.3061111111111111 0.46625 0.052222222222222225 0.05
3 0.2569444444444444 0.4775 0.10722222222222222 0.0675
3 0.09361111111111112 0.4884375 0.18722222222222223 0.149375
6 0.6127777777777778 0.4275 0.08555555555555555 0.09375
