12 0.4041666666666667 0.378125 0.041666666666666664 0.0675
12 0.3288888888888889 0.5946875 0.04111111111111111 0.078125
1 0.9355555555555556 0.533125 0.11222222222222222 0.37625
1 0.9333333333333333 0.5490625 0.1322222222222222 0.413125
1 0.5152777777777777 0.5340625 0.1638888888888889 0.315625
1 0.03833333333333333 0.52 0.07666666666666666 0.2825
79 0.73 0.4959375 0.07444444444444444 0.071875
79 0.6372222222222222 0.451875 0.07777777777777778 0.10125
79 0.8130555555555555 0.494375 0.02722222222222222 0.03375
79 0.8330555555555555 0.49 0.02388888888888889 0.03125
79 0.9008333333333334 0.5 0.021666666666666667 0.03125
79 0.8711111111111111 0.5015625 0.023333333333333334 0.030625
79 0.8461111111111111 0.5046875 0.02 0.023125
