10 0.83046875 0.13232421875 0.028125 0.0869140625
12 0.9390625 0.42919921875 0.021875 0.0322265625
12 0.8953125 0.46435546875 0.03125 0.0439453125
12 0.255078125 0.4306640625 0.01953125 0.021484375
1 0.249609375 0.56494140625 0.03359375 0.1181640625
1 0.287109375 0.55908203125 0.02578125 0.1455078125
1 0.33671875 0.56494140625 0.03125 0.1220703125
1 0.334765625 0.56005859375 0.04140625 0.1123046875
1 0.104296875 0.52880859375 0.01796875 0.0751953125
1 0.1234375 0.525390625 0.0203125 0.078125
1 0.144140625 0.52587890625 0.01796875 0.0693359375
1 0.165234375 0.525390625 0.01953125 0.068359375
1 0.017578125 0.56298828125 0.03046875 0.1123046875
3 0.53203125 0.5634765625 0.0234375 0.01953125
