10 0.4859375 0.4404296875 0.0046875 0.005859375
10 0.484765625 0.447265625 0.00390625 0.005859375
10 0.440625 0.42236328125 0.003125 0.0087890625
10 0.389453125 0.41796875 0.00390625 0.009765625
10 0.324609375 0.4501953125 0.00546875 0.005859375
10 0.323828125 0.46142578125 0.00390625 0.0048828125
10 0.415234375 0.42138671875 0.00546875 0.0107421875
12 0.523046875 0.44873046875 0.02109375 0.0185546875
12 0.500390625 0.44482421875 0.01171875 0.0126953125
12 0.4625 0.4306640625 0.0125 0.005859375
12 0.318359375 0.4423828125 0.01328125 0.005859375
12 0.3515625 0.478515625 0.0078125 0.009765625
12 0.469140625 0.44580078125 0.00390625 0.0048828125
12 0.41484375 0.4609375 0.0046875 0.005859375
12 0.365625 0.44580078125 0.0046875 0.0048828125
1 0.584375 0.4560546875 0.00625 0.03125
3 0.451171875 0.44140625 0.01328125 0.0078125
3 0.16015625 0.5224609375 0.059375 0.048828125
3 0.280078125 0.4931640625 0.03359375 0.02734375
3 0.36328125 0.47607421875 0.015625 0.0146484375
3 0.3890625 0.462890625 0.0125 0.01171875
3 0.42890625 0.4658203125 0.0125 0.01171875
3 0.398828125 0.439453125 0.00859375 0.0078125
3 0.3859375 0.43994140625 0.00625 0.0048828125
3 0.96640625 0.40185546875 0.0390625 0.0244140625
3 0.990234375 0.40185546875 0.01796875 0.0224609375
