10 0.5352777777777777 0.425625 0.007222222222222222 0.02
10 0.3433333333333333 0.430625 0.008888888888888889 0.02375
12 0.5355555555555556 0.4434375 0.006666666666666667 0.005625
12 0.3425 0.4475 0.006111111111111111 0.005
12 0.12916666666666668 0.40125 0.013888888888888888 0.0225
12 0.6694444444444444 0.38875 0.012222222222222223 0.01625
3 0.2561111111111111 0.485625 0.10444444444444445 0.085
3 0.3252777777777778 0.481875 0.03944444444444444 0.04125
3 0.37194444444444447 0.4796875 0.065 0.063125
3 0.46555555555555556 0.4715625 0.03222222222222222 0.020625
3 0.5044444444444445 0.4684375 0.027777777777777776 0.026875
3 0.5011111111111111 0.4621875 0.02666666666666667 0.030625
3 0.6394444444444445 0.4878125 0.1711111111111111 0.139375
3 0.5441666666666667 0.459375 0.035 0.02
