10 0.07222222222222222 0.4190625 0.011111111111111112 0.044375
10 0.29194444444444445 0.306875 0.009444444444444445 0.03125
10 0.39305555555555555 0.3115625 0.010555555555555556 0.030625
10 0.5422222222222223 0.386875 0.01 0.03
10 0.7388888888888889 0.4109375 0.011111111111111112 0.011875
10 0.7188888888888889 0.4109375 0.01 0.013125
10 0.7138888888888889 0.3759375 0.01 0.026875
10 0.7708333333333334 0.1571875 0.06277777777777778 0.139375
10 0.9511111111111111 0.16875 0.023333333333333334 0.07
12 0.3136111111111111 0.3034375 0.013888888888888888 0.016875
12 0.5366666666666666 0.34125 0.01888888888888889 0.0125
12 0.7994444444444444 0.378125 0.023333333333333334 0.0375
1 0.19 0.485625 0.06555555555555556 0.1575
1 0.20472222222222222 0.4725 0.041666666666666664 0.1275
1 0.5725 0.4521875 0.012777777777777779 0.031875
1 0.6136111111111111 0.4778125 0.045 0.140625
1 0.6236111111111111 0.4725 0.059444444444444446 0.1375
1 0.7022222222222222 0.4440625 0.008888888888888889 0.029375
1 0.6577777777777778 0.45 0.015555555555555555 0.04125
1 0.675 0.4421875 0.01 0.020625
1 0.8605555555555555 0.4575 0.044444444444444446 0.14125
1 0.8944444444444445 0.4528125 0.06666666666666667 0.154375
2 0.10027777777777777 0.4853125 0.019444444444444445 0.031875
3 0.01638888888888889 0.5715625 0.03277777777777778 0.190625
3 0.22138888888888889 0.4684375 0.17055555555555554 0.069375
3 0.41555555555555557 0.586875 0.44222222222222224 0.37125
3 0.8152777777777778 0.4540625 0.12944444444444445 0.058125
3 0.9708333333333333 0.453125 0.05722222222222222 0.08375
1 0.10027777777777777 0.4753125 0.01611111111111111 0.045625
