12 0.445703125 0.43505859375 0.00390625 0.0068359375
12 0.503125 0.43017578125 0.0046875 0.0068359375
3 0.451953125 0.44677734375 0.01640625 0.0146484375
3 0.44375 0.4501953125 0.0125 0.015625
3 0.436328125 0.4541015625 0.01953125 0.01953125
3 0.425 0.4619140625 0.01875 0.021484375
3 0.41171875 0.46923828125 0.0171875 0.0322265625
3 0.395703125 0.47265625 0.03515625 0.041015625
3 0.387890625 0.47998046875 0.02265625 0.0341796875
3 0.36796875 0.4873046875 0.05 0.0546875
3 0.35234375 0.4990234375 0.046875 0.052734375
3 0.321484375 0.51025390625 0.05546875 0.0576171875
3 0.312109375 0.521484375 0.04296875 0.0625
3 0.275390625 0.5390625 0.08984375 0.087890625
3 0.188671875 0.5849609375 0.11328125 0.12109375
3 0.123046875 0.62060546875 0.15234375 0.1591796875
3 0.03828125 0.6513671875 0.0765625 0.21875
3 0.509375 0.455078125 0.0203125 0.025390625
3 0.514453125 0.46044921875 0.01328125 0.0263671875
3 0.526171875 0.462890625 0.02734375 0.033203125
3 0.5265625 0.470703125 0.01875 0.03515625
3 0.54140625 0.47802734375 0.034375 0.0478515625
3 0.562109375 0.48193359375 0.04765625 0.0556640625
3 0.57421875 0.49609375 0.0640625 0.060546875
3 0.79296875 0.44482421875 0.0640625 0.0322265625
3 0.860546875 0.44384765625 0.08359375 0.0380859375
3 0.8671875 0.486328125 0.090625 0.078125
3 0.920703125 0.49072265625 0.14609375 0.0849609375
3 0.6953125 0.54931640625 0.18125 0.1708984375
3 0.85390625 0.6630859375 0.290625 0.236328125
1 0.487109375 0.45751953125 0.00859375 0.0263671875
