12 0.53671875 0.4150390625 0.009375 0.017578125
12 0.536328125 0.42529296875 0.00546875 0.0029296875
1 0.73984375 0.53515625 0.0296875 0.134765625
1 0.773828125 0.53515625 0.04140625 0.13671875
1 0.828125 0.52880859375 0.0375 0.1435546875
1 0.222265625 0.4775390625 0.01171875 0.05078125
1 0.27421875 0.48193359375 0.0109375 0.0458984375
1 0.548828125 0.47412109375 0.00859375 0.0322265625
2 0.561328125 0.48828125 0.00859375 0.021484375
2 0.58671875 0.49169921875 0.04375 0.0439453125
2 0.360546875 0.478515625 0.01171875 0.029296875
3 0.09453125 0.47314453125 0.01875 0.0263671875
3 0.624609375 0.45166015625 0.05703125 0.0283203125
3 0.9125 0.5419921875 0.1734375 0.16015625
3 0.932421875 0.5712890625 0.13359375 0.193359375
3 0.6515625 0.46240234375 0.0671875 0.0576171875
1 0.592578125 0.47607421875 0.02734375 0.0595703125
1 0.36171875 0.46484375 0.0125 0.0390625
1 0.5609375 0.474609375 0.009375 0.03125
11 0.659765625 0.5380859375 0.01796875 0.056640625
