1 0.526171875 0.50634765625 0.02421875 0.0927734375
1 0.547265625 0.513671875 0.02265625 0.08203125
1 0.55859375 0.50634765625 0.021875 0.0908203125
3 0.90078125 0.73291015625 0.196875 0.3330078125
3 0.71328125 0.5693359375 0.19375 0.197265625
3 0.660546875 0.52978515625 0.11796875 0.1279296875
3 0.5984375 0.51513671875 0.0578125 0.0712890625
3 0.592578125 0.50732421875 0.05390625 0.0693359375
3 0.066796875 0.6357421875 0.13359375 0.171875
3 0.156640625 0.5751953125 0.13828125 0.1484375
3 0.237109375 0.54052734375 0.11484375 0.1396484375
3 0.291796875 0.53857421875 0.02890625 0.0830078125
3 0.301953125 0.5283203125 0.05078125 0.072265625
3 0.315234375 0.51708984375 0.05078125 0.0634765625
3 0.333984375 0.509765625 0.03828125 0.05859375
3 0.34765625 0.49951171875 0.05625 0.0634765625
3 0.381640625 0.4892578125 0.03359375 0.037109375
3 0.398828125 0.47900390625 0.03046875 0.0361328125
3 0.416015625 0.47705078125 0.01796875 0.0263671875
3 0.42578125 0.47314453125 0.0140625 0.0224609375
3 0.425390625 0.47021484375 0.02421875 0.0244140625
3 0.43828125 0.4638671875 0.01875 0.021484375
3 0.49296875 0.47900390625 0.0421875 0.0361328125
3 0.533203125 0.47314453125 0.03359375 0.0302734375
3 0.522265625 0.46484375 0.02421875 0.021484375
3 0.109765625 0.4921875 0.05859375 0.04296875
3 0.056640625 0.49609375 0.05703125 0.03515625
3 0.169921875 0.484375 0.05859375 0.041015625
3 0.23046875 0.47021484375 0.0625 0.0126953125
3 0.28984375 0.482421875 0.0359375 0.021484375
3 0.44765625 0.4580078125 0.0140625 0.015625
3 0.510546875 0.45849609375 0.01015625 0.0107421875
3 0.5046875 0.45751953125 0.009375 0.0107421875
3 0.016796875 0.49609375 0.03359375 0.044921875
1 0.465234375 0.46240234375 0.00703125 0.0263671875
1 0.45546875 0.462890625 0.00625 0.02734375
