10 0.12055555555555555 0.2896875 0.014444444444444444 0.039375
10 0.20944444444444443 0.27875 0.02666666666666667 0.04125
10 0.1413888888888889 0.39625 0.007222222222222222 0.025
10 0.009166666666666667 0.384375 0.008333333333333333 0.03
10 0.33611111111111114 0.350625 0.013333333333333334 0.025
10 0.5197222222222222 0.399375 0.006111111111111111 0.02125
10 0.4675 0.4065625 0.007222222222222222 0.023125
12 0.06805555555555555 0.3275 0.05722222222222222 0.015
12 0.16555555555555557 0.2746875 0.024444444444444446 0.029375
12 0.35638888888888887 0.3490625 0.009444444444444445 0.011875
12 0.4197222222222222 0.380625 0.03944444444444444 0.00625
12 0.7186111111111111 0.3215625 0.02388888888888889 0.033125
1 0.4297222222222222 0.461875 0.006111111111111111 0.02
1 0.7036111111111111 0.50125 0.05722222222222222 0.0875
1 0.6866666666666666 0.4903125 0.04666666666666667 0.108125
1 0.6680555555555555 0.491875 0.035 0.1025
2 0.39222222222222225 0.4721875 0.011111111111111112 0.024375
3 0.010833333333333334 0.4621875 0.021666666666666667 0.034375
3 0.11027777777777778 0.476875 0.185 0.145
3 0.20444444444444446 0.45875 0.021111111111111112 0.03375
3 0.2544444444444444 0.4675 0.09444444444444444 0.0775
3 0.3211111111111111 0.4671875 0.042222222222222223 0.043125
3 0.3463888888888889 0.4640625 0.02388888888888889 0.031875
3 0.5083333333333333 0.4659375 0.08777777777777777 0.033125
1 0.39194444444444443 0.4575 0.010555555555555556 0.03125
