10 0.636962890625 0.486328125 0.00830078125 0.013020833333333334
10 0.584716796875 0.4466145833333333 0.00927734375 0.014322916666666666
10 0.500244140625 0.4879557291666667 0.00927734375 0.013671875
12 0.3466796875 0.4661458333333333 0.0205078125 0.006510416666666667
2 0.922607421875 0.7701822916666666 0.05810546875 0.17838541666666666
3 0.527099609375 0.5374348958333334 0.01611328125 0.012369791666666666
3 0.48486328125 0.54296875 0.025390625 0.03125
3 0.47021484375 0.5462239583333334 0.02734375 0.0390625
3 0.448486328125 0.5494791666666666 0.02587890625 0.040364583333333336
3 0.411376953125 0.5494791666666666 0.05712890625 0.055989583333333336
3 0.06494140625 0.5947265625 0.0927734375 0.14127604166666666
3 0.166259765625 0.59375 0.11767578125 0.11588541666666667
1 0.920166015625 0.6744791666666666 0.08447265625 0.2786458333333333
