6 0.7411111111111112 0.48 0.1622222222222222 0.15125
10 0.5330555555555555 0.4496875 0.0038888888888888888 0.009375
10 0.43666666666666665 0.4446875 0.0044444444444444444 0.013125
12 0.5966666666666667 0.454375 0.005555555555555556 0.015
12 0.3972222222222222 0.441875 0.005555555555555556 0.00875
12 0.3186111111111111 0.39 0.009444444444444445 0.02
12 0.31916666666666665 0.4115625 0.009444444444444445 0.019375
1 0.9352777777777778 0.5028125 0.026111111111111113 0.079375
1 0.8591666666666666 0.5121875 0.01611111111111111 0.081875
1 0.8369444444444445 0.48625 0.02277777777777778 0.0425
1 0.8313888888888888 0.5178125 0.02722222222222222 0.053125
2 0.9466666666666667 0.52375 0.027777777777777776 0.04625
3 0.5125 0.4721875 0.025 0.025625
3 0.4888888888888889 0.4709375 0.013333333333333334 0.010625
3 0.4725 0.4734375 0.018333333333333333 0.018125
3 0.4558333333333333 0.4715625 0.011666666666666667 0.010625
3 0.43666666666666665 0.4728125 0.03222222222222222 0.031875
3 0.42944444444444446 0.4771875 0.03666666666666667 0.029375
