6 0.6462418300653595 0.47998046875 0.06209150326797386 0.0849609375
10 0.5800653594771242 0.39306640625 0.008169934640522876 0.0205078125
10 0.45302287581699346 0.4736328125 0.010620915032679739 0.0234375
10 0.4056372549019608 0.43701171875 0.007352941176470588 0.0166015625
10 0.8202614379084967 0.455078125 0.006535947712418301 0.021484375
10 0.8349673202614379 0.45849609375 0.004901960784313725 0.0146484375
10 0.6801470588235294 0.458984375 0.007352941176470588 0.021484375
10 0.9052287581699346 0.4453125 0.0032679738562091504 0.0078125
12 0.6899509803921569 0.4716796875 0.007352941176470588 0.009765625
12 0.690359477124183 0.4541015625 0.011437908496732025 0.015625
12 0.8774509803921569 0.45166015625 0.011437908496732025 0.0146484375
12 0.4918300653594771 0.48291015625 0.008169934640522876 0.0107421875
12 0.5065359477124183 0.47216796875 0.014705882352941176 0.0224609375
12 0.5428921568627451 0.46484375 0.02042483660130719 0.021484375
8 0.766748366013072 0.49609375 0.05800653594771242 0.060546875
4 0.7120098039215687 0.50537109375 0.02696078431372549 0.0283203125
3 0.6098856209150327 0.48681640625 0.018790849673202614 0.0400390625
3 0.5098039215686274 0.50537109375 0.03594771241830065 0.0458984375
3 0.47344771241830064 0.5205078125 0.07107843137254902 0.064453125
3 0.39052287581699346 0.55029296875 0.12908496732026145 0.1123046875
3 0.5661764705882353 0.52880859375 0.10457516339869281 0.1103515625
3 0.6633986928104575 0.50732421875 0.04738562091503268 0.0458984375
3 0.7790032679738562 0.5068359375 0.04493464052287582 0.05078125
3 0.8223039215686274 0.5048828125 0.056372549019607844 0.064453125
3 0.8660130718954249 0.51025390625 0.08660130718954248 0.0810546875
3 0.9358660130718954 0.52197265625 0.125 0.0947265625
3 0.9865196078431373 0.5400390625 0.025326797385620915 0.091796875
3 0.9848856209150327 0.474609375 0.028594771241830064 0.044921875
