12 0.15944444444444444 0.3934375 0.016666666666666666 0.020625
12 0.1597222222222222 0.4159375 0.011666666666666667 0.019375
12 0.22 0.404375 0.014444444444444444 0.01625
12 0.22027777777777777 0.4234375 0.009444444444444445 0.015625
1 0.5138888888888888 0.459375 0.015555555555555555 0.04375
2 0.9733333333333334 0.5571875 0.052222222222222225 0.204375
3 0.05333333333333334 0.5071875 0.10666666666666667 0.116875
3 0.24 0.48125 0.08 0.06375
3 0.2902777777777778 0.4759375 0.045 0.045625
3 0.32055555555555554 0.4753125 0.03333333333333333 0.035625
3 0.3458333333333333 0.4703125 0.04611111111111111 0.031875
3 0.3738888888888889 0.464375 0.024444444444444446 0.02875
1 0.35944444444444446 0.466875 0.027777777777777776 0.0625
