12 0.76328125 0.38232421875 0.0359375 0.0771484375
1 0.58203125 0.60693359375 0.0609375 0.2099609375
1 0.984765625 0.51318359375 0.02890625 0.1298828125
1 0.692578125 0.47021484375 0.02421875 0.0634765625
1 0.273046875 0.509765625 0.03046875 0.103515625
1 0.2328125 0.51318359375 0.028125 0.0908203125
1 0.13359375 0.48095703125 0.028125 0.0380859375
2 0.9859375 0.5703125 0.0265625 0.109375
2 0.9671875 0.572265625 0.0640625 0.08984375
2 0.21015625 0.5703125 0.0484375 0.09765625
2 0.255859375 0.56884765625 0.04453125 0.0927734375
2 0.1828125 0.552734375 0.046875 0.08984375
3 0.11484375 0.5390625 0.15 0.0859375
3 0.023828125 0.52880859375 0.04765625 0.0751953125
