10 0.9094444444444445 0.3909375 0.0077777777777777776 0.023125
10 0.8833333333333333 0.3903125 0.006666666666666667 0.024375
10 0.8094444444444444 0.3978125 0.008888888888888889 0.026875
10 0.8111111111111111 0.4234375 0.0077777777777777776 0.011875
10 0.6694444444444444 0.334375 0.0077777777777777776 0.02625
10 0.5305555555555556 0.31875 0.01 0.0275
10 0.16722222222222222 0.4121875 0.008888888888888889 0.025625
10 0.09972222222222223 0.41 0.008333333333333333 0.025
10 0.09805555555555556 0.4371875 0.008333333333333333 0.009375
10 0.0030555555555555557 0.3278125 0.006111111111111111 0.028125
12 0.7130555555555556 0.3628125 0.04055555555555555 0.009375
12 0.5497222222222222 0.315625 0.018333333333333333 0.02125
12 0.6302777777777778 0.4390625 0.006111111111111111 0.008125
12 0.6380555555555556 0.4128125 0.012777777777777779 0.015625
12 0.2825 0.50625 0.02388888888888889 0.015
12 0.2797222222222222 0.34875 0.051666666666666666 0.0675
12 0.03638888888888889 0.373125 0.026111111111111113 0.01375
3 0.5075 0.54375 0.27944444444444444 0.2475
3 0.027777777777777776 0.5125 0.05555555555555555 0.2075
3 0.16666666666666666 0.4865625 0.20222222222222222 0.098125
3 0.6597222222222222 0.4790625 0.12166666666666667 0.071875
3 0.9844444444444445 0.4715625 0.03 0.035625
