12 0.2013888888888889 0.44 0.006111111111111111 0.01125
12 0.5686111111111111 0.4571875 0.006111111111111111 0.015625
12 0.4261111111111111 0.4259375 0.005555555555555556 0.008125
12 0.9669444444444445 0.4509375 0.065 0.024375
12 0.9658333333333333 0.4221875 0.06722222222222222 0.024375
12 0.26416666666666666 0.4553125 0.019444444444444445 0.016875
3 0.31833333333333336 0.443125 0.014444444444444444 0.01125
3 0.36527777777777776 0.4453125 0.015 0.011875
3 0.4886111111111111 0.4534375 0.02388888888888889 0.011875
3 0.5047222222222222 0.4525 0.01611111111111111 0.01125
