10 0.09326171875 0.3251953125 0.029296875 0.064453125
10 0.0888671875 0.4371744791666667 0.015625 0.027994791666666668
10 0.7431640625 0.3238932291666667 0.021484375 0.057942708333333336
10 0.4970703125 0.134765625 0.025390625 0.045572916666666664
12 0.199462890625 0.4462890625 0.01513671875 0.011067708333333334
12 0.68212890625 0.4436848958333333 0.021484375 0.033203125
12 0.679931640625 0.470703125 0.00927734375 0.020833333333333332
12 0.8994140625 0.3916015625 0.052734375 0.017578125
1 0.505126953125 0.5592447916666666 0.03857421875 0.16015625
1 0.091064453125 0.7291666666666666 0.11962890625 0.5403645833333334
1 0.843994140625 0.70703125 0.19482421875 0.48828125
1 0.77197265625 0.5345052083333334 0.02734375 0.09244791666666667
3 0.582763671875 0.5341796875 0.04150390625 0.06705729166666667
3 0.60107421875 0.5439453125 0.03125 0.064453125
3 0.635986328125 0.5537109375 0.06396484375 0.07747395833333333
3 0.2587890625 0.5445963541666666 0.138671875 0.061848958333333336
3 0.548583984375 0.5218098958333334 0.02392578125 0.029296875
