10 0.5694444444444444 0.441875 0.0044444444444444444 0.01
10 0.6 0.43125 0.0044444444444444444 0.01375
10 0.6125 0.4309375 0.006111111111111111 0.013125
12 0.4058333333333333 0.4490625 0.008333333333333333 0.010625
12 0.5383333333333333 0.4571875 0.008888888888888889 0.006875
12 0.6072222222222222 0.4421875 0.01 0.004375
12 0.7925 0.3725 0.013888888888888888 0.02375
12 0.7925 0.39875 0.013888888888888888 0.025
12 0.615 0.41875 0.011111111111111112 0.01875
1 0.17805555555555555 0.4703125 0.021666666666666667 0.071875
1 0.2822222222222222 0.46875 0.01 0.0425
3 0.4822222222222222 0.4665625 0.015555555555555555 0.015625
3 0.4627777777777778 0.4684375 0.02 0.015625
3 0.49805555555555553 0.466875 0.045 0.0225
3 0.5308333333333334 0.4703125 0.02277777777777778 0.019375
3 0.5472222222222223 0.4675 0.016666666666666666 0.015
3 0.5694444444444444 0.470625 0.028888888888888888 0.02625
3 0.6005555555555555 0.4703125 0.04666666666666667 0.041875
3 0.6497222222222222 0.4740625 0.07611111111111112 0.059375
3 0.8875 0.513125 0.2238888888888889 0.15625
3 0.9894444444444445 0.5759375 0.02 0.143125
3 0.7411111111111112 0.4840625 0.13444444444444445 0.104375
