1 0.5997222222222223 0.4834375 0.059444444444444446 0.154375
1 0.5475 0.484375 0.04722222222222222 0.10375
1 0.5611111111111111 0.4809375 0.025555555555555557 0.100625
3 0.9130555555555555 0.55 0.17277777777777778 0.27625
3 0.8705555555555555 0.4746875 0.2577777777777778 0.245625
3 0.7641666666666667 0.49875 0.15055555555555555 0.1325
3 0.685 0.48125 0.19777777777777777 0.12625
3 0.5436111111111112 0.4696875 0.06944444444444445 0.071875
3 0.4266666666666667 0.485625 0.17555555555555555 0.2075
3 0.28833333333333333 0.460625 0.1288888888888889 0.065
3 0.29194444444444445 0.4809375 0.07833333333333334 0.064375
3 0.24138888888888888 0.48875 0.11166666666666666 0.085
3 0.175 0.5009375 0.15666666666666668 0.111875
3 0.07611111111111112 0.548125 0.15222222222222223 0.24875
