10 0.5311111111111111 0.4171875 0.0077777777777777776 0.009375
10 0.3622222222222222 0.425 0.01 0.00875
12 0.5316666666666666 0.4328125 0.01 0.014375
12 0.5805555555555556 0.4178125 0.012222222222222223 0.020625
1 0.8091666666666667 0.48125 0.018333333333333333 0.06
1 0.8272222222222222 0.480625 0.016666666666666666 0.0675
1 0.84 0.485 0.02666666666666667 0.075
1 0.8652777777777778 0.4821875 0.019444444444444445 0.075625
1 0.8844444444444445 0.4665625 0.024444444444444446 0.054375
1 0.9077777777777778 0.464375 0.028888888888888888 0.03375
3 0.14555555555555555 0.5175 0.15 0.105
3 0.23166666666666666 0.495 0.08666666666666667 0.08375
3 0.29583333333333334 0.4825 0.065 0.06375
3 0.3425 0.48 0.03611111111111111 0.04125
3 0.36 0.4675 0.04777777777777778 0.0525
3 0.4111111111111111 0.4665625 0.021111111111111112 0.020625
3 0.4486111111111111 0.464375 0.013888888888888888 0.01375
3 0.4255555555555556 0.464375 0.011111111111111112 0.01375
3 0.43444444444444447 0.4640625 0.008888888888888889 0.011875
3 0.4622222222222222 0.46 0.0077777777777777776 0.0075
3 0.5422222222222223 0.4759375 0.024444444444444446 0.054375
3 0.5522222222222222 0.4759375 0.024444444444444446 0.063125
3 0.5977777777777777 0.476875 0.10333333333333333 0.09125
3 0.7105555555555556 0.501875 0.17 0.14
3 0.9275 0.55 0.1438888888888889 0.305
