10 0.435 0.4328125 0.006666666666666667 0.016875
10 0.4483333333333333 0.429375 0.005555555555555556 0.01625
10 0.4708333333333333 0.395625 0.006111111111111111 0.015
10 0.5072222222222222 0.398125 0.0044444444444444444 0.01375
10 0.48194444444444445 0.415625 0.0038888888888888888 0.01125
12 0.445 0.4621875 0.011111111111111112 0.015625
12 0.45222222222222225 0.4421875 0.005555555555555556 0.006875
12 0.5769444444444445 0.4015625 0.009444444444444445 0.015625
12 0.8313888888888888 0.21 0.08944444444444444 0.10125
12 0.8352777777777778 0.295625 0.07388888888888889 0.07
1 0.14055555555555554 0.476875 0.014444444444444444 0.04625
1 0.16361111111111112 0.474375 0.011666666666666667 0.03875
1 0.7580555555555556 0.4584375 0.013888888888888888 0.056875
1 0.7383333333333333 0.459375 0.017777777777777778 0.05875
3 0.2575 0.5 0.14833333333333334 0.1275
3 0.35888888888888887 0.47375 0.07666666666666666 0.06875
3 0.4075 0.47375 0.026111111111111113 0.03625
3 0.495 0.4903125 0.09 0.080625
3 0.5327777777777778 0.4628125 0.012222222222222223 0.010625
11 0.6161111111111112 0.4709375 0.012222222222222223 0.020625
