12 0.8786111111111111 0.404375 0.007222222222222222 0.02875
12 0.9927777777777778 0.3225 0.013333333333333334 0.05
12 0.9844444444444445 0.393125 0.017777777777777778 0.03125
12 0.9866666666666667 0.42 0.012222222222222223 0.0225
3 0.10055555555555555 0.5303125 0.2011111111111111 0.299375
3 0.33944444444444444 0.47375 0.06 0.05375
3 0.3813888888888889 0.4734375 0.030555555555555555 0.030625
3 0.4075 0.471875 0.025 0.025
3 0.4225 0.470625 0.017222222222222222 0.0225
3 0.44222222222222224 0.4728125 0.021111111111111112 0.015625
3 0.45611111111111113 0.478125 0.0077777777777777776 0.005
3 0.5013888888888889 0.46875 0.019444444444444445 0.01875
3 0.5291666666666667 0.4728125 0.008333333333333333 0.011875
3 0.54 0.46875 0.016666666666666666 0.02
3 0.5672222222222222 0.466875 0.04555555555555556 0.0425
