12 0.3452777777777778 0.4359375 0.017222222222222222 0.020625
3 0.07722222222222222 0.5125 0.15444444444444444 0.15875
3 0.1925 0.498125 0.11833333333333333 0.09875
3 0.24333333333333335 0.47375 0.044444444444444446 0.035
3 0.3313888888888889 0.4790625 0.05722222222222222 0.041875
3 0.3711111111111111 0.473125 0.03111111111111111 0.02625
3 0.39416666666666667 0.468125 0.021666666666666667 0.01875
3 0.43805555555555553 0.464375 0.029444444444444443 0.0125
3 0.4936111111111111 0.4653125 0.010555555555555556 0.015625
3 0.5116666666666667 0.4621875 0.028888888888888888 0.031875
3 0.5347222222222222 0.4703125 0.02388888888888889 0.031875
3 0.5716666666666667 0.468125 0.056666666666666664 0.05625
3 0.6316666666666667 0.459375 0.06333333333333334 0.0375
3 0.7447222222222222 0.464375 0.205 0.1575
3 0.9233333333333333 0.43 0.15222222222222223 0.05625
3 0.8377777777777777 0.5196875 0.19555555555555557 0.155625
3 0.9394444444444444 0.5275 0.12 0.2325
