10 0.6936274509803921 0.31640625 0.027777777777777776 0.091796875
10 0.6842320261437909 0.48779296875 0.010620915032679739 0.0380859375
10 0.8051470588235294 0.42822265625 0.008986928104575163 0.0107421875
10 0.32516339869281047 0.44189453125 0.008169934640522876 0.0087890625
12 0.5723039215686274 0.375 0.056372549019607844 0.01171875
12 0.5723039215686274 0.388671875 0.056372549019607844 0.01171875
12 0.5408496732026143 0.40576171875 0.05555555555555555 0.0185546875
12 0.5727124183006536 0.42138671875 0.05555555555555555 0.0107421875
12 0.8088235294117647 0.54736328125 0.06535947712418301 0.0244140625
12 0.8161764705882353 0.4609375 0.027777777777777776 0.013671875
12 0.9750816993464052 0.3466796875 0.04820261437908497 0.078125
12 0.8325163398692811 0.36328125 0.016339869281045753 0.037109375
12 0.5755718954248366 0.3662109375 0.012254901960784314 0.005859375
3 0.12540849673202614 0.57958984375 0.2508169934640523 0.2802734375
3 0.02287581699346405 0.7275390625 0.0457516339869281 0.216796875
3 0.5330882352941176 0.69970703125 0.3619281045751634 0.3525390625
3 0.6033496732026143 0.49951171875 0.16258169934640523 0.0927734375
79 0.026143790849673203 0.4189453125 0.05065359477124183 0.046875
