1 0.8072222222222222 0.5159375 0.12222222222222222 0.406875
1 0.6891666666666667 0.539375 0.13944444444444445 0.395
1 0.55 0.493125 0.04111111111111111 0.15375
1 0.5119444444444444 0.49125 0.04388888888888889 0.165
3 0.9163888888888889 0.524375 0.1661111111111111 0.21
3 0.8202777777777778 0.4865625 0.2338888888888889 0.201875
3 0.605 0.473125 0.09444444444444444 0.0775
3 0.4913888888888889 0.4725 0.10833333333333334 0.08625
3 0.42388888888888887 0.470625 0.052222222222222225 0.0675
3 0.3927777777777778 0.4703125 0.04 0.061875
3 0.23833333333333334 0.5621875 0.31555555555555553 0.283125
3 0.04972222222222222 0.504375 0.09944444444444445 0.1575
