12 0.5234375 0.43603515625 0.00625 0.0048828125
12 0.523046875 0.43017578125 0.00859375 0.0087890625
12 0.41328125 0.4443359375 0.0046875 0.001953125
12 0.412890625 0.439453125 0.00703125 0.0078125
1 0.491796875 0.4736328125 0.00703125 0.03125
2 0.41875 0.48193359375 0.009375 0.0185546875
2 0.44296875 0.48486328125 0.009375 0.0224609375
3 0.43359375 0.46337890625 0.0203125 0.0205078125
3 0.424609375 0.46875 0.00859375 0.021484375
3 0.408203125 0.46875 0.02578125 0.025390625
3 0.400390625 0.4775390625 0.02421875 0.0234375
3 0.395703125 0.48388671875 0.02421875 0.0283203125
3 0.3890625 0.4912109375 0.015625 0.03515625
3 0.362890625 0.49267578125 0.05234375 0.0595703125
3 0.305078125 0.47607421875 0.05078125 0.0322265625
3 0.30625 0.5322265625 0.04375 0.076171875
3 0.25859375 0.5380859375 0.0859375 0.107421875
3 0.17265625 0.57666015625 0.1390625 0.1533203125
3 0.020703125 0.52880859375 0.04140625 0.0908203125
3 0.0921875 0.6328125 0.184375 0.1875
3 0.465234375 0.47412109375 0.02578125 0.0283203125
3 0.50078125 0.4716796875 0.025 0.03515625
3 0.491015625 0.4609375 0.01015625 0.013671875
3 0.52578125 0.4765625 0.0359375 0.041015625
3 0.5390625 0.4716796875 0.034375 0.015625
3 0.533203125 0.49169921875 0.02578125 0.0380859375
3 0.544140625 0.4951171875 0.03984375 0.04296875
3 0.5671875 0.5078125 0.05 0.052734375
3 0.572265625 0.51611328125 0.04140625 0.0576171875
3 0.589453125 0.52978515625 0.03984375 0.0849609375
3 0.641796875 0.54052734375 0.11953125 0.1259765625
3 0.680078125 0.57568359375 0.14140625 0.1298828125
3 0.786328125 0.62353515625 0.21953125 0.1689453125
3 0.939453125 0.76513671875 0.11953125 0.2763671875
1 0.44296875 0.47802734375 0.009375 0.0341796875
1 0.419140625 0.4736328125 0.00859375 0.033203125
1 0.451171875 0.47900390625 0.00859375 0.0361328125
