6 0.6833333333333333 0.4371875 0.18444444444444444 0.088125
10 0.17583333333333334 0.376875 0.012777777777777779 0.0325
10 0.1986111111111111 0.383125 0.012777777777777779 0.03375
10 0.22527777777777777 0.3815625 0.010555555555555556 0.026875
10 0.6988888888888889 0.3584375 0.014444444444444444 0.046875
10 0.7347222222222223 0.3578125 0.017222222222222222 0.045625
10 0.5836111111111111 0.4003125 0.006111111111111111 0.018125
10 0.5886111111111111 0.4003125 0.006111111111111111 0.019375
10 0.515 0.4190625 0.005555555555555556 0.013125
12 0.11694444444444445 0.40625 0.007222222222222222 0.0175
12 0.1525 0.389375 0.029444444444444443 0.01
12 0.17166666666666666 0.406875 0.03222222222222222 0.01375
12 0.20916666666666667 0.41 0.017222222222222222 0.01625
12 0.20805555555555555 0.4225 0.020555555555555556 0.00875
12 0.5486111111111112 0.423125 0.005 0.00875
12 0.5044444444444445 0.435 0.012222222222222223 0.00875
1 0.17472222222222222 0.465625 0.018333333333333333 0.06
1 0.20583333333333334 0.4703125 0.025 0.065625
1 0.20527777777777778 0.469375 0.020555555555555556 0.065
1 0.9177777777777778 0.49625 0.09444444444444444 0.25
1 0.7908333333333334 0.46125 0.025 0.08375
1 0.7711111111111111 0.45875 0.02666666666666667 0.08875
2 0.5747222222222222 0.465 0.012777777777777779 0.02875
3 0.026944444444444444 0.465625 0.05388888888888889 0.0375
3 0.9555555555555556 0.5690625 0.08777777777777777 0.199375
3 0.5113888888888889 0.4734375 0.08388888888888889 0.068125
3 0.46694444444444444 0.4553125 0.010555555555555556 0.009375
3 0.39694444444444443 0.458125 0.042777777777777776 0.0375
1 0.5752777777777778 0.45375 0.012777777777777779 0.04
11 0.056666666666666664 0.475625 0.011111111111111112 0.03375
