12 0.20234375 0.45654296875 0.0171875 0.0068359375
12 0.2015625 0.435546875 0.028125 0.033203125
12 0.65078125 0.4404296875 0.0078125 0.015625
1 0.213671875 0.5126953125 0.01328125 0.05859375
1 0.524609375 0.51025390625 0.02421875 0.0556640625
1 0.597265625 0.4853515625 0.01171875 0.03515625
1 0.610546875 0.48193359375 0.01015625 0.0302734375
2 0.128515625 0.5166015625 0.03828125 0.029296875
3 0.073046875 0.5224609375 0.08984375 0.064453125
3 0.350390625 0.4931640625 0.06328125 0.029296875
3 0.28671875 0.541015625 0.1125 0.0859375
3 0.3625 0.5537109375 0.13125 0.095703125
3 0.459765625 0.57080078125 0.15078125 0.1083984375
3 0.585546875 0.58984375 0.18671875 0.15625
3 0.773828125 0.6201171875 0.32578125 0.234375
3 0.918359375 0.7001953125 0.16171875 0.236328125
3 0.89296875 0.4619140625 0.03125 0.0234375
3 0.873828125 0.4638671875 0.05078125 0.029296875
3 0.791015625 0.45849609375 0.04609375 0.0224609375
3 0.820703125 0.46044921875 0.02890625 0.0263671875
3 0.602734375 0.4736328125 0.04765625 0.029296875
3 0.49140625 0.48681640625 0.021875 0.0224609375
1 0.76015625 0.4765625 0.0140625 0.033203125
