3 0.011111111111111112 0.479375 0.022222222222222223 0.04375
3 0.03111111111111111 0.4709375 0.06222222222222222 0.050625
3 0.1786111111111111 0.4890625 0.275 0.094375
3 0.2861111111111111 0.47 0.06666666666666667 0.02875
3 0.5377777777777778 0.5209375 0.5044444444444445 0.228125
3 0.835 0.5134375 0.13 0.093125
3 0.9002777777777777 0.5240625 0.18944444444444444 0.081875
3 0.10722222222222222 0.4640625 0.043333333333333335 0.018125
3 0.9819444444444444 0.5040625 0.035 0.029375
3 0.9488888888888889 0.4903125 0.05 0.014375
3 0.9180555555555555 0.4859375 0.042777777777777776 0.015625
3 0.8769444444444444 0.48 0.03833333333333333 0.01375
3 0.9802777777777778 0.485 0.03833333333333333 0.01125
