10 0.7236328125 0.4700520833333333 0.0205078125 0.05859375
10 0.436767578125 0.5436197916666666 0.00732421875 0.020833333333333332
10 0.23583984375 0.3297526041666667 0.0234375 0.06575520833333333
10 0.60791015625 0.5013020833333334 0.0107421875 0.0234375
10 0.531982421875 0.3785807291666667 0.02685546875 0.041015625
12 0.516845703125 0.4700520833333333 0.01416015625 0.020833333333333332
1 0.10693359375 0.5944010416666666 0.0234375 0.09244791666666667
1 0.089599609375 0.5891927083333334 0.01416015625 0.07291666666666667
1 0.756591796875 0.6051432291666666 0.03369140625 0.12955729166666666
1 0.8955078125 0.5999348958333334 0.02734375 0.10091145833333333
1 0.733154296875 0.60546875 0.02001953125 0.11328125
3 0.47216796875 0.6155598958333334 0.083984375 0.083984375
3 0.626220703125 0.5934244791666666 0.03857421875 0.051432291666666664
3 0.55419921875 0.5823567708333334 0.029296875 0.029296875
3 0.597900390625 0.5882161458333334 0.01806640625 0.018880208333333332
