10 0.65625 0.4052734375 0.0125 0.015625
10 0.430859375 0.44287109375 0.00703125 0.0087890625
10 0.29375 0.4541015625 0.0109375 0.013671875
10 0.29453125 0.416015625 0.0125 0.017578125
10 0.237890625 0.4501953125 0.01484375 0.017578125
10 0.234375 0.40673828125 0.0171875 0.0498046875
10 0.168359375 0.4208984375 0.00859375 0.015625
12 0.751171875 0.412109375 0.02734375 0.03515625
12 0.699609375 0.4287109375 0.01953125 0.025390625
12 0.953125 0.28271484375 0.0921875 0.1689453125
12 0.65703125 0.43212890625 0.015625 0.0068359375
1 0.761328125 0.49560546875 0.01328125 0.0654296875
1 0.954296875 0.5302734375 0.03828125 0.14453125
3 0.495703125 0.5078125 0.07890625 0.076171875
3 0.57109375 0.470703125 0.015625 0.015625
3 0.556640625 0.4697265625 0.01015625 0.013671875
