12 0.81 0.4521875 0.006666666666666667 0.010625
3 0.34833333333333333 0.45 0.12111111111111111 0.08125
3 0.5358333333333334 0.4653125 0.050555555555555555 0.043125
3 0.5719444444444445 0.46875 0.03166666666666667 0.03375
3 0.6447222222222222 0.4834375 0.05388888888888889 0.044375
3 0.6897222222222222 0.469375 0.03388888888888889 0.03625
3 0.7138888888888889 0.46875 0.015555555555555555 0.015
3 0.7461111111111111 0.4671875 0.02 0.009375
3 0.7738888888888888 0.4684375 0.01 0.013125
3 0.7838888888888889 0.4690625 0.014444444444444444 0.015625
3 0.7872222222222223 0.47125 0.01 0.0125
3 0.7963888888888889 0.4715625 0.011666666666666667 0.020625
3 0.8080555555555555 0.47125 0.021666666666666667 0.02375
3 0.8172222222222222 0.475 0.023333333333333334 0.02125
3 0.8463888888888889 0.475 0.03722222222222222 0.03625
3 0.8822222222222222 0.480625 0.04888888888888889 0.045
3 0.9711111111111111 0.4896875 0.056666666666666664 0.098125
