1 0.343017578125 0.5690104166666666 0.02685546875 0.11328125
1 0.360595703125 0.560546875 0.03271484375 0.1171875
1 0.383544921875 0.5638020833333334 0.02978515625 0.12109375
1 0.66015625 0.5677083333333334 0.03515625 0.15104166666666666
2 0.285400390625 0.6393229166666666 0.06787109375 0.12369791666666667
3 0.33740234375 0.5582682291666666 0.06640625 0.11393229166666667
3 0.40478515625 0.5530598958333334 0.0458984375 0.08268229166666667
3 0.416748046875 0.5221354166666666 0.05322265625 0.040364583333333336
3 0.46435546875 0.5198567708333334 0.0478515625 0.027994791666666668
3 0.5126953125 0.5188802083333334 0.0244140625 0.020833333333333332
3 0.542724609375 0.5179036458333334 0.01806640625 0.017578125
3 0.583984375 0.5211588541666666 0.0244140625 0.027994791666666668
3 0.61328125 0.5227864583333334 0.01953125 0.02734375
3 0.62255859375 0.5296223958333334 0.0224609375 0.031901041666666664
3 0.640625 0.5364583333333334 0.0234375 0.0625
3 0.720703125 0.5608723958333334 0.0986328125 0.12565104166666666
3 0.749267578125 0.5836588541666666 0.11474609375 0.13997395833333334
3 0.86572265625 0.63671875 0.2060546875 0.2513020833333333
3 0.89990234375 0.7291666666666666 0.1376953125 0.3307291666666667
1 0.28515625 0.591796875 0.06640625 0.1796875
3 0.046630859375 0.5882161458333334 0.03369140625 0.115234375
