12 0.5691666666666667 0.3946875 0.0038888888888888888 0.003125
12 0.4797222222222222 0.4303125 0.0038888888888888888 0.010625
12 0.5755555555555556 0.416875 0.0033333333333333335 0.005
12 0.5475 0.429375 0.005 0.00625
3 0.44222222222222224 0.461875 0.03333333333333333 0.02625
3 0.5797222222222222 0.4559375 0.028333333333333332 0.028125
3 0.6025 0.4465625 0.021666666666666667 0.020625
3 0.5444444444444444 0.445625 0.02 0.01625
3 0.5736111111111111 0.4403125 0.011666666666666667 0.011875
3 0.5608333333333333 0.4421875 0.013888888888888888 0.014375
6 0.13833333333333334 0.45125 0.27666666666666667 0.265
