10 0.06985294117647059 0.30908203125 0.025326797385620915 0.0693359375
10 0.4305555555555556 0.3154296875 0.0196078431372549 0.072265625
10 0.2034313725490196 0.37939453125 0.02287581699346405 0.0263671875
10 0.7720588235294118 0.39990234375 0.016339869281045753 0.0185546875
10 0.8562091503267973 0.3974609375 0.011437908496732025 0.013671875
10 0.9236111111111112 0.3974609375 0.010620915032679739 0.013671875
10 0.9673202614379085 0.39501953125 0.011437908496732025 0.0146484375
10 0.9975490196078431 0.396484375 0.0032679738562091504 0.01171875
3 0.9616013071895425 0.4443359375 0.07516339869281045 0.08203125
3 0.7242647058823529 0.44970703125 0.22140522875816993 0.1201171875
