1 0.56 0.4834375 0.044444444444444446 0.133125
1 0.5302777777777777 0.48375 0.029444444444444443 0.10375
3 0.8741666666666666 0.5303125 0.25055555555555553 0.236875
3 0.8508333333333333 0.45625 0.2972222222222222 0.18375
3 0.7338888888888889 0.495 0.1388888888888889 0.1175
3 0.6658333333333334 0.4803125 0.18833333333333332 0.115625
3 0.10333333333333333 0.5221875 0.20666666666666667 0.270625
3 0.18444444444444444 0.5003125 0.14 0.103125
3 0.25333333333333335 0.4871875 0.10333333333333333 0.083125
3 0.3025 0.4821875 0.07055555555555555 0.063125
3 0.295 0.4675 0.12666666666666668 0.07375
3 0.5480555555555555 0.471875 0.08388888888888889 0.06875
3 0.42944444444444446 0.485625 0.16777777777777778 0.19375
