1 0.344140625 0.50439453125 0.01640625 0.0693359375
1 0.53671875 0.55810546875 0.0515625 0.1884765625
2 0.413671875 0.6025390625 0.03984375 0.107421875
3 0.03671875 0.61279296875 0.0734375 0.2060546875
3 0.1125 0.6025390625 0.1171875 0.1484375
3 0.17421875 0.56787109375 0.1078125 0.1103515625
3 0.227734375 0.54443359375 0.08828125 0.0888671875
3 0.265234375 0.51513671875 0.08984375 0.0986328125
3 0.32578125 0.50439453125 0.040625 0.0576171875
3 0.35390625 0.490234375 0.0359375 0.0390625
3 0.37578125 0.482421875 0.034375 0.037109375
3 0.389453125 0.47119140625 0.02421875 0.0244140625
3 0.430078125 0.47021484375 0.02890625 0.0244140625
3 0.447265625 0.4580078125 0.01796875 0.01953125
3 0.4640625 0.4580078125 0.0140625 0.015625
3 0.47578125 0.45703125 0.0140625 0.013671875
3 0.48515625 0.455078125 0.0109375 0.013671875
3 0.501171875 0.46826171875 0.02109375 0.0322265625
3 0.503515625 0.4765625 0.02109375 0.041015625
3 0.528125 0.48095703125 0.046875 0.0537109375
3 0.59453125 0.46875 0.0875 0.0234375
3 0.57890625 0.52197265625 0.053125 0.1005859375
3 0.574609375 0.5302734375 0.03671875 0.083984375
3 0.605078125 0.54052734375 0.07265625 0.1220703125
3 0.678515625 0.56494140625 0.16171875 0.1865234375
3 0.693359375 0.45947265625 0.08828125 0.0283203125
3 0.69609375 0.46337890625 0.065625 0.0166015625
3 0.89765625 0.78857421875 0.203125 0.4208984375
3 0.62734375 0.453125 0.028125 0.01171875
3 0.028515625 0.49462890625 0.05703125 0.0595703125
3 0.108984375 0.4951171875 0.06953125 0.041015625
3 0.184765625 0.484375 0.06953125 0.048828125
1 0.4109375 0.54638671875 0.05625 0.1728515625
3 0.7359375 0.60888671875 0.0734375 0.2333984375
