12 0.9111111111111111 0.25125 0.08666666666666667 0.02375
12 0.9147222222222222 0.274375 0.03277777777777778 0.03625
12 0.8094444444444444 0.359375 0.006666666666666667 0.0325
12 0.5630555555555555 0.444375 0.007222222222222222 0.01875
12 0.535 0.4571875 0.005555555555555556 0.008125
12 0.41083333333333333 0.4490625 0.005 0.008125
1 0.41305555555555556 0.4715625 0.0038888888888888888 0.015625
3 0.5288888888888889 0.471875 0.016666666666666666 0.015
3 0.5211111111111111 0.46875 0.011111111111111112 0.01375
3 0.46944444444444444 0.47625 0.01 0.00875
3 0.4463888888888889 0.4728125 0.015 0.014375
3 0.20916666666666667 0.49125 0.12611111111111112 0.07375
