10 0.3352777777777778 0.3809375 0.009444444444444445 0.024375
10 0.4527777777777778 0.4228125 0.006666666666666667 0.019375
10 0.5005555555555555 0.4203125 0.0077777777777777776 0.018125
10 0.5972222222222222 0.4275 0.01 0.02375
12 0.46555555555555556 0.4175 0.012222222222222223 0.01375
12 0.6919444444444445 0.35375 0.03722222222222222 0.05375
1 0.6188888888888889 0.466875 0.011111111111111112 0.0475
1 0.6316666666666667 0.4659375 0.015555555555555555 0.048125
1 0.8397222222222223 0.434375 0.03833333333333333 0.14
1 0.8844444444444445 0.4303125 0.03333333333333333 0.151875
1 0.9180555555555555 0.43375 0.03944444444444444 0.1775
1 0.7686111111111111 0.41 0.02388888888888889 0.03125
1 0.7538888888888889 0.435 0.02 0.0775
1 0.7377777777777778 0.43625 0.01888888888888889 0.075
3 0.495 0.4840625 0.09 0.030625
3 0.3636111111111111 0.485 0.0961111111111111 0.07625
6 0.5758333333333333 0.4803125 0.08166666666666667 0.044375
