12 0.3308333333333333 0.4359375 0.013888888888888888 0.015625
1 0.4988888888888889 0.45875 0.008888888888888889 0.0325
1 0.5158333333333334 0.46375 0.020555555555555556 0.05
1 0.5327777777777778 0.4596875 0.017777777777777778 0.051875
1 0.5430555555555555 0.46 0.010555555555555556 0.04125
1 0.5516666666666666 0.4603125 0.01888888888888889 0.050625
1 0.5611111111111111 0.4578125 0.0077777777777777776 0.028125
1 0.5686111111111111 0.4603125 0.011666666666666667 0.040625
1 0.5802777777777778 0.46 0.007222222222222222 0.03875
1 0.5897222222222223 0.4559375 0.006111111111111111 0.030625
1 0.5941666666666666 0.465 0.010555555555555556 0.05
1 0.6219444444444444 0.4659375 0.03388888888888889 0.123125
1 0.66 0.4665625 0.03111111111111111 0.124375
1 0.6183333333333333 0.470625 0.03888888888888889 0.11875
1 0.6836111111111111 0.4809375 0.06166666666666667 0.233125
1 0.8830555555555556 0.4846875 0.09277777777777778 0.283125
1 0.965 0.48375 0.06888888888888889 0.27375
3 0.4361111111111111 0.461875 0.016666666666666666 0.02
3 0.4013888888888889 0.4615625 0.042777777777777776 0.051875
3 0.38027777777777777 0.475 0.06277777777777778 0.05375
3 0.45916666666666667 0.4659375 0.030555555555555555 0.028125
