10 0.910400390625 0.4534505208333333 0.02490234375 0.07747395833333333
10 0.053466796875 0.4537760416666667 0.02294921875 0.0703125
12 0.90234375 0.5205078125 0.0234375 0.048828125
12 0.0654296875 0.5172526041666666 0.01953125 0.048828125
3 0.754638671875 0.6064453125 0.07177734375 0.07096354166666667
3 0.685302734375 0.5963541666666666 0.05419921875 0.053385416666666664
3 0.65576171875 0.59375 0.015625 0.037760416666666664
3 0.591796875 0.5826822916666666 0.0146484375 0.014322916666666666
3 0.361572265625 0.595703125 0.04736328125 0.06380208333333333
11 0.87646484375 0.6318359375 0.0126953125 0.044921875
3 0.433349609375 0.5735677083333334 0.09619140625 0.14583333333333334
