12 0.5419444444444445 0.38 0.015 0.02375
12 0.49694444444444447 0.401875 0.010555555555555556 0.0175
12 0.36333333333333334 0.4309375 0.008888888888888889 0.011875
12 0.31305555555555553 0.4109375 0.005 0.008125
3 0.051111111111111114 0.5065625 0.10222222222222223 0.205625
3 0.12472222222222222 0.49625 0.11833333333333333 0.11375
3 0.21166666666666667 0.4884375 0.07444444444444444 0.070625
3 0.24861111111111112 0.486875 0.028333333333333332 0.045
3 0.2644444444444444 0.4721875 0.06555555555555556 0.059375
3 0.29555555555555557 0.4725 0.022222222222222223 0.04125
3 0.3016666666666667 0.4671875 0.03777777777777778 0.044375
