12 0.5627777777777778 0.4390625 0.011111111111111112 0.014375
12 0.5341666666666667 0.4434375 0.010555555555555556 0.013125
12 0.37416666666666665 0.445 0.009444444444444445 0.0125
1 0.6269444444444444 0.459375 0.013888888888888888 0.03
1 0.020555555555555556 0.5428125 0.04111111111111111 0.165625
3 0.9569444444444445 0.580625 0.085 0.185
3 0.8661111111111112 0.5184375 0.26666666666666666 0.199375
3 0.7183333333333334 0.5046875 0.12666666666666668 0.111875
3 0.6538888888888889 0.490625 0.08333333333333333 0.0825
3 0.5802777777777778 0.4803125 0.059444444444444446 0.048125
3 0.5513888888888889 0.475625 0.020555555555555556 0.03375
3 0.5388888888888889 0.47375 0.022222222222222223 0.02875
3 0.5325 0.47125 0.03166666666666667 0.03
3 0.5072222222222222 0.464375 0.02 0.0225
3 0.4975 0.4621875 0.009444444444444445 0.018125
3 0.4930555555555556 0.4615625 0.008333333333333333 0.015625
3 0.48777777777777775 0.4584375 0.008888888888888889 0.013125
3 0.47944444444444445 0.4571875 0.0077777777777777776 0.011875
3 0.43444444444444447 0.460625 0.008888888888888889 0.01125
3 0.42583333333333334 0.46125 0.013888888888888888 0.015
3 0.42333333333333334 0.4640625 0.011111111111111112 0.013125
3 0.4147222222222222 0.46625 0.012777777777777779 0.015
3 0.39944444444444444 0.4678125 0.024444444444444446 0.023125
3 0.3663888888888889 0.4759375 0.020555555555555556 0.030625
3 0.3527777777777778 0.4775 0.02666666666666667 0.0325
3 0.3258333333333333 0.4809375 0.050555555555555555 0.040625
3 0.28833333333333333 0.49 0.03666666666666667 0.055
3 0.24694444444444444 0.4909375 0.075 0.069375
3 0.18555555555555556 0.5046875 0.09888888888888889 0.079375
3 0.08416666666666667 0.52375 0.155 0.1125
