10 0.444140625 0.37548828125 0.00703125 0.0224609375
10 0.5578125 0.41748046875 0.00625 0.0185546875
10 0.533203125 0.42333984375 0.00546875 0.0166015625
10 0.569921875 0.43408203125 0.00703125 0.0166015625
10 0.3203125 0.35498046875 0.009375 0.0283203125
10 0.254296875 0.36328125 0.01015625 0.029296875
10 0.207421875 0.39111328125 0.00546875 0.0224609375
10 0.5328125 0.443359375 0.00625 0.009765625
10 0.602734375 0.435546875 0.00703125 0.015625
12 0.45390625 0.37353515625 0.0078125 0.0107421875
12 0.387890625 0.44873046875 0.00859375 0.0126953125
12 0.36328125 0.44775390625 0.0078125 0.0126953125
12 0.340234375 0.4501953125 0.00703125 0.009765625
12 0.307421875 0.3505859375 0.01015625 0.013671875
12 0.17890625 0.48291015625 0.01875 0.0263671875
1 0.14375 0.490234375 0.0109375 0.041015625
1 0.123046875 0.4814453125 0.01015625 0.029296875
1 0.011328125 0.486328125 0.01015625 0.01953125
8 0.27109375 0.4697265625 0.028125 0.046875
3 0.46875 0.4814453125 0.0328125 0.033203125
3 0.401171875 0.462890625 0.02265625 0.013671875
3 0.428125 0.462890625 0.0109375 0.01171875
3 0.1859375 0.59619140625 0.1828125 0.1552734375
