6 0.40944444444444444 0.4434375 0.03333333333333333 0.029375
10 0.6661111111111111 0.3815625 0.005555555555555556 0.005625
10 0.6408333333333334 0.3584375 0.005 0.013125
10 0.5013888888888889 0.373125 0.006111111111111111 0.0175
10 0.5141666666666667 0.44625 0.0038888888888888888 0.01125
10 0.38083333333333336 0.3590625 0.009444444444444445 0.023125
10 0.2891666666666667 0.378125 0.009444444444444445 0.025
10 0.24555555555555555 0.4228125 0.0077777777777777776 0.025625
10 0.22138888888888889 0.433125 0.006111111111111111 0.01625
10 0.22027777777777777 0.4565625 0.005 0.008125
10 0.23333333333333334 0.451875 0.01 0.0075
12 0.9277777777777778 0.2234375 0.035555555555555556 0.099375
12 0.7261111111111112 0.3509375 0.022222222222222223 0.044375
12 0.6452777777777777 0.3790625 0.01611111111111111 0.006875
12 0.5622222222222222 0.429375 0.017777777777777778 0.01
12 0.3858333333333333 0.436875 0.012777777777777779 0.015
12 0.3858333333333333 0.4328125 0.012777777777777779 0.024375
12 0.32805555555555554 0.416875 0.01611111111111111 0.02625
12 0.3288888888888889 0.44125 0.016666666666666666 0.0225
12 0.3302777777777778 0.4684375 0.01611111111111111 0.019375
12 0.3516666666666667 0.350625 0.021111111111111112 0.015
12 0.23777777777777778 0.3871875 0.021111111111111112 0.008125
12 0.18722222222222223 0.4303125 0.006666666666666667 0.014375
12 0.275 0.44375 0.006666666666666667 0.01
2 0.6011111111111112 0.49 0.022222222222222223 0.05625
3 0.5483333333333333 0.455625 0.06444444444444444 0.03125
3 0.49722222222222223 0.4596875 0.022222222222222223 0.021875
3 0.46444444444444444 0.4640625 0.02 0.040625
3 0.43555555555555553 0.4665625 0.05555555555555555 0.054375
3 0.37555555555555553 0.461875 0.06777777777777778 0.0275
3 0.2922222222222222 0.4790625 0.07111111111111111 0.030625
1 0.6008333333333333 0.4740625 0.025 0.076875
