12 0.6747222222222222 0.4209375 0.010555555555555556 0.010625
12 0.6633333333333333 0.4115625 0.006666666666666667 0.008125
12 0.4436111111111111 0.4146875 0.006111111111111111 0.020625
12 0.5722222222222222 0.41 0.0033333333333333335 0.005
12 0.5719444444444445 0.414375 0.002777777777777778 0.00375
12 0.545 0.4284375 0.0033333333333333335 0.005625
12 0.545 0.421875 0.005555555555555556 0.0075
12 0.5441666666666667 0.411875 0.0038888888888888888 0.005
12 0.5594444444444444 0.3875 0.0044444444444444444 0.0025
1 0.5633333333333334 0.39375 0.0033333333333333335 0.00875
1 0.5541666666666667 0.4190625 0.0038888888888888888 0.010625
3 0.3277777777777778 0.4740625 0.09555555555555556 0.065625
3 0.6463888888888889 0.456875 0.06055555555555556 0.06125
3 0.5822222222222222 0.4375 0.01888888888888889 0.015
3 0.5469444444444445 0.4428125 0.035 0.024375
3 0.5638888888888889 0.439375 0.016666666666666666 0.0175
