10 0.30277777777777776 0.42875 0.0077777777777777776 0.01875
10 0.49944444444444447 0.42375 0.005555555555555556 0.01875
10 0.965 0.1790625 0.03777777777777778 0.093125
10 0.9519444444444445 0.2896875 0.05722222222222222 0.051875
12 0.52 0.4278125 0.008888888888888889 0.011875
12 0.5369444444444444 0.4203125 0.013888888888888888 0.016875
12 0.5836111111111111 0.3875 0.025 0.0275
12 0.5836111111111111 0.416875 0.017222222222222222 0.01
12 0.9505555555555556 0.396875 0.01888888888888889 0.03625
12 0.9511111111111111 0.429375 0.012222222222222223 0.02375
1 0.8027777777777778 0.4425 0.02666666666666667 0.06125
1 0.8169444444444445 0.4409375 0.026111111111111113 0.069375
1 0.9811111111111112 0.4653125 0.03666666666666667 0.155625
2 0.029166666666666667 0.5540625 0.058333333333333334 0.123125
3 0.38416666666666666 0.45625 0.03166666666666667 0.025
3 0.46194444444444444 0.4628125 0.03388888888888889 0.026875
3 0.6813888888888889 0.4815625 0.19944444444444445 0.171875
