12 0.627197265625 0.4833984375 0.01708984375 0.018880208333333332
12 0.627197265625 0.49609375 0.00732421875 0.006510416666666667
3 0.048583984375 0.6380208333333334 0.03466796875 0.18619791666666666
3 0.199951171875 0.6005859375 0.14697265625 0.130859375
3 0.07861328125 0.5543619791666666 0.095703125 0.09309895833333333
3 0.268798828125 0.5559895833333334 0.11083984375 0.11979166666666667
3 0.3466796875 0.55078125 0.06640625 0.09244791666666667
3 0.42724609375 0.5621744791666666 0.1298828125 0.10221354166666667
3 0.52978515625 0.5406901041666666 0.02734375 0.029296875
3 0.70166015625 0.57421875 0.12890625 0.15885416666666666
3 0.791015625 0.5543619791666666 0.0498046875 0.06966145833333333
3 0.890380859375 0.6901041666666666 0.15771484375 0.4309895833333333
1 0.271240234375 0.5751953125 0.03271484375 0.115234375
1 0.29931640625 0.5729166666666666 0.0263671875 0.12630208333333334
1 0.583740234375 0.5598958333333334 0.03076171875 0.1328125
1 0.624267578125 0.5904947916666666 0.05029296875 0.16145833333333334
37 0.58984375 0.6194661458333334 0.0107421875 0.013671875
37 0.6181640625 0.66015625 0.0146484375 0.01953125
