10 0.8688888888888889 0.2640625 0.025555555555555557 0.078125
10 0.8572222222222222 0.34375 0.03666666666666667 0.03375
12 0.7361111111111112 0.395 0.011111111111111112 0.0175
1 0.22916666666666666 0.4746875 0.010555555555555556 0.041875
1 0.20527777777777778 0.4784375 0.02388888888888889 0.079375
1 0.1475 0.4696875 0.028333333333333332 0.054375
1 0.07444444444444444 0.4684375 0.023333333333333334 0.056875
1 0.09361111111111112 0.47 0.015 0.05
1 0.10833333333333334 0.470625 0.021111111111111112 0.05375
1 0.19305555555555556 0.479375 0.015 0.0575
1 0.22277777777777777 0.4725 0.01 0.0475
1 0.17277777777777778 0.4865625 0.021111111111111112 0.071875
3 0.4897222222222222 0.4925 0.20166666666666666 0.21125
3 0.6727777777777778 0.4690625 0.08 0.071875
3 0.6261111111111111 0.4671875 0.025555555555555557 0.055625
3 0.6166666666666667 0.46375 0.01888888888888889 0.05
11 0.9875 0.5159375 0.02388888888888889 0.096875
