12 0.7897222222222222 0.38125 0.009444444444444445 0.03375
12 0.6033333333333334 0.40125 0.01 0.0175
12 0.5427777777777778 0.3996875 0.005555555555555556 0.009375
12 0.5263888888888889 0.393125 0.009444444444444445 0.00375
12 0.3411111111111111 0.40875 0.0044444444444444444 0.01125
3 0.8719444444444444 0.548125 0.255 0.27125
3 0.5730555555555555 0.4665625 0.0661111111111111 0.061875
3 0.5447222222222222 0.4509375 0.03944444444444444 0.044375
3 0.5305555555555556 0.4359375 0.035555555555555556 0.035625
3 0.5202777777777777 0.42875 0.02722222222222222 0.03
3 0.5058333333333334 0.4228125 0.015 0.018125
3 0.4961111111111111 0.400625 0.01 0.00875
3 0.49416666666666664 0.39 0.009444444444444445 0.01
3 0.4880555555555556 0.3884375 0.005 0.008125
3 0.47944444444444445 0.38875 0.006666666666666667 0.0075
3 0.47305555555555556 0.38125 0.005 0.005
3 0.43194444444444446 0.4225 0.017222222222222222 0.01875
3 0.2961111111111111 0.4825 0.06111111111111111 0.05875
