10 0.6683333333333333 0.329375 0.01888888888888889 0.0575
10 0.6675 0.3803125 0.015 0.019375
10 0.44333333333333336 0.2534375 0.01888888888888889 0.055625
10 0.2775 0.261875 0.013888888888888888 0.04125
12 0.6808333333333333 0.3659375 0.02722222222222222 0.009375
12 0.6561111111111111 0.275625 0.05444444444444444 0.0275
12 0.5522222222222222 0.40125 0.008888888888888889 0.015
1 0.7952777777777778 0.42625 0.042777777777777776 0.10375
1 0.8644444444444445 0.42 0.04666666666666667 0.10875
1 0.9247222222222222 0.41875 0.03833333333333333 0.10625
8 0.9058333333333334 0.39875 0.18722222222222223 0.14625
3 0.1425 0.46625 0.08166666666666667 0.05125
3 0.975 0.43375 0.04888888888888889 0.06875
3 0.44472222222222224 0.4359375 0.025 0.024375
11 0.5983333333333334 0.4440625 0.008888888888888889 0.018125
