10 0.8011111111111111 0.300625 0.024444444444444446 0.0575
10 0.8091666666666667 0.3603125 0.01611111111111111 0.023125
10 0.5602777777777778 0.319375 0.03166666666666667 0.0725
10 0.5536111111111112 0.37625 0.013888888888888888 0.02375
12 0.8072222222222222 0.33875 0.024444444444444446 0.01875
12 0.8591666666666666 0.346875 0.03611111111111111 0.015
12 0.48583333333333334 0.411875 0.008333333333333333 0.0125
12 0.4855555555555556 0.4 0.006666666666666667 0.00875
12 0.49972222222222223 0.385625 0.013888888888888888 0.01875
12 0.5005555555555555 0.4109375 0.006666666666666667 0.010625
1 0.1575 0.465 0.03277777777777778 0.08625
1 0.19611111111111112 0.4659375 0.034444444444444444 0.083125
1 0.37 0.4653125 0.03 0.081875
1 0.39916666666666667 0.4578125 0.03611111111111111 0.085625
1 0.4533333333333333 0.459375 0.03888888888888889 0.085
1 0.5394444444444444 0.4475 0.024444444444444446 0.06875
1 0.5825 0.456875 0.030555555555555555 0.08875
1 0.6847222222222222 0.4525 0.03833333333333333 0.1025
3 0.17694444444444443 0.4634375 0.07055555555555555 0.050625
3 0.47333333333333333 0.4534375 0.044444444444444446 0.043125
