10 0.51220703125 0.51171875 0.00390625 0.013020833333333334
10 0.541748046875 0.4977213541666667 0.00439453125 0.014973958333333334
10 0.560302734375 0.5094401041666666 0.00439453125 0.013671875
2 0.641845703125 0.5475260416666666 0.01123046875 0.026041666666666668
3 0.074462890625 0.6057942708333334 0.08740234375 0.14127604166666666
3 0.1953125 0.5729166666666666 0.1103515625 0.10286458333333333
3 0.25244140625 0.5491536458333334 0.0888671875 0.10611979166666667
3 0.31103515625 0.5498046875 0.0439453125 0.080078125
3 0.33544921875 0.5498046875 0.025390625 0.059244791666666664
3 0.415771484375 0.5335286458333334 0.03662109375 0.037109375
3 0.440185546875 0.5270182291666666 0.02294921875 0.030598958333333332
3 0.457275390625 0.5276692708333334 0.01416015625 0.024088541666666668
3 0.477294921875 0.5208333333333334 0.01806640625 0.016927083333333332
1 0.642822265625 0.5296223958333334 0.01416015625 0.047526041666666664
