12 0.5891666666666666 0.428125 0.01611111111111111 0.0175
12 0.5891666666666666 0.44125 0.007222222222222222 0.00875
12 0.4177777777777778 0.4428125 0.006666666666666667 0.014375
12 0.31972222222222224 0.4359375 0.011666666666666667 0.015625
12 0.47833333333333333 0.4403125 0.0033333333333333335 0.005625
3 0.8591666666666666 0.516875 0.28055555555555556 0.28875
3 0.7516666666666667 0.448125 0.04888888888888889 0.055
3 0.5636111111111111 0.470625 0.041666666666666664 0.04125
3 0.12666666666666668 0.51875 0.16111111111111112 0.10625
3 0.3283333333333333 0.491875 0.1111111111111111 0.09875
3 0.42083333333333334 0.4715625 0.041666666666666664 0.039375
3 0.44222222222222224 0.4565625 0.017777777777777778 0.016875
3 0.4588888888888889 0.4553125 0.013333333333333334 0.011875
3 0.47444444444444445 0.456875 0.017777777777777778 0.01375
3 0.5083333333333333 0.4475 0.023333333333333334 0.01
