6 0.35833333333333334 0.458125 0.04666666666666667 0.045
10 0.25083333333333335 0.4465625 0.002777777777777778 0.005625
10 0.23444444444444446 0.4459375 0.0022222222222222222 0.005625
10 0.20055555555555554 0.458125 0.0022222222222222222 0.00375
10 0.23027777777777778 0.4409375 0.002777777777777778 0.005625
12 0.6877777777777778 0.4834375 0.012222222222222223 0.020625
12 0.8205555555555556 0.38125 0.013333333333333334 0.02375
12 0.6127777777777778 0.4259375 0.0077777777777777776 0.013125
12 0.6127777777777778 0.4125 0.01 0.0125
12 0.6144444444444445 0.395625 0.014444444444444444 0.02125
12 0.4186111111111111 0.446875 0.008333333333333333 0.00875
12 0.4186111111111111 0.436875 0.008333333333333333 0.01125
12 0.38555555555555554 0.4503125 0.006666666666666667 0.008125
12 0.3852777777777778 0.44125 0.007222222222222222 0.01
12 0.4572222222222222 0.443125 0.008888888888888889 0.01
12 0.4575 0.43125 0.008333333333333333 0.01375
12 0.5091666666666667 0.4371875 0.011666666666666667 0.013125
12 0.5091666666666667 0.423125 0.011666666666666667 0.015
12 0.15916666666666668 0.4559375 0.005 0.003125
12 0.15888888888888889 0.4475 0.0077777777777777776 0.01
12 0.3283333333333333 0.453125 0.0044444444444444444 0.00375
12 0.32805555555555554 0.445625 0.007222222222222222 0.00875
12 0.11333333333333333 0.4509375 0.01 0.013125
3 0.7908333333333334 0.455625 0.05722222222222222 0.02375
3 0.605 0.4946875 0.12666666666666668 0.088125
3 0.4533333333333333 0.523125 0.1622222222222222 0.14125
3 0.25194444444444447 0.4653125 0.010555555555555556 0.008125
3 0.23222222222222222 0.475 0.034444444444444444 0.02875
3 0.09833333333333333 0.4803125 0.04888888888888889 0.043125
3 0.1238888888888889 0.478125 0.01888888888888889 0.0375
3 0.13305555555555557 0.476875 0.015 0.03375
3 0.14194444444444446 0.48 0.013888888888888888 0.025
3 0.14722222222222223 0.478125 0.012222222222222223 0.02375
3 0.1525 0.475 0.012777777777777779 0.0225
3 0.1613888888888889 0.475625 0.013888888888888888 0.02125
3 0.16916666666666666 0.4734375 0.011666666666666667 0.015625
3 0.17972222222222223 0.4696875 0.012777777777777779 0.014375
3 0.185 0.4684375 0.0077777777777777776 0.011875
3 0.9516666666666667 0.451875 0.027777777777777776 0.02625
6 0.8358333333333333 0.4365625 0.049444444444444444 0.036875
