6 0.5053104575163399 0.3134765625 0.46486928104575165 0.626953125
10 0.08047385620915033 0.33935546875 0.008986928104575163 0.0263671875
12 0.08700980392156862 0.349609375 0.013888888888888888 0.015625
3 0.8762254901960784 0.29736328125 0.06290849673202614 0.0263671875
3 0.8619281045751634 0.53125 0.27450980392156865 0.3203125
3 0.042075163398692814 0.3876953125 0.031862745098039214 0.021484375
3 0.2716503267973856 0.41748046875 0.010620915032679739 0.0400390625
3 0.26633986928104575 0.39794921875 0.0196078431372549 0.0556640625
3 0.21609477124183007 0.41943359375 0.10049019607843138 0.1240234375
3 0.13848039215686275 0.44482421875 0.19362745098039216 0.1669921875
3 0.049836601307189546 0.5361328125 0.09967320261437909 0.220703125
3 0.744281045751634 0.42724609375 0.027777777777777776 0.1044921875
