12 0.98125 0.51220703125 0.034375 0.0810546875
12 0.7171875 0.5126953125 0.040625 0.0546875
12 0.482421875 0.53076171875 0.03671875 0.0537109375
12 0.26796875 0.53515625 0.028125 0.041015625
3 0.917578125 0.53466796875 0.12109375 0.0654296875
3 0.0703125 0.54296875 0.109375 0.0546875
3 0.1484375 0.54443359375 0.0484375 0.0322265625
3 0.240625 0.533203125 0.0359375 0.04296875
3 0.196484375 0.54345703125 0.04453125 0.0361328125
3 0.29921875 0.53662109375 0.0375 0.0263671875
3 0.339453125 0.53173828125 0.06484375 0.0341796875
3 0.59765625 0.54296875 0.0828125 0.0625
3 0.52421875 0.5302734375 0.0515625 0.04296875
3 0.448828125 0.53173828125 0.03203125 0.0322265625
3 0.778515625 0.529296875 0.07109375 0.044921875
3 0.826953125 0.51806640625 0.05390625 0.0478515625
