1 0.461181640625 0.5022786458333334 0.01220703125 0.039713541666666664
1 0.436279296875 0.50390625 0.01416015625 0.04296875
1 0.447021484375 0.5003255208333334 0.01123046875 0.041015625
3 0.634765625 0.5530598958333334 0.146484375 0.15299479166666666
3 0.561767578125 0.51953125 0.06103515625 0.09895833333333333
3 0.51513671875 0.5071614583333334 0.01953125 0.040364583333333336
3 0.5478515625 0.5013020833333334 0.052734375 0.07682291666666667
3 0.483154296875 0.505859375 0.02490234375 0.02734375
3 0.41162109375 0.505859375 0.0244140625 0.03515625
3 0.38525390625 0.5022786458333334 0.03515625 0.046223958333333336
3 0.3642578125 0.5006510416666666 0.0244140625 0.0546875
3 0.338623046875 0.50390625 0.05517578125 0.0546875
3 0.29150390625 0.5149739583333334 0.0400390625 0.05859375
3 0.234130859375 0.5133463541666666 0.09716796875 0.083984375
3 0.152099609375 0.5224609375 0.08544921875 0.10872395833333333
3 0.071044921875 0.5325520833333334 0.14208984375 0.13411458333333334
