10 0.6197222222222222 0.333125 0.02388888888888889 0.0325
10 0.10111111111111111 0.3503125 0.013333333333333334 0.018125
10 0.12638888888888888 0.4040625 0.013888888888888888 0.018125
10 0.8255555555555556 0.3296875 0.022222222222222223 0.053125
12 0.7752777777777777 0.3509375 0.01611111111111111 0.016875
12 0.8672222222222222 0.3671875 0.03222222222222222 0.011875
12 0.8233333333333334 0.36125 0.01888888888888889 0.01
1 0.5422222222222223 0.5015625 0.16 0.333125
1 0.6561111111111111 0.53625 0.2011111111111111 0.3775
1 0.5897222222222223 0.5309375 0.23722222222222222 0.425625
1 0.8661111111111112 0.4390625 0.021111111111111112 0.028125
1 0.3497222222222222 0.4571875 0.006111111111111111 0.023125
1 0.3438888888888889 0.456875 0.005555555555555556 0.025
3 0.27666666666666667 0.464375 0.06444444444444444 0.0425
3 0.4625 0.44875 0.041666666666666664 0.04125
3 0.9102777777777777 0.4659375 0.17833333333333334 0.093125
