10 0.9541015625 0.2643229166666667 0.029296875 0.044270833333333336
12 0.781494140625 0.4694010416666667 0.01123046875 0.0234375
12 0.687255859375 0.4811197916666667 0.01416015625 0.02734375
2 0.689697265625 0.6028645833333334 0.03955078125 0.08984375
2 0.820068359375 0.5908203125 0.03271484375 0.11393229166666667
2 0.844482421875 0.6064453125 0.04638671875 0.09309895833333333
2 0.765380859375 0.5625 0.01513671875 0.052083333333333336
3 0.18212890625 0.5159505208333334 0.09375 0.027994791666666668
3 0.29150390625 0.5725911458333334 0.0654296875 0.076171875
3 0.291748046875 0.5361328125 0.06494140625 0.035807291666666664
3 0.161865234375 0.6318359375 0.26220703125 0.21809895833333334
1 0.68994140625 0.5651041666666666 0.0390625 0.140625
