10 0.381640625 0.4326171875 0.01484375 0.029296875
10 0.390234375 0.46240234375 0.01171875 0.0166015625
10 0.445703125 0.443359375 0.01484375 0.033203125
10 0.69375 0.43408203125 0.015625 0.0302734375
10 0.787109375 0.4248046875 0.01484375 0.03515625
10 0.784375 0.45556640625 0.0109375 0.0166015625
10 0.8578125 0.423828125 0.00625 0.025390625
10 0.875 0.41943359375 0.009375 0.0283203125
10 0.87421875 0.4521484375 0.009375 0.015625
1 0.3625 0.494140625 0.0125 0.02734375
3 0.08359375 0.634765625 0.1671875 0.158203125
3 0.553515625 0.4970703125 0.04921875 0.04296875
3 0.528125 0.482421875 0.0265625 0.025390625
3 0.6265625 0.455078125 0.0171875 0.021484375
