10 0.608203125 0.4287109375 0.00546875 0.009765625
10 0.63984375 0.4501953125 0.0078125 0.01171875
10 0.55859375 0.4482421875 0.00625 0.009765625
10 0.502734375 0.455078125 0.00703125 0.01171875
12 0.2328125 0.41748046875 0.03125 0.0400390625
12 0.234375 0.45263671875 0.0203125 0.0146484375
12 0.8390625 0.400390625 0.03125 0.0390625
12 0.839453125 0.4365234375 0.02109375 0.013671875
12 0.880859375 0.42578125 0.02421875 0.037109375
3 0.386328125 0.5322265625 0.09765625 0.0859375
3 0.476953125 0.498046875 0.05234375 0.05859375
3 0.616015625 0.47021484375 0.01640625 0.0146484375
3 0.64296875 0.47900390625 0.0125 0.0205078125
3 0.656640625 0.48095703125 0.02421875 0.0205078125
