12 0.1713888888888889 0.385 0.02722222222222222 0.02125
1 0.99 0.4853125 0.01888888888888889 0.151875
1 0.9613888888888888 0.4878125 0.055 0.146875
1 0.8019444444444445 0.5009375 0.06388888888888888 0.119375
1 0.7488888888888889 0.5 0.044444444444444446 0.11125
1 0.6969444444444445 0.5009375 0.05277777777777778 0.118125
1 0.6547222222222222 0.5 0.055 0.1175
1 0.6155555555555555 0.5003125 0.04777777777777778 0.116875
1 0.5541666666666667 0.4634375 0.013888888888888888 0.050625
1 0.58 0.463125 0.01 0.04375
1 0.5375 0.464375 0.015 0.05
1 0.47444444444444445 0.4640625 0.017777777777777778 0.054375
1 0.42277777777777775 0.474375 0.013333333333333334 0.04
1 0.4125 0.4740625 0.012777777777777779 0.043125
1 0.39944444444444444 0.4665625 0.017777777777777778 0.059375
1 0.38055555555555554 0.4690625 0.016666666666666666 0.053125
1 0.3061111111111111 0.45375 0.011111111111111112 0.0325
1 0.31527777777777777 0.4659375 0.020555555555555556 0.064375
1 0.16305555555555556 0.4828125 0.03944444444444444 0.078125
1 0.18444444444444444 0.4446875 0.017777777777777778 0.028125
1 0.20805555555555555 0.465 0.020555555555555556 0.0675
1 0.03944444444444444 0.4865625 0.024444444444444446 0.080625
1 0.017777777777777778 0.485625 0.024444444444444446 0.0725
1 0.8769444444444444 0.470625 0.03833333333333333 0.0925
2 0.0225 0.520625 0.045 0.0525
