10 0.5052777777777778 0.42125 0.002777777777777778 0.00625
10 0.49027777777777776 0.42125 0.0038888888888888888 0.00625
10 0.4711111111111111 0.419375 0.005555555555555556 0.00875
12 0.18138888888888888 0.438125 0.010555555555555556 0.0125
12 0.31916666666666665 0.4378125 0.012777777777777779 0.014375
12 0.30916666666666665 0.44125 0.006111111111111111 0.0125
12 0.4061111111111111 0.4375 0.0033333333333333335 0.0075
12 0.5144444444444445 0.42625 0.01 0.0025
12 0.49694444444444447 0.4196875 0.0038888888888888888 0.005625
12 0.5991666666666666 0.430625 0.0038888888888888888 0.00625
1 0.32 0.4671875 0.005555555555555556 0.014375
1 0.2980555555555556 0.465625 0.006111111111111111 0.01625
1 0.3136111111111111 0.4671875 0.006111111111111111 0.015625
1 0.4022222222222222 0.451875 0.006666666666666667 0.01375
1 0.6172222222222222 0.4540625 0.005555555555555556 0.015625
1 0.5491666666666667 0.4509375 0.006111111111111111 0.016875
2 0.24638888888888888 0.4821875 0.01611111111111111 0.018125
3 0.48944444444444446 0.4896875 0.1 0.096875
3 0.0675 0.5034375 0.1338888888888889 0.084375
1 0.245 0.474375 0.012222222222222223 0.0225
1 0.41694444444444445 0.4490625 0.006111111111111111 0.013125
