12 0.9372222222222222 0.3884375 0.005555555555555556 0.036875
12 0.3263888888888889 0.4390625 0.005 0.009375
1 0.7291666666666666 0.48125 0.021666666666666667 0.08125
1 0.39194444444444443 0.4628125 0.009444444444444445 0.028125
8 0.48055555555555557 0.44625 0.042222222222222223 0.065
3 0.6077777777777778 0.4759375 0.06666666666666667 0.059375
3 0.5772222222222222 0.47375 0.02 0.04625
3 0.5675 0.4721875 0.02388888888888889 0.039375
3 0.5555555555555556 0.47 0.024444444444444446 0.03625
3 0.5505555555555556 0.4646875 0.035555555555555556 0.034375
3 0.5308333333333334 0.46625 0.01611111111111111 0.02625
3 0.4438888888888889 0.465 0.024444444444444446 0.015
3 0.4147222222222222 0.4646875 0.02277777777777778 0.018125
3 0.11583333333333333 0.5259375 0.23166666666666666 0.174375
