12 0.6794444444444444 0.340625 0.03666666666666667 0.03875
12 0.6805555555555556 0.373125 0.03666666666666667 0.0175
12 0.4116666666666667 0.4671875 0.012222222222222223 0.044375
1 0.8263888888888888 0.45375 0.028333333333333332 0.08875
8 0.395 0.450625 0.034444444444444444 0.04375
8 0.4166666666666667 0.4509375 0.01 0.038125
3 0.9216666666666666 0.4484375 0.09777777777777778 0.043125
3 0.6983333333333334 0.4521875 0.07222222222222222 0.053125
3 0.6302777777777778 0.4615625 0.12611111111111112 0.056875
3 0.3491666666666667 0.46625 0.05388888888888889 0.0525
3 0.45361111111111113 0.45625 0.013888888888888888 0.01375
3 0.4772222222222222 0.4559375 0.0077777777777777776 0.008125
3 0.49694444444444447 0.46 0.030555555555555555 0.02875
3 0.4266666666666667 0.4571875 0.008888888888888889 0.020625
