1 0.775390625 0.48828125 0.03203125 0.064453125
1 0.409765625 0.4619140625 0.01015625 0.041015625
1 0.451171875 0.447265625 0.00390625 0.013671875
2 0.45859375 0.4580078125 0.0078125 0.015625
4 0.519921875 0.47900390625 0.04140625 0.0322265625
3 0.969140625 0.576171875 0.06015625 0.109375
3 0.9234375 0.50048828125 0.1453125 0.1474609375
3 0.687109375 0.54443359375 0.20078125 0.1904296875
3 0.593359375 0.5302734375 0.03984375 0.10546875
3 0.565234375 0.4619140625 0.03046875 0.03515625
3 0.506640625 0.47119140625 0.03671875 0.0361328125
3 0.488671875 0.46630859375 0.01796875 0.0302734375
3 0.5296875 0.453125 0.0375 0.03125
3 0.482421875 0.45849609375 0.01640625 0.0224609375
3 0.46171875 0.4482421875 0.0125 0.013671875
3 0.4359375 0.44775390625 0.0109375 0.0107421875
3 0.391015625 0.45703125 0.01953125 0.025390625
3 0.388671875 0.458984375 0.01328125 0.0234375
3 0.38125 0.4619140625 0.0125 0.029296875
3 0.36484375 0.46142578125 0.0328125 0.0341796875
3 0.36015625 0.4716796875 0.0296875 0.033203125
3 0.348828125 0.4765625 0.02109375 0.0390625
3 0.340625 0.47802734375 0.01875 0.0419921875
3 0.315234375 0.48291015625 0.05078125 0.0576171875
3 0.300390625 0.49365234375 0.04921875 0.0517578125
3 0.276953125 0.51171875 0.03984375 0.068359375
3 0.239453125 0.5205078125 0.07265625 0.0859375
3 0.2109375 0.53955078125 0.096875 0.0947265625
3 0.13125 0.56884765625 0.15 0.1337890625
3 0.132421875 0.48486328125 0.09453125 0.0400390625
1 0.45859375 0.45166015625 0.0078125 0.0205078125
