12 0.295 0.4378125 0.008888888888888889 0.014375
1 0.9836111111111111 0.5446875 0.03166666666666667 0.129375
1 0.9844444444444445 0.4684375 0.03 0.089375
1 0.9238888888888889 0.5084375 0.06555555555555556 0.238125
1 0.8158333333333333 0.5021875 0.07722222222222222 0.226875
3 0.8169444444444445 0.49 0.175 0.1
3 0.9180555555555555 0.4825 0.115 0.09625
3 0.45694444444444443 0.4746875 0.065 0.070625
3 0.4027777777777778 0.4646875 0.011111111111111112 0.013125
3 0.3863888888888889 0.4603125 0.021666666666666667 0.026875
3 0.36527777777777776 0.470625 0.03833333333333333 0.0325
3 0.05277777777777778 0.479375 0.10555555555555556 0.08875
3 0.125 0.4646875 0.06666666666666667 0.040625
3 0.2025 0.4659375 0.059444444444444446 0.023125
3 0.24 0.465625 0.034444444444444444 0.0275
3 0.28055555555555556 0.4528125 0.03333333333333333 0.016875
3 0.7233333333333334 0.4640625 0.052222222222222225 0.013125
3 0.6002777777777778 0.4634375 0.06277777777777778 0.010625
11 0.53 0.4875 0.01 0.02375
