12 0.6002777777777778 0.420625 0.008333333333333333 0.015
12 0.5530555555555555 0.409375 0.012777777777777779 0.01875
12 0.5533333333333333 0.4259375 0.005555555555555556 0.010625
12 0.5258333333333334 0.4340625 0.005 0.008125
12 0.5261111111111111 0.4403125 0.0044444444444444444 0.003125
12 0.5075 0.4290625 0.008333333333333333 0.011875
12 0.49 0.43375 0.011111111111111112 0.0125
12 0.49027777777777776 0.44375 0.006111111111111111 0.00375
12 0.7863888888888889 0.3671875 0.018333333333333333 0.036875
12 0.3016666666666667 0.44 0.01 0.01125
12 0.3013888888888889 0.4503125 0.006111111111111111 0.004375
1 0.6813888888888889 0.4475 0.013888888888888888 0.02
1 0.2752777777777778 0.46875 0.009444444444444445 0.01875
3 0.9136111111111112 0.5625 0.17166666666666666 0.26
3 0.7661111111111111 0.50125 0.2288888888888889 0.17
3 0.6261111111111111 0.48875 0.10111111111111111 0.08375
3 0.57 0.4828125 0.05333333333333334 0.060625
3 0.5436111111111112 0.4775 0.028333333333333332 0.0475
3 0.525 0.475 0.028888888888888888 0.0425
3 0.5094444444444445 0.4725 0.024444444444444446 0.03125
3 0.5011111111111111 0.469375 0.01888888888888889 0.02875
3 0.49 0.46875 0.012222222222222223 0.02375
3 0.46944444444444444 0.4640625 0.015555555555555555 0.013125
3 0.8927777777777778 0.4515625 0.06111111111111111 0.026875
3 0.4533333333333333 0.46625 0.016666666666666666 0.015
3 0.4275 0.4665625 0.035 0.019375
3 0.39 0.4665625 0.014444444444444444 0.013125
3 0.37 0.4665625 0.023333333333333334 0.020625
3 0.035277777777777776 0.495 0.07055555555555555 0.0575
3 0.5327777777777778 0.4759375 0.024444444444444446 0.040625
