12 0.25083333333333335 0.4315625 0.009444444444444445 0.006875
12 0.25055555555555553 0.414375 0.023333333333333334 0.0275
12 0.9861111111111112 0.3134375 0.02666666666666667 0.078125
12 0.10805555555555556 0.4134375 0.018333333333333333 0.005625
12 0.10888888888888888 0.4215625 0.011111111111111112 0.004375
3 0.4172222222222222 0.4684375 0.03333333333333333 0.031875
3 0.4469444444444444 0.4671875 0.017222222222222222 0.015625
3 0.5313888888888889 0.4625 0.020555555555555556 0.02
3 0.5472222222222223 0.4678125 0.025555555555555557 0.023125
3 0.5730555555555555 0.4715625 0.03833333333333333 0.038125
3 0.5861111111111111 0.4784375 0.043333333333333335 0.036875
3 0.2733333333333333 0.46625 0.056666666666666664 0.025
