1 0.601953125 0.63623046875 0.08828125 0.3134765625
2 0.46015625 0.47216796875 0.00625 0.0126953125
2 0.4875 0.47021484375 0.00625 0.0146484375
2 0.38125 0.75439453125 0.0953125 0.2373046875
4 0.09453125 0.52001953125 0.0203125 0.0361328125
3 0.077734375 0.6279296875 0.15546875 0.173828125
3 0.253515625 0.53955078125 0.08828125 0.0830078125
3 0.201953125 0.5234375 0.11640625 0.0625
3 0.313671875 0.51416015625 0.06015625 0.0537109375
3 0.33203125 0.5048828125 0.0421875 0.044921875
3 0.354296875 0.49267578125 0.03515625 0.0380859375
3 0.378125 0.48486328125 0.0140625 0.0263671875
3 0.362890625 0.48046875 0.02109375 0.01953125
3 0.380078125 0.48486328125 0.02734375 0.0380859375
3 0.396875 0.48681640625 0.0109375 0.0244140625
3 0.416796875 0.48828125 0.03515625 0.033203125
3 0.437109375 0.47216796875 0.01953125 0.0205078125
3 0.444921875 0.46826171875 0.02109375 0.0263671875
3 0.469140625 0.466796875 0.01328125 0.017578125
3 0.479296875 0.46484375 0.00703125 0.015625
3 0.4875 0.46337890625 0.009375 0.0146484375
3 0.5 0.46142578125 0.0140625 0.0146484375
3 0.515234375 0.46875 0.01953125 0.015625
3 0.523828125 0.46142578125 0.01484375 0.0107421875
3 0.505078125 0.48876953125 0.01328125 0.0322265625
3 0.533984375 0.50048828125 0.04921875 0.0693359375
3 0.58515625 0.51708984375 0.0875 0.1025390625
3 0.61171875 0.54345703125 0.1078125 0.0986328125
3 0.701171875 0.50244140625 0.14609375 0.0712890625
3 0.71796875 0.458984375 0.04375 0.015625
3 0.8671875 0.48681640625 0.1796875 0.0810546875
3 0.884375 0.49560546875 0.134375 0.0693359375
3 0.738671875 0.6240234375 0.18203125 0.1953125
3 0.861328125 0.697265625 0.27578125 0.326171875
3 0.928515625 0.83251953125 0.14140625 0.3330078125
1 0.384765625 0.66259765625 0.11171875 0.3427734375
1 0.460546875 0.46630859375 0.00546875 0.0205078125
1 0.487890625 0.46142578125 0.00703125 0.0205078125
37 0.606640625 0.7939453125 0.03828125 0.03515625
