10 0.1621732026143791 0.50341796875 0.012254901960784314 0.0458984375
10 0.16299019607843138 0.36767578125 0.018790849673202614 0.0498046875
10 0.15155228758169934 0.462890625 0.015522875816993464 0.025390625
10 0.8517156862745098 0.376953125 0.02369281045751634 0.064453125
10 0.8521241830065359 0.4658203125 0.016339869281045753 0.0234375
10 0.8651960784313726 0.5078125 0.011437908496732025 0.033203125
12 0.16258169934640523 0.421875 0.0392156862745098 0.046875
12 0.8627450980392157 0.431640625 0.03758169934640523 0.04296875
2 0.7242647058823529 0.55078125 0.028594771241830064 0.048828125
3 0.04493464052287582 0.55712890625 0.08986928104575163 0.0771484375
3 0.19730392156862744 0.5341796875 0.05473856209150327 0.041015625
3 0.47058823529411764 0.51611328125 0.014705882352941176 0.0166015625
3 0.4444444444444444 0.517578125 0.014705882352941176 0.015625
