12 0.8869444444444444 0.286875 0.065 0.08625
12 0.8894444444444445 0.3540625 0.03666666666666667 0.045625
12 0.7233333333333334 0.369375 0.015555555555555555 0.02125
12 0.7230555555555556 0.3928125 0.012777777777777779 0.021875
12 0.6066666666666667 0.388125 0.013333333333333334 0.015
12 0.6052777777777778 0.403125 0.008333333333333333 0.01125
12 0.605 0.4159375 0.0077777777777777776 0.011875
12 0.5611111111111111 0.4375 0.0077777777777777776 0.015
12 0.4841666666666667 0.4421875 0.009444444444444445 0.014375
12 0.4672222222222222 0.4284375 0.02 0.011875
12 0.43444444444444447 0.4428125 0.01 0.013125
12 0.3491666666666667 0.444375 0.009444444444444445 0.0125
12 0.29194444444444445 0.445 0.009444444444444445 0.01
3 0.15305555555555556 0.503125 0.30277777777777776 0.275
3 0.5655555555555556 0.4684375 0.06444444444444444 0.045625
