12 0.38555555555555554 0.445625 0.0077777777777777776 0.01125
12 0.7863888888888889 0.3596875 0.008333333333333333 0.035625
1 0.9538888888888889 0.4828125 0.04888888888888889 0.144375
1 0.9105555555555556 0.4815625 0.04111111111111111 0.150625
1 0.8769444444444444 0.48125 0.030555555555555555 0.085
2 0.9836111111111111 0.4840625 0.03166666666666667 0.056875
2 0.8358333333333333 0.49 0.03944444444444444 0.06625
2 0.8705555555555555 0.4909375 0.04555555555555556 0.061875
8 0.5175 0.46 0.042777777777777776 0.0525
3 0.5691666666666667 0.47875 0.07611111111111112 0.07375
3 0.5319444444444444 0.47625 0.020555555555555556 0.05125
3 0.5133333333333333 0.4746875 0.015555555555555555 0.030625
3 0.5202777777777777 0.479375 0.013888888888888888 0.03625
3 0.45805555555555555 0.48 0.06166666666666667 0.05875
3 0.4166666666666667 0.4709375 0.016666666666666666 0.014375
3 0.37555555555555553 0.485 0.03 0.0625
3 0.3258333333333333 0.49375 0.10277777777777777 0.0875
3 0.26666666666666666 0.49625 0.04111111111111111 0.04625
3 0.06333333333333334 0.4915625 0.06777777777777778 0.048125
11 0.12833333333333333 0.5134375 0.015555555555555555 0.043125
