10 0.68994140625 0.4788411458333333 0.0166015625 0.054036458333333336
10 0.26953125 0.4967447916666667 0.0126953125 0.041666666666666664
12 0.27587890625 0.5403645833333334 0.0166015625 0.036458333333333336
1 0.066162109375 0.6116536458333334 0.02587890625 0.11263020833333333
1 0.044921875 0.6009114583333334 0.017578125 0.06640625
1 0.260498046875 0.599609375 0.01611328125 0.07682291666666667
1 0.248291015625 0.5966796875 0.01416015625 0.064453125
1 0.927734375 0.5709635416666666 0.02734375 0.0703125
1 0.9541015625 0.5716145833333334 0.0244140625 0.057291666666666664
3 0.6083984375 0.7786458333333334 0.380859375 0.4088541666666667
3 0.55615234375 0.6067708333333334 0.1083984375 0.10677083333333333
