10 0.4189453125 0.2451171875 0.0205078125 0.06315104166666667
10 0.703125 0.3870442708333333 0.0234375 0.080078125
10 0.705322265625 0.4651692708333333 0.01318359375 0.024088541666666668
10 0.895263671875 0.3421223958333333 0.02978515625 0.08528645833333333
12 0.4755859375 0.2373046875 0.03515625 0.046223958333333336
12 0.69287109375 0.2952473958333333 0.048828125 0.029296875
12 0.700439453125 0.4375 0.03857421875 0.01953125
12 0.938232421875 0.4049479166666667 0.02294921875 0.01953125
1 0.906005859375 0.5540364583333334 0.02783203125 0.10677083333333333
3 0.099853515625 0.5963541666666666 0.11279296875 0.08984375
3 0.193359375 0.5774739583333334 0.0732421875 0.055989583333333336
3 0.27099609375 0.5791015625 0.076171875 0.06705729166666667
3 0.415283203125 0.5556640625 0.04833984375 0.050130208333333336
