10 0.9177777777777778 0.370625 0.01 0.02125
10 0.6613888888888889 0.3253125 0.021666666666666667 0.038125
10 0.6538888888888889 0.3909375 0.011111111111111112 0.019375
10 0.5258333333333334 0.4196875 0.008333333333333333 0.014375
10 0.4708333333333333 0.39875 0.009444444444444445 0.015
10 0.33055555555555555 0.4203125 0.012222222222222223 0.018125
12 0.945 0.3253125 0.03333333333333333 0.035625
12 0.9691666666666666 0.3584375 0.03611111111111111 0.014375
12 0.6633333333333333 0.3696875 0.03777777777777778 0.013125
12 0.6558333333333334 0.433125 0.010555555555555556 0.01625
1 0.08416666666666667 0.4625 0.013888888888888888 0.04125
1 0.09305555555555556 0.46125 0.012777777777777779 0.04125
1 0.10277777777777777 0.4621875 0.012222222222222223 0.034375
1 0.16555555555555557 0.4815625 0.03888888888888889 0.080625
1 0.16361111111111112 0.476875 0.02722222222222222 0.09625
1 0.37083333333333335 0.4709375 0.045 0.086875
1 0.41638888888888886 0.475 0.03277777777777778 0.10125
1 0.4513888888888889 0.4803125 0.03944444444444444 0.086875
1 0.6952777777777778 0.4628125 0.020555555555555556 0.088125
1 0.7125 0.4521875 0.015 0.068125
1 0.7455555555555555 0.465 0.027777777777777776 0.085
1 0.7661111111111111 0.4634375 0.03111111111111111 0.091875
1 0.7913888888888889 0.4715625 0.028333333333333332 0.108125
1 0.8497222222222223 0.464375 0.02722222222222222 0.1025
1 0.8836111111111111 0.4571875 0.030555555555555555 0.115625
1 0.005 0.484375 0.01 0.075
2 0.04888888888888889 0.4834375 0.03888888888888889 0.043125
2 0.07388888888888889 0.4821875 0.04555555555555556 0.039375
2 0.09833333333333333 0.4809375 0.04555555555555556 0.039375
2 0.11027777777777778 0.480625 0.03166666666666667 0.035
3 0.32861111111111113 0.4696875 0.06166666666666667 0.061875
3 0.2544444444444444 0.4753125 0.08777777777777777 0.064375
