10 0.27805555555555556 0.2646875 0.015 0.039375
10 0.44555555555555554 0.251875 0.01888888888888889 0.0475
10 0.6669444444444445 0.3340625 0.015 0.049375
10 0.6672222222222223 0.3815625 0.011111111111111112 0.018125
12 0.5536111111111112 0.4015625 0.009444444444444445 0.014375
12 0.68 0.3653125 0.025555555555555557 0.009375
12 0.6569444444444444 0.2759375 0.055 0.025625
1 0.8977777777777778 0.4228125 0.03777777777777778 0.104375
1 0.9336111111111111 0.4228125 0.03166666666666667 0.101875
1 0.7305555555555555 0.433125 0.025555555555555557 0.09
8 0.8902777777777777 0.4025 0.21833333333333332 0.145
8 0.23916666666666667 0.44875 0.019444444444444445 0.02
3 0.14222222222222222 0.4671875 0.07666666666666666 0.049375
3 0.4666666666666667 0.4378125 0.012222222222222223 0.011875
11 0.5975 0.4446875 0.010555555555555556 0.024375
10 0.8686111111111111 0.283125 0.011666666666666667 0.035
