3 0.888427734375 0.6334635416666666 0.16162109375 0.16796875
3 0.93115234375 0.6725260416666666 0.076171875 0.2109375
10 0.800537109375 0.3798828125 0.02197265625 0.055338541666666664
10 0.610595703125 0.3470052083333333 0.01220703125 0.040364583333333336
10 0.72314453125 0.435546875 0.0146484375 0.044270833333333336
10 0.42138671875 0.4296875 0.015625 0.041666666666666664
3 0.595458984375 0.5305989583333334 0.03662109375 0.045572916666666664
3 0.672119140625 0.5403645833333334 0.03759765625 0.040364583333333336
1 0.192138671875 0.5260416666666666 0.02001953125 0.08723958333333333
1 0.22412109375 0.529296875 0.0166015625 0.07942708333333333
