12 0.2713888888888889 0.39 0.011666666666666667 0.02125
12 0.43555555555555553 0.4759375 0.0044444444444444444 0.010625
12 0.43555555555555553 0.4671875 0.0044444444444444444 0.006875
12 0.6258333333333334 0.474375 0.005 0.0075
3 0.12555555555555556 0.534375 0.2511111111111111 0.2325
3 0.9119444444444444 0.4915625 0.175 0.183125
3 0.8183333333333334 0.495 0.03111111111111111 0.03375
3 0.5788888888888889 0.4978125 0.028888888888888888 0.021875
3 0.5547222222222222 0.5034375 0.010555555555555556 0.006875
3 0.49472222222222223 0.4940625 0.035 0.023125
3 0.4572222222222222 0.4984375 0.03222222222222222 0.015625
