10 0.7263888888888889 0.3478125 0.008333333333333333 0.018125
10 0.7238888888888889 0.271875 0.03222222222222222 0.065
10 0.255 0.4296875 0.005555555555555556 0.006875
10 0.42277777777777775 0.36375 0.024444444444444446 0.025
10 0.42583333333333334 0.3234375 0.025 0.029375
12 0.73 0.319375 0.035555555555555556 0.025
12 0.7916666666666666 0.3303125 0.044444444444444446 0.019375
12 0.7725 0.264375 0.015 0.0125
12 0.41833333333333333 0.4165625 0.011111111111111112 0.018125
12 0.3547222222222222 0.3978125 0.006111111111111111 0.010625
12 0.3552777777777778 0.41 0.009444444444444445 0.0125
12 0.3686111111111111 0.4090625 0.008333333333333333 0.011875
12 0.36833333333333335 0.3821875 0.016666666666666666 0.021875
12 0.2588888888888889 0.4221875 0.012222222222222223 0.005625
1 0.19972222222222222 0.448125 0.006111111111111111 0.0175
1 0.5347222222222222 0.4671875 0.04722222222222222 0.164375
1 0.5780555555555555 0.4628125 0.04833333333333333 0.134375
1 0.5891666666666666 0.4725 0.06166666666666667 0.16625
1 0.6186111111111111 0.4625 0.03833333333333333 0.15125
1 0.7469444444444444 0.46875 0.04388888888888889 0.1375
1 0.9088888888888889 0.503125 0.09777777777777778 0.31875
1 0.9688888888888889 0.4915625 0.06111111111111111 0.305625
3 0.021388888888888888 0.4590625 0.042777777777777776 0.056875
3 0.14694444444444443 0.455625 0.02388888888888889 0.0275
3 0.17555555555555555 0.45125 0.04888888888888889 0.035
3 0.2608333333333333 0.44875 0.03611111111111111 0.03375
3 0.33555555555555555 0.4559375 0.044444444444444446 0.045625
3 0.8791666666666667 0.4778125 0.16944444444444445 0.110625
11 0.4061111111111111 0.465625 0.015555555555555555 0.04125
