10 0.40305555555555556 0.3740625 0.01611111111111111 0.021875
10 0.35777777777777775 0.4378125 0.0077777777777777776 0.028125
10 0.46944444444444444 0.3934375 0.011111111111111112 0.016875
10 0.5133333333333333 0.395625 0.006666666666666667 0.01625
10 0.5838888888888889 0.4340625 0.005555555555555556 0.016875
10 0.6038888888888889 0.4215625 0.005555555555555556 0.018125
12 0.2966666666666667 0.4421875 0.013333333333333334 0.011875
12 0.3236111111111111 0.40625 0.041666666666666664 0.00875
12 0.38416666666666666 0.3740625 0.008333333333333333 0.013125
12 0.48944444444444446 0.3909375 0.011111111111111112 0.014375
12 0.5394444444444444 0.4128125 0.028888888888888888 0.006875
12 0.6677777777777778 0.4 0.025555555555555557 0.01875
12 0.8594444444444445 0.348125 0.023333333333333334 0.0175
12 0.8544444444444445 0.3184375 0.022222222222222223 0.040625
1 0.17916666666666667 0.488125 0.013888888888888888 0.03625
1 0.1925 0.483125 0.015 0.0475
1 0.2722222222222222 0.4865625 0.008888888888888889 0.029375
1 0.265 0.4840625 0.011111111111111112 0.030625
1 0.25527777777777777 0.4815625 0.009444444444444445 0.033125
1 0.6791666666666667 0.4609375 0.010555555555555556 0.031875
1 0.735 0.4528125 0.014444444444444444 0.035625
1 0.7486111111111111 0.44875 0.018333333333333333 0.04
1 0.7727777777777778 0.4471875 0.017777777777777778 0.039375
1 0.8072222222222222 0.4478125 0.013333333333333334 0.033125
1 0.6411111111111111 0.4675 0.008888888888888889 0.025
8 0.47888888888888886 0.4628125 0.07666666666666666 0.073125
3 0.3836111111111111 0.4803125 0.03611111111111111 0.034375
3 0.425 0.48375 0.027777777777777776 0.02375
3 0.5372222222222223 0.4771875 0.02 0.036875
3 0.5897222222222223 0.4915625 0.10388888888888889 0.095625
3 0.6769444444444445 0.45875 0.07833333333333334 0.04375
