10 0.5002777777777778 0.395625 0.006111111111111111 0.0075
10 0.4652777777777778 0.3953125 0.006111111111111111 0.008125
10 0.4502777777777778 0.3946875 0.007222222222222222 0.008125
10 0.4036111111111111 0.4021875 0.008333333333333333 0.009375
10 0.5027777777777778 0.425625 0.0022222222222222222 0.00625
10 0.4811111111111111 0.425 0.0022222222222222222 0.00625
10 0.47194444444444444 0.4225 0.002777777777777778 0.00625
12 0.7219444444444445 0.39875 0.011666666666666667 0.02
12 0.6244444444444445 0.42375 0.006666666666666667 0.01125
12 0.615 0.424375 0.01 0.0125
12 0.5669444444444445 0.435625 0.007222222222222222 0.01125
12 0.5119444444444444 0.3959375 0.006111111111111111 0.009375
12 0.4752777777777778 0.3965625 0.005 0.008125
12 0.43722222222222223 0.39625 0.005555555555555556 0.0075
12 0.3908333333333333 0.4053125 0.005 0.009375
3 0.7277777777777777 0.4825 0.14888888888888888 0.11375
3 0.6008333333333333 0.4634375 0.06944444444444445 0.048125
3 0.5166666666666667 0.4615625 0.044444444444444446 0.046875
3 0.4875 0.458125 0.013888888888888888 0.01625
3 0.4502777777777778 0.4575 0.005 0.00875
3 0.44555555555555554 0.4584375 0.0077777777777777776 0.009375
3 0.43666666666666665 0.46 0.014444444444444444 0.01125
3 0.42527777777777775 0.4596875 0.013888888888888888 0.013125
3 0.4097222222222222 0.4609375 0.017222222222222222 0.015625
3 0.3997222222222222 0.461875 0.008333333333333333 0.01125
3 0.3863888888888889 0.4634375 0.009444444444444445 0.013125
3 0.3725 0.4653125 0.02388888888888889 0.024375
3 0.3211111111111111 0.471875 0.03666666666666667 0.0275
3 0.2722222222222222 0.4634375 0.023333333333333334 0.014375
3 0.24222222222222223 0.4646875 0.02 0.013125
3 0.17944444444444443 0.474375 0.05444444444444444 0.055
3 0.13111111111111112 0.483125 0.0811111111111111 0.0625
3 0.4775 0.453125 0.011666666666666667 0.00875
3 0.46166666666666667 0.45375 0.02 0.0225
