10 0.12581699346405228 0.07470703125 0.05065359477124183 0.1494140625
10 0.17401960784313725 0.12109375 0.0392156862745098 0.091796875
10 0.6662581699346405 0.36962890625 0.010620915032679739 0.0126953125
10 0.6711601307189542 0.3828125 0.008986928104575163 0.013671875
10 0.10253267973856209 0.4208984375 0.025326797385620915 0.05859375
12 0.6670751633986928 0.416015625 0.013888888888888888 0.0234375
12 0.5081699346405228 0.44921875 0.042483660130718956 0.037109375
12 0.3508986928104575 0.43603515625 0.013888888888888888 0.0302734375
12 0.119281045751634 0.185546875 0.05718954248366013 0.060546875
1 0.03758169934640523 0.47900390625 0.07516339869281045 0.2705078125
1 0.39419934640522875 0.4033203125 0.005718954248366013 0.0234375
8 0.4632352941176471 0.4033203125 0.026143790849673203 0.037109375
4 0.37254901960784315 0.5048828125 0.10784313725490197 0.134765625
3 0.8754084967320261 0.53125 0.24754901960784315 0.29296875
1 0.3619281045751634 0.46923828125 0.06372549019607843 0.1591796875
79 0.7777777777777778 0.42333984375 0.1454248366013072 0.0810546875
