10 0.3605555555555556 0.43375 0.0033333333333333335 0.00625
10 0.3263888888888889 0.4178125 0.002777777777777778 0.008125
10 0.30333333333333334 0.4171875 0.0022222222222222222 0.008125
10 0.2997222222222222 0.411875 0.002777777777777778 0.00875
12 0.7466666666666667 0.235625 0.03888888888888889 0.0125
12 0.7480555555555556 0.264375 0.042777777777777776 0.045
12 0.5108333333333334 0.3975 0.019444444444444445 0.01125
12 0.51 0.365 0.03222222222222222 0.0375
12 0.49527777777777776 0.419375 0.007222222222222222 0.0075
12 0.43916666666666665 0.4153125 0.017222222222222222 0.021875
12 0.24694444444444444 0.4678125 0.012777777777777779 0.041875
12 0.3086111111111111 0.416875 0.0038888888888888888 0.005
1 0.665 0.4434375 0.014444444444444444 0.045625
1 0.6775 0.4446875 0.012777777777777779 0.041875
1 0.9327777777777778 0.435 0.021111111111111112 0.07875
1 0.8288888888888889 0.4415625 0.022222222222222223 0.075625
1 0.5936111111111111 0.44 0.009444444444444445 0.0225
2 0.9488888888888889 0.435 0.017777777777777778 0.02375
3 0.7227777777777777 0.429375 0.023333333333333334 0.00875
3 0.3675 0.4590625 0.021666666666666667 0.025625
3 0.38416666666666666 0.46 0.021666666666666667 0.02875
3 0.4077777777777778 0.4640625 0.043333333333333335 0.039375
3 0.3436111111111111 0.461875 0.028333333333333332 0.045
3 0.2125 0.464375 0.010555555555555556 0.01875
3 0.19166666666666668 0.4690625 0.017777777777777778 0.021875
3 0.16833333333333333 0.4696875 0.035555555555555556 0.033125
3 0.24555555555555555 0.4615625 0.02 0.023125
3 0.3063888888888889 0.4771875 0.09055555555555556 0.076875
3 0.06777777777777778 0.4846875 0.08777777777777777 0.059375
3 0.20027777777777778 0.4678125 0.010555555555555556 0.019375
3 0.2036111111111111 0.4653125 0.018333333333333333 0.021875
1 0.9469444444444445 0.4259375 0.013888888888888888 0.039375
