1 0.3952777777777778 0.47875 0.03166666666666667 0.0775
1 0.5352777777777777 0.486875 0.04388888888888889 0.1175
8 0.4766666666666667 0.4546875 0.023333333333333334 0.025625
3 0.019444444444444445 0.475 0.022222222222222223 0.0425
3 0.035833333333333335 0.466875 0.050555555555555555 0.04875
3 0.09388888888888888 0.4753125 0.06777777777777778 0.048125
3 0.13972222222222222 0.471875 0.04833333333333333 0.03625
3 0.4488888888888889 0.465625 0.011111111111111112 0.01
3 0.5008333333333334 0.459375 0.04611111111111111 0.0275
11 0.1386111111111111 0.4859375 0.010555555555555556 0.021875
