12 0.7444444444444445 0.4321875 0.02666666666666667 0.014375
12 0.35138888888888886 0.4496875 0.017222222222222222 0.019375
12 0.7116666666666667 0.4365625 0.0077777777777777776 0.010625
12 0.7111111111111111 0.43 0.0044444444444444444 0.0025
3 0.8627777777777778 0.4446875 0.023333333333333334 0.023125
3 0.9916666666666667 0.5015625 0.015555555555555555 0.104375
3 0.44333333333333336 0.461875 0.017777777777777778 0.015
3 0.5036111111111111 0.48 0.11166666666666666 0.10875
3 0.5555555555555556 0.4678125 0.016666666666666666 0.033125
3 0.5591666666666667 0.46 0.02722222222222222 0.03
3 0.5877777777777777 0.459375 0.02 0.01875
3 0.6225 0.4578125 0.03277777777777778 0.035625
3 0.6452777777777777 0.4509375 0.012777777777777779 0.010625
3 0.6547222222222222 0.444375 0.009444444444444445 0.01
3 0.6647222222222222 0.4546875 0.019444444444444445 0.018125
3 0.68 0.4515625 0.013333333333333334 0.013125
3 0.6947222222222222 0.448125 0.013888888888888888 0.0125
3 0.8294444444444444 0.443125 0.023333333333333334 0.01625
