1 0.405078125 0.47802734375 0.00390625 0.0205078125
1 0.398046875 0.4814453125 0.00546875 0.025390625
1 0.421484375 0.46484375 0.00390625 0.015625
1 0.431640625 0.46484375 0.00234375 0.013671875
1 0.197265625 0.5810546875 0.04609375 0.197265625
2 0.469140625 0.47998046875 0.00703125 0.0185546875
4 0.6265625 0.54736328125 0.10625 0.0869140625
3 0.055078125 0.62890625 0.11015625 0.21875
3 0.16640625 0.5703125 0.121875 0.119140625
3 0.233203125 0.5498046875 0.05703125 0.087890625
3 0.279296875 0.5244140625 0.07109375 0.0703125
3 0.313671875 0.51123046875 0.03203125 0.0517578125
3 0.316015625 0.5 0.05546875 0.05859375
3 0.346875 0.498046875 0.01875 0.0390625
3 0.351171875 0.49267578125 0.03046875 0.0419921875
3 0.365234375 0.48681640625 0.02578125 0.0341796875
3 0.376171875 0.48095703125 0.02421875 0.0322265625
3 0.391015625 0.47705078125 0.01484375 0.0283203125
3 0.40859375 0.47021484375 0.0125 0.0166015625
3 0.415625 0.46826171875 0.009375 0.0146484375
3 0.44453125 0.4609375 0.0125 0.013671875
3 0.46171875 0.4599609375 0.0140625 0.015625
3 0.47265625 0.4658203125 0.015625 0.017578125
3 0.487109375 0.45947265625 0.00859375 0.0126953125
3 0.51015625 0.48876953125 0.0328125 0.0361328125
3 0.536328125 0.50537109375 0.05234375 0.0556640625
3 0.575 0.52197265625 0.0796875 0.0732421875
3 0.909375 0.52099609375 0.1796875 0.0966796875
3 0.669140625 0.49609375 0.05703125 0.0625
3 0.707421875 0.50830078125 0.08984375 0.0693359375
3 0.808984375 0.482421875 0.07890625 0.033203125
3 0.756640625 0.48193359375 0.02890625 0.0224609375
3 0.6046875 0.48095703125 0.040625 0.0458984375
3 0.58984375 0.47314453125 0.04375 0.0283203125
3 0.57109375 0.47119140625 0.03125 0.0244140625
3 0.55234375 0.4658203125 0.034375 0.025390625
3 0.548046875 0.45263671875 0.04609375 0.0224609375
3 0.538671875 0.46630859375 0.02734375 0.0224609375
3 0.42734375 0.4580078125 0.0109375 0.01171875
1 0.469140625 0.4697265625 0.00703125 0.021484375
