10 0.326416015625 0.53515625 0.01220703125 0.018229166666666668
10 0.402099609375 0.548828125 0.00927734375 0.013020833333333334
10 0.54638671875 0.5501302083333334 0.005859375 0.0078125
10 0.572265625 0.5390625 0.0107421875 0.014322916666666666
10 0.916015625 0.3512369791666667 0.025390625 0.041015625
12 0.591796875 0.5390625 0.0126953125 0.016927083333333332
12 0.60693359375 0.5305989583333334 0.0166015625 0.020833333333333332
12 0.900390625 0.5569661458333334 0.021484375 0.042317708333333336
12 0.900634765625 0.5930989583333334 0.01416015625 0.024739583333333332
1 0.860107421875 0.5719401041666666 0.01513671875 0.07877604166666667
1 0.715087890625 0.607421875 0.03076171875 0.1328125
1 0.040283203125 0.576171875 0.01806640625 0.06640625
1 0.0732421875 0.59765625 0.0234375 0.10677083333333333
1 0.689697265625 0.5686848958333334 0.01318359375 0.030598958333333332
2 0.607177734375 0.6207682291666666 0.02099609375 0.046223958333333336
2 0.792724609375 0.6471354166666666 0.06103515625 0.08463541666666667
2 0.091552734375 0.6181640625 0.06689453125 0.048828125
3 0.499755859375 0.6097005208333334 0.07861328125 0.08919270833333333
1 0.607177734375 0.6018880208333334 0.02001953125 0.076171875
