10 0.908447265625 0.3938802083333333 0.02197265625 0.06770833333333333
10 0.512939453125 0.5335286458333334 0.00927734375 0.020182291666666668
10 0.67822265625 0.529296875 0.0087890625 0.01953125
10 0.657958984375 0.5494791666666666 0.00732421875 0.016927083333333332
10 0.569580078125 0.55078125 0.00634765625 0.014322916666666666
12 0.51611328125 0.5533854166666666 0.0078125 0.015625
12 0.67724609375 0.5494791666666666 0.0078125 0.016927083333333332
12 0.838134765625 0.5061848958333334 0.01220703125 0.025390625
1 0.260498046875 0.5908203125 0.01708984375 0.060546875
1 0.14501953125 0.5699869791666666 0.01953125 0.030598958333333332
1 0.193603515625 0.5706380208333334 0.01806640625 0.031901041666666664
1 0.1748046875 0.5709635416666666 0.0185546875 0.03125
3 0.132568359375 0.6647135416666666 0.20263671875 0.16666666666666666
3 0.738037109375 0.6178385416666666 0.12158203125 0.12630208333333334
3 0.6298828125 0.5725911458333334 0.0126953125 0.018880208333333332
11 0.957275390625 0.6686197916666666 0.02294921875 0.09765625
