12 0.03361111111111111 0.396875 0.01611111111111111 0.03125
12 0.8338888888888889 0.32375 0.02666666666666667 0.0425
1 0.04083333333333333 0.485 0.03388888888888889 0.07375
1 0.06666666666666667 0.476875 0.027777777777777776 0.09375
3 0.385 0.4490625 0.04111111111111111 0.036875
3 0.5402777777777777 0.438125 0.01611111111111111 0.02125
3 0.5391666666666667 0.43375 0.020555555555555556 0.02125
3 0.5575 0.4425 0.03277777777777778 0.03125
3 0.7261111111111112 0.493125 0.1111111111111111 0.11125
3 0.8697222222222222 0.509375 0.2594444444444444 0.205
11 0.43 0.4396875 0.0033333333333333335 0.008125
