12 0.7111111111111111 0.460625 0.0077777777777777776 0.0125
12 0.7158333333333333 0.4078125 0.011666666666666667 0.006875
12 0.7161111111111111 0.4228125 0.017777777777777778 0.023125
12 0.6713888888888889 0.435 0.026111111111111113 0.03
12 0.08361111111111111 0.4703125 0.002777777777777778 0.008125
12 0.24 0.449375 0.0077777777777777776 0.0125
12 0.24194444444444443 0.4425 0.009444444444444445 0.01375
12 0.2608333333333333 0.4496875 0.006111111111111111 0.010625
12 0.8525 0.4490625 0.007222222222222222 0.006875
12 0.8447222222222223 0.445625 0.008333333333333333 0.0175
12 0.4766666666666667 0.4378125 0.01888888888888889 0.006875
8 0.5427777777777778 0.455625 0.017777777777777778 0.02375
8 0.5552777777777778 0.4553125 0.007222222222222222 0.016875
8 0.4975 0.4534375 0.015 0.009375
3 0.02 0.468125 0.04 0.04125
3 0.19972222222222222 0.465 0.04388888888888889 0.0225
3 0.9861111111111112 0.4621875 0.02666666666666667 0.036875
3 0.7272222222222222 0.465 0.044444444444444446 0.02625
3 0.4986111111111111 0.4615625 0.011666666666666667 0.010625
3 0.5163888888888889 0.4625 0.013888888888888888 0.01125
3 0.6122222222222222 0.4640625 0.01888888888888889 0.014375
3 0.5894444444444444 0.4625 0.014444444444444444 0.0125
3 0.5636111111111111 0.4603125 0.007222222222222222 0.005625
3 0.5763888888888888 0.4584375 0.005 0.004375
3 0.5797222222222222 0.4575 0.002777777777777778 0.00375
