12 0.514453125 0.4404296875 0.00390625 0.001953125
12 0.5140625 0.43408203125 0.0078125 0.0107421875
12 0.513671875 0.42578125 0.00859375 0.00390625
1 0.587109375 0.55224609375 0.04140625 0.1689453125
2 0.49921875 0.6181640625 0.0484375 0.1171875
3 0.98046875 0.54052734375 0.0375 0.1865234375
3 0.67109375 0.56787109375 0.1734375 0.1630859375
3 0.549609375 0.5009765625 0.05078125 0.05078125
3 0.535546875 0.48046875 0.04765625 0.0390625
3 0.511328125 0.47216796875 0.02578125 0.0263671875
3 0.503125 0.4658203125 0.03125 0.03125
3 0.4828125 0.46630859375 0.0171875 0.0146484375
3 0.47109375 0.466796875 0.009375 0.01171875
3 0.462109375 0.46875 0.01171875 0.013671875
3 0.45078125 0.46875 0.015625 0.015625
3 0.426953125 0.46240234375 0.01953125 0.0087890625
3 0.3921875 0.46484375 0.0171875 0.0078125
3 0.387109375 0.47216796875 0.01171875 0.0166015625
3 0.378515625 0.4833984375 0.02421875 0.033203125
3 0.35546875 0.48779296875 0.0359375 0.0400390625
3 0.3421875 0.498046875 0.0421875 0.0390625
3 0.348828125 0.49365234375 0.03671875 0.0361328125
3 0.30703125 0.51318359375 0.04375 0.0556640625
3 0.28828125 0.52099609375 0.059375 0.0615234375
3 0.25 0.54150390625 0.06875 0.0791015625
3 0.225390625 0.5546875 0.06640625 0.08984375
3 0.157421875 0.5673828125 0.11640625 0.130859375
3 0.225390625 0.49609375 0.06171875 0.03515625
3 0.08046875 0.61328125 0.14375 0.14453125
3 0.041015625 0.6513671875 0.08203125 0.1640625
3 0.4109375 0.49169921875 0.0515625 0.0556640625
3 0.373828125 0.46240234375 0.01484375 0.0087890625
3 0.626953125 0.47509765625 0.04296875 0.0478515625
3 0.68671875 0.4521484375 0.0328125 0.029296875
3 0.7078125 0.478515625 0.040625 0.0390625
1 0.507421875 0.56640625 0.04921875 0.16796875
