10 0.15583333333333332 0.3684375 0.019444444444444445 0.046875
10 0.17722222222222223 0.4078125 0.011111111111111112 0.015625
10 0.6338888888888888 0.3434375 0.021111111111111112 0.029375
10 0.6283333333333333 0.3934375 0.01 0.016875
10 0.9175 0.2159375 0.06055555555555556 0.071875
12 0.9202777777777778 0.0615625 0.03611111111111111 0.118125
12 0.9733333333333334 0.1384375 0.052222222222222225 0.071875
12 0.5891666666666666 0.3953125 0.012777777777777779 0.019375
12 0.5902777777777778 0.418125 0.007222222222222222 0.00875
12 0.5772222222222222 0.4071875 0.005555555555555556 0.009375
12 0.5780555555555555 0.4175 0.007222222222222222 0.01125
1 0.3863888888888889 0.45375 0.007222222222222222 0.01875
1 0.38055555555555554 0.454375 0.006666666666666667 0.02625
1 0.37444444444444447 0.45625 0.0077777777777777776 0.025
1 0.6319444444444444 0.450625 0.015 0.0675
1 0.8891666666666667 0.4784375 0.055 0.273125
1 0.85 0.4740625 0.06555555555555556 0.304375
3 0.46416666666666667 0.4465625 0.059444444444444446 0.055625
3 0.31333333333333335 0.465 0.057777777777777775 0.045
3 0.5652777777777778 0.45625 0.03833333333333333 0.03625
3 0.9569444444444445 0.4559375 0.085 0.073125
3 0.5111111111111111 0.4484375 0.015555555555555555 0.015625
11 0.6225 0.4615625 0.009444444444444445 0.025625
