12 0.8577777777777778 0.3990625 0.013333333333333334 0.049375
1 0.8141666666666667 0.44 0.03833333333333333 0.03625
1 0.3883333333333333 0.4928125 0.04111111111111111 0.114375
1 0.43833333333333335 0.4875 0.04555555555555556 0.11625
1 0.42083333333333334 0.4875 0.026111111111111113 0.1175
1 0.18 0.480625 0.034444444444444444 0.105
1 0.18583333333333332 0.471875 0.026111111111111113 0.11375
2 0.6033333333333334 0.485625 0.09 0.065
8 0.22444444444444445 0.4621875 0.04555555555555556 0.044375
3 0.9152777777777777 0.5121875 0.16833333333333333 0.225625
3 0.8177777777777778 0.530625 0.19555555555555557 0.15625
3 0.034444444444444444 0.4696875 0.06888888888888889 0.055625
3 0.03277777777777778 0.4546875 0.06555555555555556 0.038125
3 0.07555555555555556 0.4690625 0.03666666666666667 0.041875
