12 0.61953125 0.4375 0.0125 0.01171875
12 0.522265625 0.4482421875 0.00703125 0.01171875
12 0.3828125 0.443359375 0.0078125 0.01171875
12 0.173046875 0.42431640625 0.03359375 0.0107421875
1 0.68359375 0.50537109375 0.0234375 0.0751953125
1 0.35625 0.474609375 0.00625 0.01953125
1 0.358203125 0.47412109375 0.00390625 0.0205078125
1 0.33203125 0.49658203125 0.0171875 0.0634765625
1 0.280859375 0.5009765625 0.01796875 0.05859375
1 0.266796875 0.501953125 0.01484375 0.05859375
1 0.251953125 0.50244140625 0.01796875 0.0556640625
1 0.44140625 0.46923828125 0.0046875 0.0146484375
1 0.43671875 0.470703125 0.0046875 0.015625
3 0.968359375 0.7158203125 0.06171875 0.22265625
3 0.909765625 0.54248046875 0.17890625 0.1025390625
3 0.491015625 0.46630859375 0.00859375 0.0126953125
3 0.487109375 0.46728515625 0.00546875 0.0087890625
3 0.482421875 0.4677734375 0.00546875 0.0078125
3 0.49765625 0.46875 0.0109375 0.015625
3 0.503515625 0.47216796875 0.01015625 0.0205078125
3 0.509765625 0.47265625 0.01328125 0.01953125
3 0.5234375 0.47607421875 0.0234375 0.0244140625
3 0.541015625 0.484375 0.02265625 0.033203125
3 0.548828125 0.48779296875 0.01484375 0.0361328125
3 0.570703125 0.49462890625 0.04140625 0.0498046875
3 0.57890625 0.49853515625 0.0390625 0.0478515625
3 0.61484375 0.513671875 0.06875 0.068359375
3 0.38984375 0.482421875 0.05625 0.0390625
3 0.470703125 0.4755859375 0.02421875 0.0234375
37 0.33203125 0.52783203125 0.0046875 0.0029296875
6 0.446484375 0.46630859375 0.01640625 0.0146484375
