10 0.82109375 0.341796875 0.0125 0.03125
10 0.707421875 0.3037109375 0.01015625 0.025390625
10 0.7765625 0.29150390625 0.009375 0.0263671875
10 0.567578125 0.2666015625 0.01328125 0.033203125
10 0.654296875 0.255859375 0.01328125 0.03125
10 0.42265625 0.2861328125 0.009375 0.02734375
10 0.56328125 0.34912109375 0.0078125 0.0205078125
10 0.576953125 0.34912109375 0.00859375 0.0205078125
10 0.572265625 0.3701171875 0.00546875 0.0078125
10 0.43515625 0.35400390625 0.0109375 0.0263671875
10 0.4859375 0.35400390625 0.0078125 0.0205078125
12 0.72734375 0.29345703125 0.0125 0.0166015625
12 0.627734375 0.2509765625 0.01796875 0.0234375
12 0.489453125 0.314453125 0.03515625 0.015625
12 0.453515625 0.32958984375 0.02109375 0.0107421875
12 0.8078125 0.39208984375 0.015625 0.0146484375
12 0.8078125 0.37744140625 0.0171875 0.0185546875
12 0.2015625 0.42431640625 0.009375 0.0224609375
12 0.121875 0.42626953125 0.0296875 0.0439453125
12 0.350390625 0.3935546875 0.00703125 0.013671875
3 0.68125 0.435546875 0.0515625 0.044921875
3 0.70234375 0.42529296875 0.040625 0.0439453125
3 0.7796875 0.39892578125 0.0546875 0.0361328125
3 0.839453125 0.39013671875 0.03828125 0.0283203125
3 0.862890625 0.38818359375 0.01484375 0.0224609375
3 0.723828125 0.39501953125 0.04140625 0.0283203125
3 0.75078125 0.3857421875 0.03125 0.029296875
