10 0.7477777777777778 0.4265625 0.013333333333333334 0.009375
10 0.7133333333333334 0.4084375 0.011111111111111112 0.018125
10 0.5722222222222222 0.4140625 0.0077777777777777776 0.021875
10 0.2897222222222222 0.4178125 0.008333333333333333 0.023125
10 0.02 0.3959375 0.011111111111111112 0.026875
12 0.7288888888888889 0.4053125 0.006666666666666667 0.018125
12 0.7155555555555555 0.378125 0.011111111111111112 0.01125
12 0.7216666666666667 0.3659375 0.025555555555555557 0.051875
12 0.1852777777777778 0.37375 0.02277777777777778 0.045
12 0.0125 0.429375 0.008333333333333333 0.0325
12 0.5708333333333333 0.4346875 0.011666666666666667 0.019375
12 0.29388888888888887 0.4384375 0.013333333333333334 0.018125
1 0.9233333333333333 0.4728125 0.03333333333333333 0.086875
1 0.8691666666666666 0.4621875 0.02277777777777778 0.064375
1 0.8444444444444444 0.4621875 0.035555555555555556 0.068125
1 0.7863888888888889 0.468125 0.017222222222222222 0.02875
1 0.7658333333333334 0.455 0.015 0.02125
1 0.7494444444444445 0.475625 0.015555555555555555 0.05375
1 0.7208333333333333 0.4684375 0.012777777777777779 0.041875
1 0.7013888888888888 0.47 0.013888888888888888 0.05
1 0.6913888888888889 0.46625 0.015 0.04875
1 0.6786111111111112 0.4715625 0.019444444444444445 0.046875
1 0.6305555555555555 0.4653125 0.008888888888888889 0.036875
1 0.6197222222222222 0.4640625 0.011666666666666667 0.031875
1 0.6055555555555555 0.46625 0.012222222222222223 0.03125
1 0.5944444444444444 0.47625 0.023333333333333334 0.02125
1 0.26916666666666667 0.4734375 0.012777777777777779 0.041875
1 0.26055555555555554 0.4684375 0.01 0.036875
1 0.24444444444444444 0.46875 0.011111111111111112 0.0325
1 0.2363888888888889 0.473125 0.011666666666666667 0.04125
1 0.22194444444444444 0.4734375 0.013888888888888888 0.046875
1 0.20444444444444446 0.4740625 0.016666666666666666 0.041875
1 0.04388888888888889 0.465 0.02666666666666667 0.035
3 0.3363888888888889 0.48125 0.09833333333333333 0.08375
3 0.4041666666666667 0.4653125 0.055 0.059375
3 0.435 0.4684375 0.021111111111111112 0.035625
3 0.4961111111111111 0.4778125 0.09555555555555556 0.093125
