10 0.8991013071895425 0.31591796875 0.031862745098039214 0.0986328125
10 0.8937908496732027 0.4580078125 0.00980392156862745 0.01171875
10 0.13031045751633988 0.38427734375 0.02042483660130719 0.0263671875
10 0.12540849673202614 0.43017578125 0.015522875816993464 0.0166015625
10 0.5633169934640523 0.0234375 0.031862745098039214 0.046875
10 0.2986111111111111 0.4111328125 0.004084967320261438 0.005859375
12 0.3333333333333333 0.45068359375 0.011437908496732025 0.0166015625
12 0.5102124183006536 0.44091796875 0.008986928104575163 0.0146484375
12 0.15318627450980393 0.37548828125 0.02042483660130719 0.0263671875
12 0.1548202614379085 0.40185546875 0.02042483660130719 0.0263671875
12 0.1556372549019608 0.4248046875 0.02369281045751634 0.01953125
12 0.2107843137254902 0.41650390625 0.024509803921568627 0.0302734375
12 0.8611111111111112 0.4189453125 0.013071895424836602 0.015625
12 0.6678921568627451 0.3935546875 0.005718954248366013 0.005859375
12 0.2900326797385621 0.421875 0.004901960784313725 0.005859375
12 0.2986111111111111 0.4189453125 0.007352941176470588 0.0078125
12 0.03758169934640523 0.38134765625 0.05392156862745098 0.0732421875
1 0.8284313725490197 0.5029296875 0.0392156862745098 0.123046875
1 0.795751633986928 0.509765625 0.021241830065359478 0.095703125
1 0.7324346405228758 0.47509765625 0.02369281045751634 0.0791015625
1 0.7107843137254902 0.4658203125 0.02287581699346405 0.07421875
4 0.8651960784313726 0.791015625 0.2679738562091503 0.416015625
4 0.7222222222222222 0.42041015625 0.016339869281045753 0.0166015625
3 0.9072712418300654 0.578125 0.18382352941176472 0.21484375
3 0.5898692810457516 0.65234375 0.31862745098039214 0.318359375
3 0.369281045751634 0.490234375 0.08660130718954248 0.072265625
3 0.5322712418300654 0.4287109375 0.02369281045751634 0.01953125
3 0.29125816993464054 0.4521484375 0.05473856209150327 0.03125
3 0.23897058823529413 0.45068359375 0.05310457516339869 0.0361328125
1 0.8394607843137255 0.70849609375 0.2704248366013072 0.4931640625
1 0.5383986928104575 0.47607421875 0.042483660130718956 0.0537109375
