12 0.35944444444444446 0.4340625 0.017777777777777778 0.026875
12 0.6436111111111111 0.3846875 0.03166666666666667 0.034375
12 0.6444444444444445 0.4065625 0.01888888888888889 0.006875
12 0.5844444444444444 0.4275 0.017777777777777778 0.0075
12 0.5894444444444444 0.4396875 0.006666666666666667 0.010625
1 0.08944444444444444 0.53125 0.07222222222222222 0.25
3 0.37694444444444447 0.4846875 0.045 0.026875
3 0.4575 0.4765625 0.045 0.036875
3 0.5544444444444444 0.4775 0.03777777777777778 0.02625
3 0.7241666666666666 0.4915625 0.17277777777777778 0.165625
3 0.8669444444444444 0.526875 0.265 0.30125
3 0.18944444444444444 0.5084375 0.13444444444444445 0.118125
