10 0.32312091503267976 0.337890625 0.010620915032679739 0.017578125
10 0.3709150326797386 0.2998046875 0.014705882352941176 0.05078125
10 0.39501633986928103 0.30419921875 0.015522875816993464 0.0458984375
10 0.20261437908496732 0.15869140625 0.05392156862745098 0.1376953125
10 0.9918300653594772 0.30615234375 0.014705882352941176 0.0810546875
10 0.7732843137254902 0.37841796875 0.005718954248366013 0.0146484375
10 0.1576797385620915 0.19970703125 0.03594771241830065 0.0498046875
10 0.9750816993464052 0.33251953125 0.02369281045751634 0.0283203125
12 0.1968954248366013 0.2861328125 0.05065359477124183 0.078125
1 0.01511437908496732 0.46728515625 0.03022875816993464 0.2958984375
1 0.03390522875816993 0.462890625 0.056372549019607844 0.3046875
1 0.2749183006535948 0.39306640625 0.02369281045751634 0.0830078125
1 0.29125816993464054 0.3974609375 0.02369281045751634 0.080078125
1 0.3055555555555556 0.39208984375 0.0196078431372549 0.0908203125
1 0.7798202614379085 0.41259765625 0.005718954248366013 0.0185546875
1 0.7879901960784313 0.41943359375 0.007352941176470588 0.0322265625
1 0.8333333333333334 0.431640625 0.013071895424836602 0.0390625
1 0.8439542483660131 0.431640625 0.011437908496732025 0.041015625
1 0.8651960784313726 0.43505859375 0.00980392156862745 0.0380859375
1 0.8717320261437909 0.435546875 0.008169934640522876 0.0390625
1 0.880718954248366 0.43603515625 0.011437908496732025 0.0380859375
1 0.8888888888888888 0.4375 0.00980392156862745 0.03515625
2 0.9644607843137255 0.47119140625 0.06290849673202614 0.0517578125
2 0.37745098039215685 0.40625 0.05392156862745098 0.041015625
2 0.2577614379084967 0.39013671875 0.028594771241830064 0.0341796875
8 0.5649509803921569 0.38818359375 0.03839869281045752 0.0576171875
3 0.4366830065359477 0.3896484375 0.06290849673202614 0.029296875
3 0.4963235294117647 0.39453125 0.035130718954248366 0.02734375
3 0.5183823529411765 0.3916015625 0.018790849673202614 0.021484375
1 0.9566993464052288 0.44921875 0.02287581699346405 0.064453125
1 0.3762254901960784 0.39208984375 0.02369281045751634 0.0576171875
