10 0.48570261437908496 0.427734375 0.0024509803921568627 0.009765625
10 0.5118464052287581 0.46533203125 0.0024509803921568627 0.0107421875
10 0.44689542483660133 0.435546875 0.0032679738562091504 0.0078125
12 0.5004084967320261 0.46337890625 0.013888888888888888 0.0126953125
12 0.5392156862745098 0.46240234375 0.016339869281045753 0.0048828125
12 0.5310457516339869 0.46875 0.00980392156862745 0.009765625
1 0.22140522875816993 0.48828125 0.014705882352941176 0.046875
8 0.44281045751633985 0.46923828125 0.014705882352941176 0.0185546875
8 0.46895424836601307 0.46826171875 0.021241830065359478 0.0146484375
4 0.431781045751634 0.486328125 0.007352941176470588 0.01171875
4 0.2949346405228758 0.48291015625 0.00980392156862745 0.0166015625
3 0.2716503267973856 0.49658203125 0.08741830065359477 0.0400390625
3 0.3562091503267974 0.48681640625 0.026143790849673203 0.0283203125
3 0.39052287581699346 0.48583984375 0.029411764705882353 0.0283203125
3 0.37459150326797386 0.48388671875 0.025326797385620915 0.0283203125
3 0.443218954248366 0.48193359375 0.012254901960784314 0.0107421875
3 0.4701797385620915 0.48876953125 0.03022875816993464 0.0263671875
1 0.431781045751634 0.48193359375 0.007352941176470588 0.0146484375
