12 0.2852777777777778 0.4159375 0.006111111111111111 0.011875
12 0.2852777777777778 0.4 0.012777777777777779 0.02
12 0.3175 0.4246875 0.011666666666666667 0.008125
12 0.31722222222222224 0.41125 0.016666666666666666 0.01875
12 0.4075 0.453125 0.005 0.005
12 0.5258333333333334 0.414375 0.013888888888888888 0.00625
12 0.5397222222222222 0.4121875 0.013888888888888888 0.019375
12 0.5619444444444445 0.411875 0.007222222222222222 0.0125
12 0.49805555555555553 0.445 0.007222222222222222 0.01
12 0.4986111111111111 0.4528125 0.002777777777777778 0.005625
1 0.5141666666666667 0.45 0.012777777777777779 0.015
3 0.01888888888888889 0.5296875 0.03777777777777778 0.109375
3 0.36083333333333334 0.4553125 0.06833333333333333 0.076875
3 0.4477777777777778 0.46375 0.06444444444444444 0.025
3 0.4091666666666667 0.46875 0.015 0.015
3 0.48444444444444446 0.465625 0.01888888888888889 0.02
3 0.5088888888888888 0.4709375 0.021111111111111112 0.038125
3 0.5447222222222222 0.464375 0.06833333333333333 0.07125
3 0.5688888888888889 0.47375 0.06777777777777778 0.0775
3 0.5911111111111111 0.4840625 0.07444444444444444 0.086875
3 0.6769444444444445 0.4875 0.16833333333333333 0.1425
3 0.8247222222222222 0.5409375 0.29944444444444446 0.178125
3 0.9622222222222222 0.6334375 0.07444444444444444 0.236875
11 0.2925 0.4715625 0.005 0.014375
