10 0.455078125 0.4111328125 0.00390625 0.01171875
10 0.39140625 0.40380859375 0.0046875 0.0146484375
10 0.4375 0.4091796875 0.003125 0.0078125
10 0.4625 0.41552734375 0.003125 0.0087890625
12 0.50703125 0.431640625 0.0046875 0.005859375
12 0.31953125 0.4814453125 0.0109375 0.015625
12 0.305859375 0.43359375 0.01640625 0.005859375
12 0.425 0.45556640625 0.0046875 0.0068359375
12 0.4796875 0.42041015625 0.0125 0.0048828125
12 0.584765625 0.43701171875 0.03359375 0.0283203125
12 0.4875 0.43701171875 0.0046875 0.0048828125
12 0.487890625 0.44140625 0.00234375 0.00390625
12 0.562109375 0.439453125 0.01171875 0.01953125
12 0.549609375 0.44140625 0.00546875 0.013671875
12 0.5359375 0.43359375 0.015625 0.017578125
1 0.669921875 0.45458984375 0.01640625 0.0595703125
1 0.6390625 0.46044921875 0.009375 0.0322265625
3 0.45703125 0.43310546875 0.009375 0.0068359375
3 0.44453125 0.453125 0.0109375 0.01171875
3 0.38046875 0.46728515625 0.015625 0.0126953125
3 0.319140625 0.486328125 0.02734375 0.02734375
3 0.01015625 0.53955078125 0.0203125 0.0576171875
