10 0.09272875816993464 0.4580078125 0.008986928104575163 0.01171875
10 0.0959967320261438 0.50634765625 0.007352941176470588 0.0107421875
10 0.7291666666666666 0.47265625 0.004084967320261438 0.025390625
10 0.8717320261437909 0.515625 0.008169934640522876 0.01171875
10 0.9946895424836601 0.33642578125 0.008986928104575163 0.0986328125
10 0.9934640522875817 0.564453125 0.011437908496732025 0.021484375
12 0.21568627450980393 0.4462890625 0.021241830065359478 0.03515625
12 0.21609477124183007 0.4677734375 0.01715686274509804 0.0078125
12 0.6356209150326797 0.53857421875 0.00980392156862745 0.0126953125
12 0.6875 0.46630859375 0.02042483660130719 0.0205078125
12 0.6862745098039216 0.48583984375 0.0196078431372549 0.0205078125
12 0.6858660130718954 0.5068359375 0.018790849673202614 0.021484375
12 0.37173202614379086 0.474609375 0.0196078431372549 0.0234375
1 0.6156045751633987 0.5458984375 0.018790849673202614 0.064453125
3 0.47263071895424835 0.5146484375 0.018790849673202614 0.015625
3 0.4877450980392157 0.51220703125 0.011437908496732025 0.0087890625
