12 0.1775 0.3146875 0.021666666666666667 0.036875
12 0.3497222222222222 0.396875 0.010555555555555556 0.0175
12 0.6530555555555555 0.46625 0.005 0.0075
12 0.4772222222222222 0.4671875 0.0044444444444444444 0.009375
12 0.4772222222222222 0.45875 0.0044444444444444444 0.0075
8 0.8780555555555556 0.4528125 0.2427777777777778 0.291875
3 0.14305555555555555 0.535625 0.2861111111111111 0.23625
3 0.30916666666666665 0.4946875 0.12055555555555555 0.134375
3 0.6111111111111112 0.4859375 0.025555555555555557 0.018125
3 0.5341666666666667 0.4846875 0.025 0.018125
3 0.4955555555555556 0.48875 0.017777777777777778 0.00875
3 0.5022222222222222 0.486875 0.022222222222222223 0.0125
11 0.4563888888888889 0.489375 0.0038888888888888888 0.005
