12 0.64140625 0.43212890625 0.01875 0.0283203125
12 0.76171875 0.40576171875 0.0171875 0.0322265625
1 0.734375 0.49365234375 0.01875 0.0517578125
1 0.723828125 0.486328125 0.01015625 0.044921875
1 0.387890625 0.48828125 0.01171875 0.033203125
2 0.52265625 0.509765625 0.0078125 0.025390625
2 0.53515625 0.5048828125 0.00625 0.0234375
2 0.699609375 0.49609375 0.04140625 0.037109375
2 0.693359375 0.4970703125 0.03828125 0.033203125
3 0.829296875 0.63037109375 0.22109375 0.1923828125
3 0.722265625 0.58251953125 0.11328125 0.1318359375
3 0.580859375 0.4970703125 0.05390625 0.064453125
3 0.4734375 0.4873046875 0.0359375 0.037109375
3 0.4171875 0.49267578125 0.0359375 0.0380859375
1 0.521875 0.49462890625 0.0125 0.0458984375
1 0.534375 0.49072265625 0.0109375 0.0439453125
11 0.266796875 0.5234375 0.01328125 0.029296875
