12 0.9805555555555555 0.4365625 0.03777777777777778 0.073125
12 0.9269444444444445 0.4453125 0.050555555555555555 0.048125
12 0.6969444444444445 0.399375 0.011666666666666667 0.02125
12 0.5972222222222222 0.481875 0.015555555555555555 0.025
12 0.5213888888888889 0.4803125 0.005 0.013125
12 0.36444444444444446 0.450625 0.03222222222222222 0.035
12 0.22722222222222221 0.4146875 0.011111111111111112 0.021875
12 0.1238888888888889 0.300625 0.034444444444444444 0.02125
12 0.12055555555555555 0.3484375 0.03111111111111111 0.048125
1 0.7861111111111111 0.45125 0.02 0.0425
1 0.48083333333333333 0.4728125 0.009444444444444445 0.034375
8 0.5719444444444445 0.445 0.09833333333333333 0.11625
8 0.3972222222222222 0.4671875 0.03333333333333333 0.043125
3 0.6366666666666667 0.48 0.10666666666666667 0.08875
3 0.5766666666666667 0.4740625 0.06444444444444444 0.071875
3 0.5227777777777778 0.4759375 0.016666666666666666 0.035625
3 0.49972222222222223 0.4759375 0.03611111111111111 0.036875
3 0.4866666666666667 0.4603125 0.025555555555555557 0.021875
3 0.4513888888888889 0.4753125 0.05611111111111111 0.050625
3 0.4177777777777778 0.4759375 0.008888888888888889 0.018125
3 0.3902777777777778 0.47625 0.013888888888888888 0.03
3 0.3786111111111111 0.476875 0.020555555555555556 0.035
3 0.3591666666666667 0.47625 0.02722222222222222 0.04625
3 0.3422222222222222 0.475625 0.025555555555555557 0.055
3 0.3030555555555556 0.47875 0.07722222222222222 0.06625
