10 0.042222222222222223 0.4246875 0.008888888888888889 0.024375
10 0.05527777777777778 0.4240625 0.008333333333333333 0.020625
10 0.043055555555555555 0.4565625 0.006111111111111111 0.011875
10 0.41833333333333333 0.44875 0.0022222222222222222 0.005
10 0.45666666666666667 0.4175 0.005555555555555556 0.00625
10 0.48083333333333333 0.4175 0.006111111111111111 0.00625
10 0.49666666666666665 0.3109375 0.011111111111111112 0.031875
10 0.6452777777777777 0.3928125 0.007222222222222222 0.023125
10 0.6480555555555556 0.4221875 0.007222222222222222 0.013125
10 0.7605555555555555 0.3859375 0.006666666666666667 0.021875
12 0.06888888888888889 0.4615625 0.008888888888888889 0.013125
12 0.5911111111111111 0.4228125 0.023333333333333334 0.025625
12 0.48833333333333334 0.4175 0.0044444444444444444 0.00625
12 0.7611111111111111 0.3234375 0.028888888888888888 0.063125
12 0.7975 0.3728125 0.018333333333333333 0.031875
1 0.6619444444444444 0.4621875 0.015 0.046875
1 0.6872222222222222 0.4525 0.01 0.03875
1 0.9227777777777778 0.4303125 0.011111111111111112 0.036875
3 0.23083333333333333 0.4853125 0.0661111111111111 0.054375
3 0.3125 0.473125 0.04055555555555555 0.03
3 0.3433333333333333 0.474375 0.03666666666666667 0.0325
3 0.37583333333333335 0.469375 0.02277777777777778 0.02
3 0.4025 0.4665625 0.021666666666666667 0.020625
3 0.4166666666666667 0.46375 0.01 0.01
3 0.4247222222222222 0.461875 0.009444444444444445 0.00875
3 0.45611111111111113 0.463125 0.015555555555555555 0.02
3 0.4841666666666667 0.46875 0.04611111111111111 0.04625
3 0.5275 0.463125 0.015 0.0225
3 0.5436111111111112 0.4659375 0.029444444444444443 0.029375
3 0.6577777777777778 0.46 0.03777777777777778 0.02875
3 0.7455555555555555 0.45125 0.03111111111111111 0.02875
3 0.8502777777777778 0.4403125 0.045 0.029375
3 0.9369444444444445 0.4309375 0.017222222222222222 0.034375
11 0.5986111111111111 0.4725 0.008333333333333333 0.02125
