10 0.9005555555555556 0.135625 0.03666666666666667 0.11125
10 0.8855555555555555 0.26625 0.04 0.04375
12 0.17777777777777778 0.3984375 0.0044444444444444444 0.008125
12 0.17805555555555555 0.3871875 0.010555555555555556 0.013125
12 0.5733333333333334 0.3703125 0.01 0.016875
12 0.8991666666666667 0.2346875 0.06277777777777778 0.025625
1 0.5486111111111112 0.42875 0.009444444444444445 0.0325
3 0.07111111111111111 0.431875 0.1 0.045
3 0.3055555555555556 0.4 0.021111111111111112 0.02
3 0.26861111111111113 0.3915625 0.020555555555555556 0.011875
