10 0.111328125 0.2783203125 0.00859375 0.029296875
10 0.16171875 0.2958984375 0.009375 0.03515625
10 0.183203125 0.20751953125 0.01953125 0.0810546875
10 0.4015625 0.3818359375 0.0171875 0.0234375
10 0.71171875 0.30419921875 0.0171875 0.0615234375
10 0.778125 0.341796875 0.0140625 0.046875
10 0.77890625 0.3955078125 0.009375 0.013671875
10 0.398828125 0.41552734375 0.00703125 0.0126953125
12 0.97421875 0.1630859375 0.05 0.224609375
12 0.991796875 0.30029296875 0.01484375 0.0439453125
1 0.80625 0.43603515625 0.0125 0.0478515625
1 0.819140625 0.43896484375 0.01328125 0.0439453125
3 0.611328125 0.44091796875 0.04609375 0.0439453125
3 0.670703125 0.42919921875 0.01796875 0.0185546875
