10 0.415283203125 0.24934895833333334 0.02294921875 0.078125
10 0.707763671875 0.3899739583333333 0.02978515625 0.0859375
10 0.71142578125 0.4694010416666667 0.013671875 0.0234375
10 0.90673828125 0.3522135416666667 0.03125 0.09244791666666667
12 0.4755859375 0.23893229166666666 0.0361328125 0.048177083333333336
12 0.697509765625 0.2975260416666667 0.05126953125 0.03125
12 0.706298828125 0.4427083333333333 0.04150390625 0.01953125
12 0.951416015625 0.40625 0.02197265625 0.024739583333333332
1 0.821533203125 0.5602213541666666 0.03466796875 0.138671875
1 0.865234375 0.5628255208333334 0.0234375 0.11263020833333333
3 0.090576171875 0.6070963541666666 0.11865234375 0.091796875
3 0.2509765625 0.5944010416666666 0.08203125 0.06901041666666667
3 0.181884765625 0.5934244791666666 0.05517578125 0.056640625
3 0.364501953125 0.5755208333333334 0.09130859375 0.0703125
