1 0.5297222222222222 0.4403125 0.013888888888888888 0.045625
1 0.5502777777777778 0.4453125 0.013888888888888888 0.044375
1 0.5691666666666667 0.4421875 0.018333333333333333 0.051875
1 0.5780555555555555 0.4409375 0.015 0.051875
1 0.5875 0.4396875 0.013888888888888888 0.053125
1 0.6111111111111112 0.44 0.015555555555555555 0.05
1 0.5988888888888889 0.4359375 0.011111111111111112 0.036875
1 0.7608333333333334 0.445 0.026111111111111113 0.1125
1 0.7780555555555555 0.4640625 0.030555555555555555 0.106875
1 0.8258333333333333 0.4815625 0.008333333333333333 0.075625
1 0.8119444444444445 0.44875 0.0661111111111111 0.19125
1 0.08472222222222223 0.47375 0.051666666666666666 0.18125
3 0.44666666666666666 0.449375 0.017777777777777778 0.02375
3 0.4255555555555556 0.4475 0.03222222222222222 0.0325
3 0.4747222222222222 0.44625 0.03722222222222222 0.035
