3 0.9188888888888889 0.5403125 0.16111111111111112 0.210625
3 0.7883333333333333 0.4884375 0.1988888888888889 0.149375
3 0.6897222222222222 0.493125 0.05611111111111111 0.08375
3 0.6258333333333334 0.479375 0.06388888888888888 0.055
3 0.5972222222222222 0.4771875 0.027777777777777776 0.050625
3 0.5808333333333333 0.4734375 0.029444444444444443 0.036875
3 0.5744444444444444 0.4671875 0.04111111111111111 0.041875
3 0.5483333333333333 0.4678125 0.022222222222222223 0.025625
3 0.5358333333333334 0.4665625 0.012777777777777779 0.021875
3 0.53 0.4646875 0.014444444444444444 0.021875
3 0.5152777777777777 0.461875 0.018333333333333333 0.015
3 0.4288888888888889 0.4690625 0.013333333333333334 0.018125
3 0.41194444444444445 0.4684375 0.025 0.025625
3 0.4075 0.4725 0.02277777777777778 0.0225
3 0.37805555555555553 0.47125 0.04833333333333333 0.0425
3 0.3566666666666667 0.48125 0.035555555555555556 0.04125
3 0.3347222222222222 0.4846875 0.03722222222222222 0.044375
3 0.2961111111111111 0.4909375 0.07333333333333333 0.058125
3 0.20166666666666666 0.50625 0.12555555555555556 0.0875
3 0.07222222222222222 0.53375 0.14444444444444443 0.14375
