6 0.57 0.4465625 0.052222222222222225 0.075625
10 0.3927777777777778 0.4359375 0.0044444444444444444 0.011875
10 0.38416666666666666 0.43375 0.005 0.01375
12 0.6805555555555556 0.3921875 0.03 0.015625
12 0.6255555555555555 0.4315625 0.0077777777777777776 0.010625
2 0.6755555555555556 0.5134375 0.04 0.084375
3 0.09222222222222222 0.5321875 0.18444444444444444 0.124375
3 0.06472222222222222 0.468125 0.08166666666666667 0.0525
3 0.14305555555555555 0.471875 0.095 0.05375
3 0.29944444444444446 0.4815625 0.09888888888888889 0.084375
3 0.355 0.48125 0.03111111111111111 0.04125
3 0.38972222222222225 0.480625 0.04722222222222222 0.06
3 0.625 0.466875 0.06111111111111111 0.06
3 0.4786111111111111 0.4984375 0.18722222222222223 0.199375
3 0.6411111111111111 0.47625 0.03888888888888889 0.05625
3 0.6927777777777778 0.473125 0.08666666666666667 0.07625
3 0.7352777777777778 0.4875 0.09722222222222222 0.08875
3 0.7977777777777778 0.503125 0.11888888888888889 0.115
3 0.8994444444444445 0.4984375 0.2 0.213125
3 0.9736111111111111 0.5678125 0.051666666666666666 0.139375
1 0.6783333333333333 0.4765625 0.04888888888888889 0.110625
