12 0.17555555555555555 0.425 0.024444444444444446 0.01125
12 0.17722222222222223 0.4146875 0.023333333333333334 0.008125
12 0.7302777777777778 0.3403125 0.042777777777777776 0.016875
12 0.7341666666666666 0.37 0.03611111111111111 0.04125
12 0.9855555555555555 0.3446875 0.027777777777777776 0.013125
12 0.9844444444444445 0.3165625 0.03 0.044375
1 0.23583333333333334 0.4625 0.025 0.0575
1 0.2902777777777778 0.4925 0.020555555555555556 0.0725
1 0.2897222222222222 0.4834375 0.03277777777777778 0.090625
1 0.6777777777777778 0.46625 0.023333333333333334 0.06625
1 0.6955555555555556 0.473125 0.01888888888888889 0.07
1 0.7286111111111111 0.4590625 0.020555555555555556 0.078125
1 0.8058333333333333 0.451875 0.018333333333333333 0.065
1 0.8494444444444444 0.44875 0.03222222222222222 0.05375
1 0.9133333333333333 0.433125 0.014444444444444444 0.035
1 0.9036111111111111 0.4346875 0.010555555555555556 0.025625
1 0.9297222222222222 0.4321875 0.025 0.036875
3 0.05388888888888889 0.53625 0.10777777777777778 0.16375
3 0.135 0.5178125 0.12333333333333334 0.111875
3 0.3672222222222222 0.4828125 0.12777777777777777 0.085625
3 0.5402777777777777 0.5534375 0.3227777777777778 0.280625
3 0.8711111111111111 0.5721875 0.25666666666666665 0.246875
3 0.82 0.4575 0.09888888888888889 0.05
3 0.9427777777777778 0.4346875 0.11333333333333333 0.040625
6 0.39222222222222225 0.4259375 0.044444444444444446 0.033125
