12 0.628125 0.4208984375 0.04375 0.068359375
1 0.050390625 0.5146484375 0.01328125 0.046875
1 0.122265625 0.51318359375 0.00859375 0.0400390625
3 0.956640625 0.48388671875 0.08515625 0.1083984375
3 0.709375 0.4599609375 0.04375 0.025390625
3 0.71796875 0.45458984375 0.05 0.0400390625
3 0.404296875 0.47265625 0.02265625 0.0234375
3 0.48203125 0.46826171875 0.0203125 0.0224609375
3 0.47578125 0.45947265625 0.015625 0.0185546875
3 0.46171875 0.4580078125 0.0109375 0.01171875
3 0.450390625 0.45654296875 0.01171875 0.0087890625
3 0.424609375 0.4541015625 0.01328125 0.013671875
3 0.34296875 0.470703125 0.021875 0.025390625
3 0.1328125 0.4892578125 0.053125 0.021484375
3 0.188671875 0.48486328125 0.04921875 0.0322265625
