1 0.18305555555555555 0.529375 0.08277777777777778 0.16875
3 0.04527777777777778 0.4753125 0.09055555555555556 0.068125
3 0.15694444444444444 0.48875 0.14166666666666666 0.1
3 0.23972222222222223 0.4865625 0.06722222222222222 0.080625
3 0.3258333333333333 0.47375 0.03944444444444444 0.04125
3 0.4075 0.469375 0.018333333333333333 0.0175
3 0.5886111111111111 0.484375 0.08944444444444444 0.0825
3 0.5302777777777777 0.4765625 0.058333333333333334 0.061875
3 0.49722222222222223 0.474375 0.016666666666666666 0.03
3 0.44805555555555554 0.476875 0.02388888888888889 0.0175
3 0.35833333333333334 0.475625 0.028888888888888888 0.02875
11 0.7302777777777778 0.504375 0.018333333333333333 0.05375
