10 0.60625 0.4326171875 0.009375 0.01953125
10 0.437109375 0.44580078125 0.00390625 0.0068359375
10 0.453125 0.45654296875 0.0046875 0.0068359375
10 0.5015625 0.3740234375 0.0125 0.021484375
12 0.133203125 0.4453125 0.01328125 0.0234375
12 0.8921875 0.412109375 0.03125 0.044921875
12 0.891796875 0.4462890625 0.01328125 0.0234375
3 0.63828125 0.48974609375 0.0546875 0.0595703125
3 0.56171875 0.4853515625 0.0296875 0.0234375
3 0.496875 0.47802734375 0.0203125 0.0166015625
3 0.48359375 0.47607421875 0.0125 0.0146484375
3 0.353515625 0.4853515625 0.02109375 0.01953125
3 0.362109375 0.48046875 0.01640625 0.013671875
3 0.37265625 0.478515625 0.009375 0.013671875
