10 0.3761111111111111 0.4240625 0.006666666666666667 0.019375
10 0.5441666666666667 0.4203125 0.007222222222222222 0.021875
10 0.6238888888888889 0.4040625 0.01 0.021875
1 0.5422222222222223 0.4684375 0.01 0.028125
2 0.5058333333333334 0.4703125 0.008333333333333333 0.014375
3 0.1322222222222222 0.52375 0.2644444444444444 0.385
3 0.27444444444444444 0.486875 0.043333333333333335 0.05625
3 0.30333333333333334 0.4815625 0.051111111111111114 0.045625
3 0.32083333333333336 0.4703125 0.06277777777777778 0.055625
3 0.38916666666666666 0.4796875 0.06166666666666667 0.050625
3 0.4225 0.47 0.029444444444444443 0.035
3 0.43777777777777777 0.4703125 0.016666666666666666 0.026875
3 0.4538888888888889 0.465625 0.012222222222222223 0.0125
3 0.44583333333333336 0.46875 0.009444444444444445 0.0175
3 0.47444444444444445 0.4646875 0.016666666666666666 0.018125
3 0.5955555555555555 0.4734375 0.07333333333333333 0.071875
3 0.9575 0.575625 0.08388888888888889 0.265
1 0.5058333333333334 0.4646875 0.008333333333333333 0.018125
