10 0.384375 0.43408203125 0.0140625 0.0419921875
10 0.712890625 0.427734375 0.01015625 0.015625
10 0.46796875 0.44580078125 0.00625 0.0087890625
12 0.130078125 0.44921875 0.01484375 0.025390625
12 0.12109375 0.4658203125 0.015625 0.015625
12 0.1234375 0.51220703125 0.0125 0.0302734375
1 0.079296875 0.5126953125 0.02421875 0.048828125
1 0.10859375 0.5302734375 0.0171875 0.06640625
1 0.151953125 0.5185546875 0.02109375 0.0625
1 0.98984375 0.505859375 0.01875 0.08203125
1 0.953125 0.53125 0.0171875 0.04296875
2 0.73046875 0.576171875 0.0265625 0.0703125
3 0.217578125 0.55029296875 0.12734375 0.1083984375
3 0.296484375 0.5341796875 0.06171875 0.083984375
3 0.580859375 0.48291015625 0.03515625 0.0283203125
1 0.730859375 0.55078125 0.03046875 0.103515625
