10 0.7808333333333334 0.2865625 0.020555555555555556 0.055625
10 0.8013888888888889 0.2884375 0.020555555555555556 0.061875
10 0.5188888888888888 0.3325 0.012222222222222223 0.03625
10 0.5172222222222222 0.3678125 0.01888888888888889 0.018125
12 0.455 0.383125 0.014444444444444444 0.02125
12 0.44055555555555553 0.40875 0.008888888888888889 0.0125
12 0.7888888888888889 0.33125 0.027777777777777776 0.02125
12 0.8455555555555555 0.339375 0.03888888888888889 0.015
12 0.45555555555555555 0.4078125 0.0077777777777777776 0.011875
12 0.44 0.396875 0.006666666666666667 0.01
1 0.9441666666666667 0.474375 0.075 0.2275
1 0.7952777777777778 0.4546875 0.07611111111111112 0.226875
1 0.8883333333333333 0.4409375 0.02666666666666667 0.088125
1 0.8461111111111111 0.4453125 0.024444444444444446 0.110625
1 0.5511111111111111 0.4525 0.025555555555555557 0.09625
1 0.5233333333333333 0.446875 0.03 0.085
1 0.4897222222222222 0.4365625 0.013888888888888888 0.051875
1 0.9877777777777778 0.4671875 0.023333333333333334 0.205625
3 0.4261111111111111 0.453125 0.043333333333333335 0.0425
3 0.11305555555555556 0.45625 0.07833333333333334 0.0525
11 0.49833333333333335 0.4621875 0.014444444444444444 0.043125
