1 0.9219444444444445 0.4925 0.05277777777777778 0.1225
1 0.8638888888888889 0.4996875 0.044444444444444446 0.120625
1 0.8705555555555555 0.466875 0.025555555555555557 0.05875
1 0.815 0.4821875 0.021111111111111112 0.083125
1 0.7747222222222222 0.506875 0.07944444444444444 0.2225
1 0.7525 0.4809375 0.020555555555555556 0.070625
1 0.7316666666666667 0.4784375 0.021111111111111112 0.069375
1 0.6861111111111111 0.481875 0.04111111111111111 0.115
1 0.6169444444444444 0.4746875 0.017222222222222222 0.040625
1 0.5994444444444444 0.46625 0.01888888888888889 0.06
1 0.5922222222222222 0.4640625 0.008888888888888889 0.053125
1 0.5708333333333333 0.4671875 0.03166666666666667 0.080625
3 0.47583333333333333 0.465 0.07277777777777777 0.0775
3 0.6661111111111111 0.46375 0.09666666666666666 0.04625
3 0.42444444444444446 0.454375 0.021111111111111112 0.01875
3 0.035 0.4825 0.07 0.06
3 0.11805555555555555 0.481875 0.10722222222222222 0.065
3 0.1802777777777778 0.475625 0.051666666666666666 0.05375
3 0.05277777777777778 0.4565625 0.04555555555555556 0.026875
3 0.2569444444444444 0.45625 0.04611111111111111 0.0275
3 0.21722222222222223 0.4553125 0.028888888888888888 0.018125
3 0.2872222222222222 0.4615625 0.01888888888888889 0.030625
