10 0.21583333333333332 0.3790625 0.010555555555555556 0.034375
10 0.39666666666666667 0.4415625 0.0033333333333333335 0.009375
10 0.5138888888888888 0.439375 0.0044444444444444444 0.01
10 0.6052777777777778 0.3784375 0.010555555555555556 0.030625
12 0.5775 0.409375 0.009444444444444445 0.015
1 0.17194444444444446 0.463125 0.015 0.045
1 0.7769444444444444 0.4496875 0.012777777777777779 0.045625
1 0.8505555555555555 0.4584375 0.02 0.071875
1 0.8994444444444445 0.454375 0.027777777777777776 0.09875
2 0.5841666666666666 0.4915625 0.02722222222222222 0.063125
2 0.6363888888888889 0.51125 0.051666666666666666 0.1025
2 0.9230555555555555 0.5175 0.049444444444444444 0.12
2 0.885 0.505625 0.14 0.11125
3 0.4444444444444444 0.4825 0.09555555555555556 0.09375
3 0.47888888888888886 0.4659375 0.044444444444444446 0.066875
3 0.5191666666666667 0.4640625 0.025 0.020625
3 0.5636111111111111 0.46625 0.03166666666666667 0.04625
1 0.5852777777777778 0.4709375 0.029444444444444443 0.084375
1 0.6363888888888889 0.47 0.051666666666666666 0.1425
