6 0.4963235294117647 0.4013671875 0.02369281045751634 0.04296875
10 0.29901960784313725 0.357421875 0.008169934640522876 0.02734375
10 0.3088235294117647 0.36328125 0.006535947712418301 0.0078125
10 0.7630718954248366 0.3759765625 0.011437908496732025 0.052734375
10 0.7242647058823529 0.3779296875 0.007352941176470588 0.02734375
12 0.025326797385620915 0.34619140625 0.011437908496732025 0.0361328125
12 0.6617647058823529 0.40087890625 0.00980392156862745 0.0205078125
12 0.2945261437908497 0.3583984375 0.01715686274509804 0.0078125
12 0.31209150326797386 0.37060546875 0.013071895424836602 0.0068359375
12 0.7406045751633987 0.37353515625 0.018790849673202614 0.0224609375
12 0.7234477124183006 0.39453125 0.005718954248366013 0.0078125
1 0.21772875816993464 0.40869140625 0.013888888888888888 0.0498046875
1 0.23161764705882354 0.41650390625 0.013888888888888888 0.0576171875
1 0.2369281045751634 0.41650390625 0.0196078431372549 0.0595703125
1 0.25939542483660133 0.4150390625 0.015522875816993464 0.0546875
1 0.26429738562091504 0.4130859375 0.01715686274509804 0.05859375
1 0.2806372549019608 0.41796875 0.013888888888888888 0.046875
1 0.3088235294117647 0.4189453125 0.016339869281045753 0.060546875
1 0.3214869281045752 0.4150390625 0.013888888888888888 0.0625
1 0.34068627450980393 0.4208984375 0.013071895424836602 0.0625
1 0.6515522875816994 0.4375 0.005718954248366013 0.017578125
8 0.02246732026143791 0.369140625 0.04493464052287582 0.08984375
8 0.07965686274509803 0.38525390625 0.07761437908496732 0.0654296875
4 0.1809640522875817 0.4111328125 0.031862745098039214 0.021484375
3 0.39133986928104575 0.435546875 0.07352941176470588 0.091796875
3 0.3562091503267974 0.4228515625 0.0196078431372549 0.060546875
3 0.5089869281045751 0.455078125 0.08006535947712418 0.080078125
3 0.5625 0.4404296875 0.06454248366013073 0.052734375
3 0.9003267973856209 0.533203125 0.1977124183006536 0.31640625
3 0.7651143790849673 0.4609375 0.11029411764705882 0.095703125
3 0.39705882352941174 0.41796875 0.10130718954248366 0.052734375
