1 0.43666666666666665 0.4834375 0.05 0.126875
3 0.9802777777777778 0.5065625 0.03833333333333333 0.159375
3 0.9302777777777778 0.4971875 0.115 0.126875
3 0.8766666666666667 0.475 0.24555555555555555 0.14875
3 0.7961111111111111 0.4665625 0.12222222222222222 0.114375
3 0.6163888888888889 0.4928125 0.23166666666666666 0.270625
3 0.45472222222222225 0.465 0.1238888888888889 0.12375
3 0.33694444444444444 0.475 0.16833333333333333 0.145
3 0.2688888888888889 0.4765625 0.23555555555555555 0.181875
3 0.09944444444444445 0.5003125 0.1988888888888889 0.263125
3 0.7305555555555555 0.4684375 0.022222222222222223 0.055625
