10 0.0908203125 0.3483072916666667 0.0263671875 0.09505208333333333
10 0.7431640625 0.3577473958333333 0.017578125 0.06575520833333333
10 0.4970703125 0.16634114583333334 0.0224609375 0.07356770833333333
12 0.682373046875 0.4436848958333333 0.02197265625 0.035807291666666664
12 0.6806640625 0.4703776041666667 0.009765625 0.018880208333333332
12 0.899169921875 0.3919270833333333 0.05419921875 0.018229166666666668
1 0.864990234375 0.5338541666666666 0.02587890625 0.09114583333333333
2 0.85986328125 0.5485026041666666 0.0595703125 0.044921875
2 0.254638671875 0.6233723958333334 0.14208984375 0.111328125
2 0.935791015625 0.689453125 0.06494140625 0.10286458333333333
3 0.229248046875 0.5423177083333334 0.13623046875 0.055989583333333336
3 0.579833984375 0.5289713541666666 0.04052734375 0.048828125
3 0.588134765625 0.5387369791666666 0.03759765625 0.052734375
3 0.625 0.5491536458333334 0.078125 0.076171875
1 0.24267578125 0.5693359375 0.087890625 0.17643229166666666
1 0.26025390625 0.7444661458333334 0.14453125 0.333984375
79 0.273681640625 0.8391927083333334 0.17333984375 0.18098958333333334
