10 0.14166666666666666 0.3915625 0.013333333333333334 0.035625
10 0.38166666666666665 0.4534375 0.005555555555555556 0.015625
10 0.6769444444444445 0.3784375 0.010555555555555556 0.034375
10 0.9702777777777778 0.346875 0.018333333333333333 0.04875
12 0.6702777777777778 0.42 0.019444444444444445 0.03625
12 0.9961111111111111 0.3996875 0.006666666666666667 0.044375
3 0.11083333333333334 0.55875 0.22166666666666668 0.2525
3 0.26222222222222225 0.50125 0.13555555555555557 0.12125
3 0.3625 0.4940625 0.06944444444444445 0.065625
3 0.4063888888888889 0.489375 0.03277777777777778 0.03875
3 0.42277777777777775 0.4871875 0.015555555555555555 0.028125
3 0.48138888888888887 0.49 0.11388888888888889 0.1175
