1 0.7577777777777778 0.47 0.025555555555555557 0.09125
1 0.5241666666666667 0.4771875 0.012777777777777779 0.039375
1 0.33305555555555555 0.5025 0.08388888888888889 0.15625
3 0.5652777777777778 0.4809375 0.05277777777777778 0.050625
3 0.49166666666666664 0.471875 0.034444444444444444 0.0275
3 0.4527777777777778 0.471875 0.023333333333333334 0.02375
3 0.38722222222222225 0.4765625 0.05555555555555555 0.023125
3 0.3947222222222222 0.465625 0.019444444444444445 0.01375
3 0.2925 0.4725 0.008333333333333333 0.03125
3 0.2838888888888889 0.4659375 0.01888888888888889 0.016875
3 0.27416666666666667 0.4784375 0.03611111111111111 0.029375
3 0.17527777777777778 0.4775 0.017222222222222222 0.0375
3 0.1225 0.4875 0.09944444444444445 0.065
3 0.0875 0.4571875 0.03166666666666667 0.019375
3 0.47055555555555556 0.4703125 0.011111111111111112 0.008125
3 0.12083333333333333 0.4521875 0.06277777777777778 0.019375
