12 0.4625 0.44482421875 0.0109375 0.0126953125
3 0.164453125 0.55615234375 0.11328125 0.0869140625
3 0.234765625 0.5322265625 0.07421875 0.078125
3 0.338671875 0.5087890625 0.06015625 0.056640625
3 0.429296875 0.4921875 0.03671875 0.033203125
3 0.44921875 0.49072265625 0.0125 0.0302734375
3 0.7359375 0.478515625 0.05625 0.080078125
3 0.70390625 0.48681640625 0.0171875 0.0458984375
3 0.691796875 0.48486328125 0.01328125 0.0439453125
3 0.68125 0.4833984375 0.015625 0.03515625
3 0.608203125 0.4677734375 0.01171875 0.009765625
12 0.673828125 0.4375 0.01171875 0.013671875
