12 0.62841796875 0.4833984375 0.0166015625 0.021484375
12 0.62841796875 0.4970703125 0.0078125 0.005859375
3 0.1455078125 0.615234375 0.177734375 0.15364583333333334
3 0.234130859375 0.5699869791666666 0.12744140625 0.14778645833333334
3 0.323486328125 0.55859375 0.07861328125 0.10807291666666667
3 0.39208984375 0.576171875 0.1484375 0.11588541666666667
3 0.52685546875 0.5423177083333334 0.029296875 0.028645833333333332
3 0.552734375 0.5432942708333334 0.0185546875 0.020182291666666668
3 0.72021484375 0.5846354166666666 0.150390625 0.18359375
3 0.8173828125 0.5595703125 0.0537109375 0.07747395833333333
1 0.201416015625 0.5908203125 0.04150390625 0.14778645833333334
1 0.2451171875 0.5882161458333334 0.0283203125 0.14778645833333334
1 0.615234375 0.5797526041666666 0.0595703125 0.16341145833333334
1 0.585205078125 0.5553385416666666 0.02880859375 0.12890625
