12 0.6313888888888889 0.37375 0.02722222222222222 0.04
12 0.3875 0.34625 0.015 0.02125
1 0.6791666666666667 0.46125 0.019444444444444445 0.07125
1 0.6925 0.4615625 0.020555555555555556 0.068125
1 0.6413888888888889 0.468125 0.018333333333333333 0.0725
1 0.6322222222222222 0.445 0.021111111111111112 0.05625
1 0.16527777777777777 0.4653125 0.008333333333333333 0.031875
1 0.1852777777777778 0.4646875 0.012777777777777779 0.040625
1 0.9291666666666667 0.464375 0.011666666666666667 0.07125
2 0.9686111111111111 0.5590625 0.06166666666666667 0.111875
