10 0.021666666666666667 0.3990625 0.015555555555555555 0.020625
10 0.03 0.3275 0.01888888888888889 0.0775
10 0.275 0.244375 0.02 0.05
10 0.4013888888888889 0.230625 0.019444444444444445 0.05
10 0.48638888888888887 0.321875 0.01611111111111111 0.06625
10 0.6936111111111111 0.17 0.018333333333333333 0.06125
10 0.9777777777777777 0.3328125 0.01888888888888889 0.055625
10 0.9786111111111111 0.396875 0.021666666666666667 0.025
10 0.9536111111111111 0.399375 0.005 0.025
10 0.885 0.3871875 0.014444444444444444 0.015625
10 0.8583333333333333 0.386875 0.013333333333333334 0.01625
12 0.25222222222222224 0.239375 0.015555555555555555 0.02875
12 0.47 0.3803125 0.02666666666666667 0.036875
12 0.5008333333333334 0.388125 0.02277777777777778 0.03125
12 0.47694444444444445 0.454375 0.028333333333333332 0.04125
12 0.9483333333333334 0.37375 0.014444444444444444 0.01375
12 0.8733333333333333 0.3178125 0.03333333333333333 0.041875
12 0.8730555555555556 0.3465625 0.02388888888888889 0.011875
1 0.010555555555555556 0.4815625 0.021111111111111112 0.091875
7 0.5405555555555556 0.4009375 0.9177777777777778 0.178125
11 0.0925 0.495625 0.015 0.0425
