12 0.36694444444444446 0.44875 0.012777777777777779 0.02625
12 0.32666666666666666 0.4584375 0.012222222222222223 0.019375
12 0.2775 0.4440625 0.02277777777777778 0.023125
12 0.05722222222222222 0.41625 0.005555555555555556 0.02375
12 0.3977777777777778 0.4721875 0.0044444444444444444 0.006875
1 0.9891666666666666 0.499375 0.020555555555555556 0.1025
1 0.9708333333333333 0.48375 0.05722222222222222 0.13625
1 0.9366666666666666 0.4884375 0.03 0.121875
1 0.8905555555555555 0.4909375 0.03666666666666667 0.116875
1 0.8627777777777778 0.5009375 0.034444444444444444 0.094375
1 0.7436111111111111 0.4803125 0.017222222222222222 0.049375
1 0.7163888888888889 0.4790625 0.02277777777777778 0.069375
1 0.6983333333333334 0.4865625 0.016666666666666666 0.053125
1 0.6866666666666666 0.48625 0.013333333333333334 0.05125
1 0.665 0.489375 0.008888888888888889 0.04125
1 0.6513888888888889 0.486875 0.013888888888888888 0.05
1 0.6397222222222222 0.489375 0.009444444444444445 0.04125
1 0.6272222222222222 0.485625 0.013333333333333334 0.05
1 0.5825 0.484375 0.006111111111111111 0.0175
1 0.1475 0.45125 0.009444444444444445 0.02625
1 0.33944444444444444 0.48625 0.005555555555555556 0.015
3 0.5147222222222222 0.50625 0.12944444444444445 0.115
3 0.4261111111111111 0.4890625 0.023333333333333334 0.021875
3 0.4463888888888889 0.48625 0.009444444444444445 0.01125
3 0.45361111111111113 0.4825 0.011666666666666667 0.01375
