10 0.3516666666666667 0.39125 0.01 0.0225
10 0.6161111111111112 0.38125 0.01 0.02625
10 0.35083333333333333 0.4109375 0.009444444444444445 0.009375
10 0.6161111111111112 0.401875 0.0077777777777777776 0.0125
12 0.35583333333333333 0.3628125 0.030555555555555555 0.011875
1 0.9783333333333334 0.455625 0.04111111111111111 0.12625
3 0.14583333333333334 0.52875 0.2916666666666667 0.24375
3 0.2833333333333333 0.455625 0.08777777777777777 0.07125
3 0.5697222222222222 0.4378125 0.030555555555555555 0.020625
3 0.4061111111111111 0.4421875 0.04111111111111111 0.025625
