12 0.51953125 0.43603515625 0.00625 0.0087890625
1 0.552734375 0.52783203125 0.03984375 0.1220703125
1 0.583984375 0.53515625 0.03515625 0.109375
1 0.599609375 0.5244140625 0.02734375 0.115234375
3 0.89140625 0.7431640625 0.215625 0.478515625
3 0.83125 0.62060546875 0.253125 0.2626953125
3 0.669140625 0.546875 0.10546875 0.1015625
3 0.643359375 0.52783203125 0.07578125 0.0966796875
3 0.025 0.666015625 0.05 0.2109375
3 0.105859375 0.599609375 0.20078125 0.234375
3 0.21484375 0.5830078125 0.0703125 0.125
3 0.2328125 0.56005859375 0.1015625 0.1044921875
3 0.271875 0.54150390625 0.075 0.0849609375
3 0.298828125 0.52734375 0.06484375 0.076171875
3 0.32578125 0.51171875 0.0703125 0.080078125
3 0.37265625 0.4970703125 0.04375 0.044921875
3 0.396484375 0.48388671875 0.03359375 0.0400390625
3 0.416796875 0.4814453125 0.02265625 0.029296875
3 0.426171875 0.47705078125 0.01953125 0.0263671875
3 0.4265625 0.47216796875 0.0234375 0.0263671875
3 0.4390625 0.47314453125 0.0078125 0.0224609375
3 0.44296875 0.466796875 0.0203125 0.0234375
3 0.49140625 0.47998046875 0.0328125 0.0361328125
3 0.605859375 0.49169921875 0.03984375 0.0302734375
3 0.54921875 0.47998046875 0.04375 0.0380859375
3 0.535546875 0.4755859375 0.02890625 0.037109375
3 0.5203125 0.47314453125 0.0109375 0.0263671875
3 0.519921875 0.46923828125 0.01640625 0.0263671875
3 0.513671875 0.46484375 0.01171875 0.021484375
3 0.197265625 0.5009765625 0.05859375 0.041015625
3 0.25234375 0.49072265625 0.05625 0.0322265625
3 0.1984375 0.4794921875 0.0671875 0.033203125
3 0.130078125 0.47607421875 0.06171875 0.0224609375
3 0.064453125 0.48388671875 0.05546875 0.0205078125
3 0.499609375 0.45703125 0.01171875 0.01171875
3 0.45390625 0.4619140625 0.0140625 0.017578125
3 0.467578125 0.45556640625 0.01328125 0.0126953125
1 0.475 0.46875 0.0046875 0.015625
1 0.459765625 0.466796875 0.00546875 0.01953125
