12 0.17687908496732027 0.5419921875 0.01715686274509804 0.029296875
1 0.5955882352941176 0.50830078125 0.008169934640522876 0.0224609375
1 0.41625816993464054 0.52734375 0.012254901960784314 0.044921875
1 0.061683006535947715 0.52587890625 0.015522875816993464 0.0498046875
1 0.27532679738562094 0.52099609375 0.008169934640522876 0.0361328125
8 0.7279411764705882 0.486328125 0.06045751633986928 0.033203125
4 0.9820261437908496 0.53662109375 0.03431372549019608 0.0537109375
4 0.9566993464052288 0.5283203125 0.049019607843137254 0.0625
4 0.9272875816993464 0.52587890625 0.042483660130718956 0.0615234375
3 0.4991830065359477 0.6064453125 0.1650326797385621 0.1796875
3 0.7365196078431373 0.55322265625 0.12173202614379085 0.1025390625
3 0.673202614379085 0.54443359375 0.07026143790849673 0.0810546875
3 0.508578431372549 0.5107421875 0.05310457516339869 0.013671875
3 0.31004901960784315 0.529296875 0.04493464052287582 0.033203125
3 0.3255718954248366 0.52197265625 0.03839869281045752 0.0419921875
3 0.352124183006536 0.51953125 0.021241830065359478 0.037109375
3 0.4632352941176471 0.5087890625 0.00980392156862745 0.009765625
3 0.45302287581699346 0.50927734375 0.012254901960784314 0.0087890625
