12 0.265 0.41875 0.01888888888888889 0.02125
12 0.7966666666666666 0.400625 0.008888888888888889 0.0225
12 0.7594444444444445 0.3759375 0.04 0.045625
12 0.7608333333333334 0.4028125 0.02277777777777778 0.008125
12 0.5905555555555555 0.4128125 0.021111111111111112 0.026875
3 0.0325 0.520625 0.065 0.1275
3 0.42055555555555557 0.4509375 0.006666666666666667 0.010625
3 0.4125 0.45125 0.010555555555555556 0.015
3 0.4 0.4525 0.02 0.02125
3 0.39916666666666667 0.45625 0.009444444444444445 0.0175
3 0.39194444444444443 0.4575 0.010555555555555556 0.02
3 0.3861111111111111 0.4578125 0.01 0.019375
3 0.3788888888888889 0.4603125 0.015555555555555555 0.023125
3 0.36833333333333335 0.4625 0.016666666666666666 0.0275
3 0.36 0.46375 0.014444444444444444 0.0275
3 0.35194444444444445 0.4653125 0.017222222222222222 0.033125
3 0.3258333333333333 0.468125 0.04722222222222222 0.04625
3 0.8863888888888889 0.5425 0.22611111111111112 0.22125
3 0.7425 0.5003125 0.195 0.141875
3 0.5352777777777777 0.4584375 0.041666666666666664 0.046875
3 0.5138888888888888 0.4575 0.011111111111111112 0.0275
3 0.5108333333333334 0.4528125 0.020555555555555556 0.031875
3 0.49972222222222223 0.453125 0.009444444444444445 0.02
3 0.49666666666666665 0.4503125 0.017777777777777778 0.020625
