10 0.763916015625 0.4947916666666667 0.01806640625 0.029947916666666668
10 0.77734375 0.392578125 0.0224609375 0.036458333333333336
10 0.638427734375 0.5296223958333334 0.01123046875 0.014973958333333334
10 0.404052734375 0.5305989583333334 0.01416015625 0.016927083333333332
10 0.060791015625 0.451171875 0.01416015625 0.022135416666666668
12 0.781005859375 0.46484375 0.05029296875 0.022135416666666668
12 0.76806640625 0.5592447916666666 0.0126953125 0.024739583333333332
1 0.66845703125 0.6214192708333334 0.0712890625 0.16080729166666666
1 0.6181640625 0.6246744791666666 0.048828125 0.130859375
1 0.366455078125 0.5732421875 0.01220703125 0.027994791666666668
1 0.34326171875 0.5751953125 0.0166015625 0.030598958333333332
3 0.603271484375 0.5774739583333334 0.02099609375 0.029947916666666668
3 0.568359375 0.5751953125 0.017578125 0.022786458333333332
3 0.547119140625 0.5836588541666666 0.03466796875 0.042317708333333336
