12 0.5328125 0.44384765625 0.0046875 0.0029296875
12 0.5328125 0.43798828125 0.0078125 0.0087890625
1 0.4859375 0.47119140625 0.0078125 0.0283203125
2 0.471484375 0.47607421875 0.00703125 0.0126953125
3 0.07734375 0.71533203125 0.1546875 0.3974609375
3 0.080859375 0.53271484375 0.13515625 0.1005859375
3 0.072265625 0.4716796875 0.05546875 0.02734375
3 0.16640625 0.50390625 0.0765625 0.072265625
3 0.291015625 0.54736328125 0.11015625 0.1005859375
3 0.36328125 0.50537109375 0.065625 0.0673828125
3 0.40390625 0.49609375 0.0375 0.04296875
3 0.416796875 0.490234375 0.03046875 0.037109375
3 0.41875 0.48486328125 0.034375 0.0380859375
3 0.43828125 0.482421875 0.009375 0.02734375
3 0.4421875 0.47265625 0.025 0.029296875
3 0.4546875 0.46826171875 0.009375 0.0185546875
3 0.45625 0.4638671875 0.0171875 0.01953125
3 0.465234375 0.458984375 0.00859375 0.01171875
3 0.501953125 0.4794921875 0.02734375 0.03125
3 0.4953125 0.45849609375 0.009375 0.0087890625
3 0.529296875 0.4677734375 0.01796875 0.0234375
3 0.535546875 0.4697265625 0.02109375 0.017578125
3 0.534765625 0.4765625 0.01796875 0.021484375
3 0.540234375 0.47998046875 0.01484375 0.0224609375
3 0.55703125 0.48095703125 0.034375 0.0341796875
3 0.55703125 0.48681640625 0.021875 0.0302734375
3 0.563671875 0.4921875 0.01796875 0.033203125
3 0.587109375 0.49560546875 0.04921875 0.0556640625
3 0.5984375 0.51171875 0.0265625 0.052734375
3 0.6359375 0.51806640625 0.0734375 0.0791015625
3 0.9671875 0.72900390625 0.0640625 0.1630859375
3 0.3 0.4814453125 0.028125 0.029296875
1 0.471875 0.4677734375 0.009375 0.025390625
