10 0.5675 0.374375 0.015 0.04125
10 0.42138888888888887 0.3209375 0.012777777777777779 0.034375
10 0.03611111111111111 0.3803125 0.016666666666666666 0.043125
10 0.47638888888888886 0.4109375 0.006111111111111111 0.010625
1 0.9111111111111111 0.4615625 0.04888888888888889 0.169375
1 0.8069444444444445 0.450625 0.03722222222222222 0.11625
1 0.7813888888888889 0.454375 0.019444444444444445 0.08
1 0.7013888888888888 0.4540625 0.026111111111111113 0.069375
1 0.9488888888888889 0.4159375 0.022222222222222223 0.041875
3 0.4738888888888889 0.461875 0.017777777777777778 0.01875
3 0.46 0.4659375 0.024444444444444446 0.024375
11 0.028888888888888888 0.4875 0.012222222222222223 0.03375
