12 0.7380555555555556 0.32625 0.019444444444444445 0.03375
3 0.6672222222222223 0.4884375 0.17666666666666667 0.130625
3 0.5627777777777778 0.4409375 0.09666666666666666 0.089375
3 0.5180555555555556 0.4440625 0.025 0.054375
3 0.5086111111111111 0.4378125 0.021666666666666667 0.045625
3 0.49694444444444447 0.44 0.011666666666666667 0.0225
3 0.4888888888888889 0.4378125 0.01 0.014375
3 0.46555555555555556 0.434375 0.012222222222222223 0.01125
3 0.44722222222222224 0.43375 0.006666666666666667 0.0075
3 0.4261111111111111 0.4384375 0.013333333333333334 0.009375
3 0.41444444444444445 0.4378125 0.014444444444444444 0.018125
3 0.4025 0.439375 0.018333333333333333 0.02
3 0.3908333333333333 0.4421875 0.013888888888888888 0.025625
3 0.31305555555555553 0.4653125 0.15611111111111112 0.125625
3 0.19444444444444445 0.483125 0.09555555555555556 0.0775
