1 0.81796875 0.51806640625 0.040625 0.1298828125
2 0.5296875 0.544921875 0.0296875 0.06640625
2 0.801171875 0.6025390625 0.05703125 0.099609375
3 0.062890625 0.6181640625 0.12578125 0.203125
3 0.177734375 0.576171875 0.12578125 0.130859375
3 0.214453125 0.5537109375 0.08203125 0.09375
3 0.27890625 0.52880859375 0.0796875 0.0673828125
3 0.304296875 0.51904296875 0.05390625 0.0595703125
3 0.32109375 0.5068359375 0.0515625 0.05859375
3 0.573046875 0.49951171875 0.06328125 0.0712890625
3 0.72890625 0.48388671875 0.075 0.0908203125
3 0.758203125 0.50732421875 0.07109375 0.0927734375
3 0.9484375 0.505859375 0.1015625 0.130859375
1 0.531640625 0.51611328125 0.03046875 0.0986328125
1 0.80078125 0.56298828125 0.0546875 0.1513671875
3 0.940234375 0.45947265625 0.11796875 0.0791015625
3 0.460546875 0.46484375 0.03359375 0.033203125
