10 0.32222222222222224 0.44125 0.008888888888888889 0.01
10 0.3933333333333333 0.365625 0.012222222222222223 0.0175
10 0.55 0.4296875 0.011111111111111112 0.028125
10 0.345 0.071875 0.028888888888888888 0.0825
10 0.7419444444444444 0.236875 0.03611111111111111 0.08875
10 0.7561111111111111 0.3453125 0.021111111111111112 0.034375
1 0.23222222222222222 0.45875 0.011111111111111112 0.03
1 0.22111111111111112 0.4609375 0.008888888888888889 0.029375
1 0.5847222222222223 0.4603125 0.01611111111111111 0.051875
1 0.6444444444444445 0.443125 0.03888888888888889 0.08875
1 0.25083333333333335 0.45625 0.009444444444444445 0.0225
3 0.4713888888888889 0.4578125 0.02388888888888889 0.020625
