12 0.326171875 0.4521484375 0.00546875 0.015625
1 0.936328125 0.4951171875 0.01796875 0.04296875
1 0.92109375 0.47900390625 0.0234375 0.0400390625
1 0.90390625 0.49365234375 0.0171875 0.0439453125
1 0.873828125 0.470703125 0.01328125 0.03515625
1 0.712109375 0.4912109375 0.01640625 0.0390625
1 0.68515625 0.48095703125 0.01875 0.0244140625
1 0.51328125 0.48388671875 0.0140625 0.0458984375
1 0.315625 0.486328125 0.0109375 0.033203125
1 0.30703125 0.48828125 0.00625 0.02734375
1 0.186328125 0.50634765625 0.01484375 0.0537109375
1 0.101953125 0.52783203125 0.02421875 0.0771484375
1 0.011328125 0.5517578125 0.02265625 0.076171875
2 0.654296875 0.6064453125 0.03515625 0.091796875
2 0.622265625 0.5693359375 0.02421875 0.068359375
2 0.08828125 0.6162109375 0.0375 0.078125
2 0.153515625 0.56201171875 0.01796875 0.0576171875
3 0.821875 0.4970703125 0.134375 0.056640625
3 0.96015625 0.47998046875 0.059375 0.0341796875
3 0.989453125 0.50048828125 0.01953125 0.0751953125
3 0.680859375 0.53466796875 0.09296875 0.0888671875
3 0.6515625 0.50390625 0.0265625 0.029296875
3 0.62734375 0.51171875 0.06875 0.072265625
3 0.564453125 0.501953125 0.06484375 0.052734375
3 0.5375 0.4833984375 0.0375 0.02734375
3 0.469140625 0.494140625 0.05546875 0.041015625
3 0.426953125 0.49365234375 0.04765625 0.0361328125
3 0.389453125 0.48681640625 0.05390625 0.0283203125
3 0.27421875 0.47412109375 0.040625 0.0126953125
3 0.0484375 0.5068359375 0.059375 0.044921875
3 0.16015625 0.48779296875 0.01875 0.0302734375
1 0.661328125 0.564453125 0.04453125 0.1328125
1 0.6265625 0.5341796875 0.040625 0.115234375
1 0.08828125 0.57177734375 0.040625 0.1044921875
