12 0.487109375 0.44091796875 0.00546875 0.0068359375
1 0.212890625 0.52880859375 0.02734375 0.0810546875
3 0.104296875 0.64990234375 0.20859375 0.2177734375
3 0.769140625 0.62548828125 0.24296875 0.1962890625
3 0.940625 0.8515625 0.1171875 0.294921875
3 0.05234375 0.5078125 0.1046875 0.115234375
3 0.14765625 0.5126953125 0.0875 0.05859375
3 0.17109375 0.49560546875 0.0796875 0.0537109375
3 0.2671875 0.4951171875 0.075 0.04296875
3 0.288671875 0.48095703125 0.05390625 0.0322265625
3 0.342578125 0.4775390625 0.02734375 0.02734375
3 0.387109375 0.47900390625 0.02578125 0.0244140625
3 0.40234375 0.47265625 0.015625 0.017578125
3 0.4203125 0.4658203125 0.0140625 0.015625
3 0.42890625 0.46142578125 0.009375 0.0126953125
3 0.4546875 0.46435546875 0.0203125 0.0224609375
3 0.342578125 0.47119140625 0.04609375 0.0205078125
3 0.3703125 0.47314453125 0.0109375 0.0185546875
3 0.433984375 0.45947265625 0.00859375 0.0107421875
3 0.651171875 0.57763671875 0.14921875 0.1474609375
3 0.617578125 0.53271484375 0.11328125 0.1162109375
3 0.555078125 0.5068359375 0.05390625 0.060546875
3 0.5421875 0.49560546875 0.0484375 0.0615234375
3 0.515625 0.48974609375 0.0265625 0.0556640625
3 0.50546875 0.47998046875 0.021875 0.0380859375
3 0.4921875 0.47607421875 0.0140625 0.0380859375
3 0.487109375 0.47021484375 0.01015625 0.0263671875
3 0.48125 0.4677734375 0.0078125 0.0234375
3 0.205078125 0.47412109375 0.02890625 0.0244140625
3 0.319140625 0.48193359375 0.01484375 0.0341796875
3 0.475 0.462890625 0.0078125 0.015625
