10 0.361328125 0.515625 0.01171875 0.040364583333333336
10 0.6435546875 0.5198567708333334 0.009765625 0.031901041666666664
12 0.363525390625 0.5491536458333334 0.01123046875 0.024088541666666668
12 0.644287109375 0.5465494791666666 0.01123046875 0.020182291666666668
1 0.71044921875 0.5846354166666666 0.009765625 0.044270833333333336
1 0.728515625 0.5830078125 0.015625 0.061848958333333336
1 0.76123046875 0.5846354166666666 0.0126953125 0.059895833333333336
2 0.63134765625 0.6357421875 0.0185546875 0.059244791666666664
3 0.157958984375 0.5989583333333334 0.06689453125 0.055989583333333336
3 0.37939453125 0.6256510416666666 0.1044921875 0.1015625
3 0.521484375 0.6416015625 0.1328125 0.13997395833333334
3 0.57568359375 0.5826822916666666 0.037109375 0.036458333333333336
1 0.6328125 0.6106770833333334 0.0283203125 0.08463541666666667
