12 0.5938888888888889 0.3965625 0.03 0.038125
3 0.05583333333333333 0.47125 0.07388888888888889 0.04375
3 0.1413888888888889 0.460625 0.049444444444444444 0.0375
3 0.2063888888888889 0.4571875 0.026111111111111113 0.023125
3 0.2286111111111111 0.451875 0.02277777777777778 0.02125
3 0.2725 0.448125 0.021666666666666667 0.02375
3 0.3888888888888889 0.4528125 0.042222222222222223 0.046875
3 0.4527777777777778 0.455625 0.03111111111111111 0.035
3 0.41388888888888886 0.4675 0.06888888888888889 0.0675
3 0.8838888888888888 0.4984375 0.2311111111111111 0.320625
