10 0.8263888888888888 0.1640625 0.04330065359477124 0.14453125
10 0.09068627450980392 0.337890625 0.021241830065359478 0.056640625
10 0.12908496732026145 0.33837890625 0.021241830065359478 0.0537109375
10 0.33619281045751637 0.3720703125 0.008986928104575163 0.03125
10 0.34191176470588236 0.37841796875 0.005718954248366013 0.0185546875
10 0.5629084967320261 0.3818359375 0.011437908496732025 0.029296875
10 0.5996732026143791 0.3583984375 0.011437908496732025 0.03515625
10 0.5894607843137255 0.36767578125 0.008986928104575163 0.0400390625
10 0.4991830065359477 0.4111328125 0.0032679738562091504 0.009765625
12 0.8227124183006536 0.26123046875 0.042483660130718956 0.0517578125
12 0.8080065359477124 0.3564453125 0.05718954248366013 0.0859375
12 0.5678104575163399 0.44873046875 0.008169934640522876 0.0107421875
12 0.5808823529411765 0.4453125 0.006535947712418301 0.01953125
12 0.8517156862745098 0.56396484375 0.041666666666666664 0.1298828125
12 0.5992647058823529 0.3818359375 0.010620915032679739 0.01171875
1 0.4227941176470588 0.42529296875 0.005718954248366013 0.0185546875
1 0.4048202614379085 0.42822265625 0.005718954248366013 0.0322265625
1 0.4150326797385621 0.43115234375 0.008169934640522876 0.0263671875
1 0.5302287581699346 0.4404296875 0.017973856209150325 0.060546875
1 0.3786764705882353 0.42822265625 0.008986928104575163 0.0341796875
1 0.29125816993464054 0.443359375 0.013888888888888888 0.046875
1 0.2724673202614379 0.43408203125 0.022058823529411766 0.0595703125
1 0.252859477124183 0.43994140625 0.01715686274509804 0.0439453125
1 0.049836601307189546 0.4462890625 0.03104575163398693 0.10546875
1 0.05269607843137255 0.453125 0.03839869281045752 0.1015625
1 0.12745098039215685 0.45556640625 0.026143790849673203 0.0869140625
1 0.8202614379084967 0.455078125 0.013071895424836602 0.041015625
1 0.7320261437908496 0.447265625 0.008169934640522876 0.03515625
2 0.44076797385620914 0.443359375 0.007352941176470588 0.02734375
8 0.5931372549019608 0.42041015625 0.042483660130718956 0.0478515625
8 0.6625816993464052 0.42138671875 0.06699346405228758 0.0849609375
3 0.5678104575163399 0.42919921875 0.008169934640522876 0.0205078125
3 0.5412581699346405 0.42578125 0.013888888888888888 0.017578125
3 0.551062091503268 0.4306640625 0.010620915032679739 0.01171875
3 0.610702614379085 0.43115234375 0.041666666666666664 0.0576171875
3 0.6266339869281046 0.4501953125 0.049019607843137254 0.0390625
3 0.6956699346405228 0.44091796875 0.06454248366013073 0.0732421875
3 0.5216503267973857 0.4287109375 0.007352941176470588 0.009765625
3 0.49836601307189543 0.4326171875 0.021241830065359478 0.017578125
3 0.4562908496732026 0.42236328125 0.035130718954248366 0.0458984375
1 0.44076797385620914 0.435546875 0.010620915032679739 0.037109375
