6 0.4812091503267974 0.4697265625 0.011437908496732025 0.0078125
10 0.4991830065359477 0.39111328125 0.004901960784313725 0.0166015625
10 0.5494281045751634 0.44873046875 0.004084967320261438 0.0146484375
10 0.4477124183006536 0.4453125 0.004901960784313725 0.013671875
10 0.4652777777777778 0.4560546875 0.0024509803921568627 0.009765625
10 0.3472222222222222 0.4228515625 0.004901960784313725 0.009765625
10 0.3190359477124183 0.4619140625 0.004084967320261438 0.009765625
10 0.1968954248366013 0.45751953125 0.0032679738562091504 0.0048828125
12 0.4035947712418301 0.46044921875 0.006535947712418301 0.0068359375
12 0.5363562091503268 0.45068359375 0.007352941176470588 0.0087890625
12 0.5375816993464052 0.4619140625 0.004901960784313725 0.005859375
12 0.20179738562091504 0.4443359375 0.016339869281045753 0.017578125
12 0.4497549019607843 0.48046875 0.007352941176470588 0.0078125
12 0.5433006535947712 0.4453125 0.00980392156862745 0.015625
4 0.9436274509803921 0.8427734375 0.1111111111111111 0.3125
3 0.3684640522875817 0.48095703125 0.016339869281045753 0.0126953125
3 0.40931372549019607 0.4775390625 0.03594771241830065 0.01953125
3 0.49550653594771243 0.482421875 0.018790849673202614 0.021484375
3 0.4820261437908497 0.4921875 0.0392156862745098 0.037109375
3 0.17197712418300654 0.47509765625 0.01715686274509804 0.0263671875
3 0.18341503267973855 0.4794921875 0.01715686274509804 0.01953125
