6 0.47944444444444445 0.446875 0.008888888888888889 0.01125
10 0.04972222222222222 0.33875 0.018333333333333333 0.02625
10 0.059166666666666666 0.2609375 0.020555555555555556 0.063125
10 0.24333333333333335 0.3565625 0.02 0.023125
10 0.2538888888888889 0.28875 0.02 0.0575
10 0.8705555555555555 0.3065625 0.015555555555555555 0.054375
10 0.8744444444444445 0.375 0.017777777777777778 0.01625
12 0.02722222222222222 0.31125 0.02 0.02375
12 0.8925 0.35625 0.06277777777777778 0.01875
12 0.8302777777777778 0.421875 0.010555555555555556 0.01875
12 0.73 0.40875 0.011111111111111112 0.01875
12 0.3655555555555556 0.4596875 0.013333333333333334 0.020625
12 0.5247222222222222 0.44125 0.006111111111111111 0.0075
12 0.5244444444444445 0.446875 0.005555555555555556 0.005
1 0.05305555555555556 0.44375 0.029444444444444443 0.10875
1 0.03638888888888889 0.4409375 0.011666666666666667 0.053125
1 0.08694444444444445 0.4421875 0.03388888888888889 0.121875
1 0.11861111111111111 0.4365625 0.02388888888888889 0.095625
1 0.12444444444444444 0.4425 0.024444444444444446 0.11125
1 0.19083333333333333 0.44875 0.030555555555555555 0.0925
1 0.5525 0.4615625 0.035 0.108125
1 0.5727777777777778 0.4596875 0.05333333333333334 0.119375
1 0.33305555555555555 0.459375 0.017222222222222222 0.05125
3 0.4841666666666667 0.4515625 0.009444444444444445 0.009375
3 0.45944444444444443 0.4540625 0.012222222222222223 0.016875
3 0.4461111111111111 0.4553125 0.02 0.029375
3 0.44027777777777777 0.456875 0.019444444444444445 0.03
3 0.4330555555555556 0.4596875 0.021666666666666667 0.033125
3 0.4197222222222222 0.456875 0.025 0.045
3 0.3947222222222222 0.45625 0.050555555555555555 0.055
3 0.37777777777777777 0.4621875 0.06222222222222222 0.051875
3 0.4936111111111111 0.456875 0.011666666666666667 0.02125
3 0.5069444444444444 0.459375 0.030555555555555555 0.02625
3 0.5255555555555556 0.4596875 0.008888888888888889 0.018125
3 0.5322222222222223 0.4628125 0.012222222222222223 0.018125
3 0.5705555555555556 0.4571875 0.06444444444444444 0.064375
3 0.6216666666666667 0.465 0.03888888888888889 0.04875
3 0.6366666666666667 0.47 0.04888888888888889 0.045
3 0.6986111111111111 0.4653125 0.09166666666666666 0.083125
3 0.9430555555555555 0.4921875 0.11277777777777778 0.100625
3 0.4736111111111111 0.4525 0.007222222222222222 0.00625
11 0.27666666666666667 0.4671875 0.013333333333333334 0.044375
