3 0.2041015625 0.5289713541666666 0.1630859375 0.11653645833333333
3 0.5771484375 0.5315755208333334 0.0400390625 0.050130208333333336
3 0.781494140625 0.5374348958333334 0.05615234375 0.068359375
3 0.90576171875 0.5309244791666666 0.1142578125 0.12044270833333333
3 0.614501953125 0.5283203125 0.03466796875 0.041015625
3 0.677001953125 0.5234375 0.02490234375 0.028645833333333332
1 0.656005859375 0.572265625 0.03662109375 0.11979166666666667
1 0.640625 0.5328776041666666 0.021484375 0.12044270833333333
1 0.7275390625 0.5836588541666666 0.052734375 0.19075520833333334
3 0.936767578125 0.5543619791666666 0.05615234375 0.09309895833333333
3 0.50390625 0.533203125 0.09765625 0.07942708333333333
