10 0.579345703125 0.5367838541666666 0.00830078125 0.013671875
10 0.443359375 0.5361328125 0.0078125 0.014973958333333334
10 0.5068359375 0.5393880208333334 0.0068359375 0.011067708333333334
10 0.287353515625 0.4830729166666667 0.01904296875 0.028645833333333332
10 0.641357421875 0.4860026041666667 0.01318359375 0.026692708333333332
12 0.293212890625 0.5257161458333334 0.01708984375 0.035807291666666664
12 0.640380859375 0.5296223958333334 0.01708984375 0.034505208333333336
12 0.853759765625 0.4274088541666667 0.03173828125 0.08138020833333333
12 0.142333984375 0.4765625 0.02587890625 0.09375
3 0.41064453125 0.5830078125 0.048828125 0.039713541666666664
3 0.531494140625 0.57421875 0.01806640625 0.020833333333333332
