12 0.9934640522875817 0.35986328125 0.011437908496732025 0.0146484375
12 0.9877450980392157 0.396484375 0.02287581699346405 0.048828125
12 0.9901960784313726 0.42919921875 0.017973856209150325 0.0126953125
12 0.9893790849673203 0.45703125 0.0196078431372549 0.041015625
12 0.9183006535947712 0.36767578125 0.08986928104575163 0.1083984375
12 0.4411764705882353 0.4921875 0.00980392156862745 0.013671875
12 0.375 0.486328125 0.017973856209150325 0.01953125
12 0.37540849673202614 0.5 0.013888888888888888 0.0078125
12 0.28921568627450983 0.48583984375 0.017973856209150325 0.0205078125
12 0.6245915032679739 0.48876953125 0.007352941176470588 0.0087890625
12 0.6245915032679739 0.49462890625 0.005718954248366013 0.0029296875
12 0.6241830065359477 0.49951171875 0.006535947712418301 0.0068359375
12 0.7851307189542484 0.4853515625 0.0196078431372549 0.015625
1 0.119281045751634 0.599609375 0.05065359477124183 0.14453125
2 0.26633986928104575 0.58349609375 0.05555555555555555 0.0615234375
4 0.09354575163398693 0.625 0.12336601307189543 0.095703125
4 0.12377450980392157 0.611328125 0.12009803921568628 0.103515625
4 0.1809640522875817 0.60400390625 0.07434640522875817 0.0966796875
4 0.19240196078431374 0.59765625 0.08251633986928104 0.099609375
4 0.22344771241830066 0.59228515625 0.06781045751633986 0.0830078125
3 0.5179738562091504 0.53662109375 0.032679738562091505 0.0322265625
3 0.4305555555555556 0.5390625 0.0457516339869281 0.033203125
3 0.39869281045751637 0.5341796875 0.02287581699346405 0.009765625
3 0.41013071895424835 0.57080078125 0.06045751633986928 0.0654296875
3 0.377859477124183 0.5556640625 0.03839869281045752 0.037109375
3 0.4959150326797386 0.52197265625 0.014705882352941176 0.0166015625
3 0.4803921568627451 0.525390625 0.026143790849673203 0.0234375
3 0.4714052287581699 0.53125 0.02287581699346405 0.01953125
3 0.47181372549019607 0.6318359375 0.16258169934640523 0.16015625
