10 0.779296875 0.39990234375 0.01796875 0.0517578125
10 0.099609375 0.416015625 0.01796875 0.060546875
10 0.46171875 0.46484375 0.009375 0.029296875
12 0.778515625 0.51318359375 0.01328125 0.0205078125
12 0.7765625 0.45947265625 0.03125 0.0517578125
12 0.10703125 0.484375 0.028125 0.048828125
12 0.10703125 0.5361328125 0.0109375 0.017578125
2 0.890625 0.619140625 0.059375 0.11328125
3 0.6125 0.49755859375 0.0234375 0.0263671875
3 0.59296875 0.48876953125 0.01875 0.0185546875
3 0.5765625 0.484375 0.0140625 0.01953125
3 0.47578125 0.5458984375 0.0515625 0.06640625
3 0.428515625 0.57080078125 0.09765625 0.0888671875
3 0.440625 0.51123046875 0.025 0.0302734375
3 0.40234375 0.5263671875 0.0640625 0.0546875
1 0.889453125 0.58837890625 0.05546875 0.1376953125
