6 0.4505718954248366 0.3935546875 0.025326797385620915 0.033203125
10 0.3137254901960784 0.31103515625 0.017973856209150325 0.0634765625
10 0.7120098039215687 0.31689453125 0.015522875816993464 0.0615234375
10 0.6727941176470589 0.32861328125 0.012254901960784314 0.0537109375
10 0.608251633986928 0.35400390625 0.008986928104575163 0.0361328125
10 0.5821078431372549 0.37060546875 0.007352941176470588 0.0244140625
10 0.5694444444444444 0.3779296875 0.006535947712418301 0.0234375
10 0.9607843137254902 0.09326171875 0.0196078431372549 0.0732421875
12 0.9697712418300654 0.3955078125 0.008169934640522876 0.013671875
12 0.9726307189542484 0.37109375 0.012254901960784314 0.033203125
12 0.9738562091503268 0.34033203125 0.011437908496732025 0.0283203125
8 0.4869281045751634 0.396484375 0.02287581699346405 0.021484375
8 0.8447712418300654 0.4189453125 0.15522875816993464 0.15234375
3 0.1801470588235294 0.44873046875 0.3145424836601307 0.3134765625
3 0.7655228758169934 0.4091796875 0.058823529411764705 0.013671875
3 0.6748366013071896 0.4287109375 0.017973856209150325 0.033203125
3 0.6331699346405228 0.41455078125 0.05228758169934641 0.0576171875
3 0.5706699346405228 0.41552734375 0.01715686274509804 0.0205078125
3 0.5559640522875817 0.40966796875 0.01715686274509804 0.0166015625
3 0.6058006535947712 0.43701171875 0.08415032679738563 0.0712890625
3 0.5318627450980392 0.4150390625 0.03104575163398693 0.03515625
3 0.5093954248366013 0.40966796875 0.02369281045751634 0.0302734375
3 0.4832516339869281 0.40625 0.018790849673202614 0.017578125
3 0.4571078431372549 0.40625 0.02042483660130719 0.01953125
3 0.4334150326797386 0.39892578125 0.008986928104575163 0.0166015625
3 0.9877450980392157 0.44580078125 0.02287581699346405 0.0830078125
