12 0.6933333333333334 0.3834375 0.03222222222222222 0.046875
12 0.16583333333333333 0.4065625 0.012777777777777779 0.023125
12 0.1688888888888889 0.4278125 0.017777777777777778 0.009375
1 0.22972222222222222 0.4921875 0.01611111111111111 0.049375
3 0.11333333333333333 0.521875 0.18222222222222223 0.15
3 0.8430555555555556 0.4978125 0.31277777777777777 0.341875
3 0.6616666666666666 0.4934375 0.12444444444444444 0.124375
3 0.5897222222222223 0.4778125 0.0661111111111111 0.068125
3 0.5527777777777778 0.4775 0.03 0.03375
3 0.5394444444444444 0.4721875 0.02666666666666667 0.029375
3 0.5211111111111111 0.471875 0.013333333333333334 0.0175
3 0.5091666666666667 0.47125 0.013888888888888888 0.01
3 0.39166666666666666 0.4803125 0.03666666666666667 0.035625
3 0.41833333333333333 0.476875 0.02666666666666667 0.02625
3 0.43527777777777776 0.47375 0.02277777777777778 0.0225
3 0.47583333333333333 0.4696875 0.008333333333333333 0.009375
