12 0.515234375 0.43359375 0.00703125 0.0078125
1 0.0421875 0.5546875 0.0390625 0.1171875
3 0.046484375 0.70849609375 0.09296875 0.2451171875
3 0.065625 0.54443359375 0.096875 0.0966796875
3 0.062109375 0.52978515625 0.12421875 0.0712890625
3 0.052734375 0.49609375 0.10546875 0.0390625
3 0.162109375 0.51513671875 0.11015625 0.0634765625
3 0.2546875 0.5419921875 0.1203125 0.125
3 0.303515625 0.484375 0.05390625 0.0390625
3 0.340625 0.4833984375 0.0296875 0.02734375
3 0.348828125 0.47265625 0.04921875 0.033203125
3 0.415625 0.4736328125 0.0234375 0.0234375
3 0.461328125 0.4619140625 0.01796875 0.017578125
3 0.457421875 0.4619140625 0.03203125 0.013671875
3 0.439453125 0.45654296875 0.00859375 0.0146484375
3 0.428515625 0.4560546875 0.00859375 0.0078125
3 0.491015625 0.45654296875 0.02265625 0.0126953125
3 0.5015625 0.4638671875 0.009375 0.01953125
3 0.512890625 0.46826171875 0.02265625 0.0263671875
3 0.516796875 0.4736328125 0.01484375 0.025390625
3 0.531640625 0.4794921875 0.03515625 0.03515625
3 0.5359375 0.4853515625 0.0296875 0.033203125
3 0.558203125 0.4970703125 0.04453125 0.04296875
3 0.56328125 0.50732421875 0.0296875 0.0478515625
3 0.591015625 0.513671875 0.06015625 0.05859375
3 0.61640625 0.52294921875 0.06875 0.0654296875
3 0.632421875 0.533203125 0.07578125 0.07421875
3 0.691015625 0.55908203125 0.09609375 0.1279296875
3 0.782421875 0.5849609375 0.19609375 0.18359375
3 0.867578125 0.66064453125 0.21015625 0.2197265625
3 0.939453125 0.67138671875 0.11953125 0.3115234375
3 0.6640625 0.47314453125 0.065625 0.0322265625
3 0.544921875 0.4521484375 0.02265625 0.013671875
