10 0.27444444444444444 0.2846875 0.011111111111111112 0.031875
10 0.45666666666666667 0.3709375 0.008888888888888889 0.025625
10 0.45666666666666667 0.399375 0.0077777777777777776 0.01
10 0.5988888888888889 0.366875 0.005555555555555556 0.02125
10 0.7991666666666667 0.3546875 0.013888888888888888 0.038125
10 0.8419444444444445 0.0703125 0.02722222222222222 0.071875
10 0.5794444444444444 0.3971875 0.01 0.010625
12 0.27111111111111114 0.4115625 0.01 0.014375
12 0.35888888888888887 0.39625 0.017777777777777778 0.0225
12 0.36 0.4128125 0.01 0.009375
12 0.42527777777777775 0.315625 0.05388888888888889 0.015
3 0.1075 0.471875 0.215 0.23875
3 0.22722222222222221 0.4478125 0.06888888888888889 0.065625
