10 0.7386111111111111 0.4109375 0.010555555555555556 0.013125
10 0.5425 0.3871875 0.011666666666666667 0.030625
10 0.3927777777777778 0.3115625 0.01 0.031875
10 0.2916666666666667 0.30625 0.011111111111111112 0.03125
10 0.07194444444444445 0.4115625 0.009444444444444445 0.029375
10 0.07222222222222222 0.4353125 0.01 0.011875
10 0.9513888888888888 0.169375 0.02277777777777778 0.07
10 0.7713888888888889 0.1575 0.059444444444444446 0.14
10 0.7130555555555556 0.3778125 0.009444444444444445 0.031875
12 0.7991666666666667 0.376875 0.02277777777777778 0.0375
12 0.5355555555555556 0.3425 0.016666666666666666 0.01125
12 0.31416666666666665 0.30375 0.013888888888888888 0.015
1 0.9833333333333333 0.449375 0.03111111111111111 0.135
1 0.9525 0.4575 0.029444444444444443 0.12625
1 0.9069444444444444 0.4653125 0.029444444444444443 0.121875
1 0.8786111111111111 0.4634375 0.041666666666666664 0.128125
1 0.6380555555555556 0.451875 0.012777777777777779 0.03375
1 0.5769444444444445 0.458125 0.011666666666666667 0.0325
1 0.22611111111111112 0.471875 0.0077777777777777776 0.02375
1 0.6616666666666666 0.4490625 0.017777777777777778 0.040625
2 0.6991666666666667 0.568125 0.07722222222222222 0.16125
2 0.10083333333333333 0.48625 0.01611111111111111 0.0275
3 0.8091666666666667 0.4540625 0.11833333333333333 0.055625
3 0.41388888888888886 0.58625 0.4388888888888889 0.37
3 0.24861111111111112 0.47125 0.035 0.04
3 0.020277777777777777 0.568125 0.04055555555555555 0.19125
1 0.7194444444444444 0.5059375 0.12666666666666668 0.240625
1 0.10166666666666667 0.4765625 0.01888888888888889 0.049375
