10 0.43583333333333335 0.4421875 0.006111111111111111 0.006875
10 0.5191666666666667 0.439375 0.007222222222222222 0.0075
10 0.5975 0.3946875 0.012777777777777779 0.019375
10 0.605 0.3496875 0.017777777777777778 0.048125
10 0.8144444444444444 0.330625 0.022222222222222223 0.05125
12 0.4388888888888889 0.4340625 0.01 0.004375
12 0.5372222222222223 0.4134375 0.005555555555555556 0.008125
12 0.5380555555555555 0.4246875 0.008333333333333333 0.011875
12 0.5516666666666666 0.40125 0.013333333333333334 0.01875
12 0.5519444444444445 0.4246875 0.007222222222222222 0.010625
12 0.8194444444444444 0.363125 0.021111111111111112 0.01375
12 0.8652777777777778 0.3690625 0.03277777777777778 0.013125
1 0.36972222222222223 0.4621875 0.005 0.019375
1 0.34833333333333333 0.4628125 0.006666666666666667 0.024375
1 0.3438888888888889 0.4628125 0.005555555555555556 0.024375
1 0.09833333333333333 0.610625 0.19666666666666666 0.67875
1 0.1225 0.55625 0.09833333333333333 0.4475
1 0.23083333333333333 0.5453125 0.165 0.410625
1 0.2761111111111111 0.5721875 0.23555555555555555 0.448125
1 0.6747222222222222 0.5265625 0.08944444444444444 0.303125
1 0.7238888888888889 0.5321875 0.10111111111111111 0.368125
1 0.9205555555555556 0.529375 0.13555555555555557 0.31
1 0.8869444444444444 0.515 0.11055555555555556 0.28875
3 0.5255555555555556 0.465 0.042222222222222223 0.035
3 0.49277777777777776 0.45875 0.01 0.00875
3 0.48 0.455625 0.016666666666666666 0.015
11 0.59 0.4734375 0.011111111111111112 0.035625
