10 0.40380859375 0.5270182291666666 0.0068359375 0.024088541666666668
10 0.6376953125 0.5221354166666666 0.009765625 0.032552083333333336
10 0.774169921875 0.4104817708333333 0.02685546875 0.08268229166666667
10 0.7646484375 0.4967447916666667 0.01953125 0.036458333333333336
12 0.780029296875 0.4632161458333333 0.04833984375 0.018880208333333332
12 0.209228515625 0.5123697916666666 0.02099609375 0.029947916666666668
1 0.411376953125 0.6178385416666666 0.04248046875 0.13802083333333334
1 0.429443359375 0.619140625 0.04541015625 0.15234375
1 0.34716796875 0.5755208333333334 0.0126953125 0.033854166666666664
1 0.36572265625 0.5725911458333334 0.01171875 0.029296875
3 0.544921875 0.5807291666666666 0.029296875 0.036458333333333336
3 0.56787109375 0.5771484375 0.0205078125 0.031901041666666664
3 0.605712890625 0.5777994791666666 0.03564453125 0.031901041666666664
