10 0.445703125 0.4560546875 0.00703125 0.009765625
10 0.4875 0.4296875 0.0046875 0.005859375
10 0.509765625 0.447265625 0.00546875 0.0078125
10 0.565234375 0.4248046875 0.00703125 0.0078125
10 0.599609375 0.44873046875 0.00703125 0.0087890625
12 0.58046875 0.43017578125 0.015625 0.0048828125
12 0.534765625 0.45654296875 0.00546875 0.0087890625
12 0.38359375 0.5751953125 0.0265625 0.095703125
12 0.81015625 0.42431640625 0.025 0.0107421875
3 0.566796875 0.4697265625 0.01484375 0.015625
3 0.423828125 0.48779296875 0.02734375 0.0244140625
3 0.4 0.49267578125 0.021875 0.0263671875
3 0.378125 0.49609375 0.0375 0.03515625
3 0.60625 0.484375 0.0140625 0.03125
3 0.623828125 0.4892578125 0.03046875 0.033203125
