12 0.6975 0.376875 0.019444444444444445 0.03125
12 0.5575 0.419375 0.008333333333333333 0.015
12 0.53 0.426875 0.0077777777777777776 0.0125
12 0.5227777777777778 0.423125 0.006666666666666667 0.0075
3 0.9652777777777778 0.60875 0.06833333333333333 0.225
3 0.7994444444444444 0.4890625 0.3211111111111111 0.246875
3 0.6130555555555556 0.4703125 0.08722222222222223 0.090625
3 0.5705555555555556 0.465 0.04 0.05625
3 0.5441666666666667 0.458125 0.04611111111111111 0.05
3 0.46444444444444444 0.45 0.012222222222222223 0.0125
3 0.47583333333333333 0.4475 0.007222222222222222 0.0075
3 0.4527777777777778 0.4503125 0.008888888888888889 0.008125
3 0.44416666666666665 0.4509375 0.008333333333333333 0.011875
3 0.4325 0.4521875 0.018333333333333333 0.016875
3 0.4027777777777778 0.454375 0.03222222222222222 0.03375
3 0.395 0.4596875 0.02 0.028125
3 0.375 0.4621875 0.03222222222222222 0.038125
3 0.35 0.466875 0.044444444444444446 0.0425
3 0.33444444444444443 0.474375 0.044444444444444446 0.0425
3 0.2927777777777778 0.478125 0.05444444444444444 0.06875
3 0.2361111111111111 0.4871875 0.09444444444444444 0.088125
3 0.0925 0.52375 0.185 0.1375
