12 0.586328125 0.39453125 0.02578125 0.033203125
12 0.587109375 0.416015625 0.01171875 0.0078125
12 0.211328125 0.43212890625 0.01484375 0.0146484375
1 0.57734375 0.46484375 0.0140625 0.037109375
1 0.562890625 0.462890625 0.01484375 0.0390625
1 0.54609375 0.4716796875 0.0140625 0.041015625
1 0.2015625 0.494140625 0.0125 0.041015625
1 0.187890625 0.49462890625 0.01328125 0.0439453125
2 0.809765625 0.52392578125 0.05859375 0.0556640625
2 0.33671875 0.51220703125 0.015625 0.0380859375
3 0.909765625 0.79931640625 0.17890625 0.3994140625
3 0.6796875 0.595703125 0.1984375 0.173828125
3 0.612890625 0.5537109375 0.11171875 0.115234375
3 0.58125 0.53271484375 0.0953125 0.0986328125
3 0.72421875 0.48291015625 0.1265625 0.0849609375
3 0.837890625 0.46875 0.11015625 0.0703125
3 0.59140625 0.46923828125 0.071875 0.0380859375
3 0.49140625 0.4814453125 0.084375 0.037109375
3 0.38046875 0.484375 0.0375 0.033203125
3 0.362109375 0.4833984375 0.01484375 0.03125
3 0.359375 0.4794921875 0.03125 0.033203125
3 0.336328125 0.47998046875 0.02421875 0.0263671875
3 0.3203125 0.4775390625 0.0125 0.015625
3 0.296875 0.49560546875 0.0390625 0.0439453125
3 0.258203125 0.4794921875 0.01796875 0.025390625
3 0.236328125 0.48583984375 0.03984375 0.0439453125
3 0.046484375 0.591796875 0.09296875 0.14453125
3 0.126953125 0.64208984375 0.25390625 0.2294921875
3 0.11875 0.52099609375 0.0859375 0.0283203125
3 0.13671875 0.50537109375 0.0640625 0.0498046875
3 0.08515625 0.49658203125 0.0625 0.0419921875
1 0.33671875 0.4970703125 0.015625 0.048828125
