10 0.6905555555555556 0.36375 0.011111111111111112 0.0225
10 0.5458333333333333 0.404375 0.011666666666666667 0.02875
10 0.5508333333333333 0.4359375 0.009444444444444445 0.010625
10 0.30083333333333334 0.4071875 0.010555555555555556 0.029375
10 0.29388888888888887 0.4390625 0.01 0.009375
10 0.2111111111111111 0.40875 0.008888888888888889 0.02625
10 0.16361111111111112 0.4178125 0.015 0.015625
12 0.7461111111111111 0.4171875 0.01 0.016875
12 0.5541666666666667 0.4240625 0.020555555555555556 0.008125
12 0.18916666666666668 0.436875 0.01611111111111111 0.0075
12 0.31666666666666665 0.4375 0.005555555555555556 0.00875
12 0.3363888888888889 0.4471875 0.0038888888888888888 0.006875
1 0.56 0.47375 0.011111111111111112 0.0425
1 0.5436111111111112 0.4740625 0.010555555555555556 0.043125
1 0.5911111111111111 0.4634375 0.01 0.019375
2 0.48083333333333333 0.4725 0.008333333333333333 0.015
3 0.8533333333333334 0.52375 0.2922222222222222 0.285
3 0.7138888888888889 0.4725 0.08333333333333333 0.045
3 0.4494444444444444 0.4646875 0.016666666666666666 0.018125
3 0.42694444444444446 0.465625 0.012777777777777779 0.0125
3 0.4172222222222222 0.469375 0.013333333333333334 0.0175
3 0.40305555555555556 0.4715625 0.025 0.028125
3 0.3786111111111111 0.4778125 0.04388888888888889 0.039375
3 0.325 0.483125 0.08444444444444445 0.065
3 0.10305555555555555 0.48375 0.165 0.1225
3 0.059722222222222225 0.515625 0.04833333333333333 0.0875
1 0.48055555555555557 0.4675 0.008888888888888889 0.02375
3 0.034722222222222224 0.5878125 0.06944444444444445 0.261875
