6 0.6650326797385621 0.45849609375 0.09477124183006536 0.1376953125
6 0.5093954248366013 0.45751953125 0.035130718954248366 0.0244140625
10 0.5441176470588235 0.4169921875 0.008169934640522876 0.02734375
10 0.7561274509803921 0.42041015625 0.010620915032679739 0.0283203125
12 0.024509803921568627 0.447265625 0.027777777777777776 0.013671875
12 0.12418300653594772 0.44482421875 0.021241830065359478 0.0205078125
1 0.2769607843137255 0.48095703125 0.006535947712418301 0.0205078125
8 0.16830065359477125 0.46630859375 0.13562091503267973 0.0751953125
3 0.9669117647058824 0.705078125 0.06454248366013073 0.2265625
3 0.8876633986928104 0.6005859375 0.22303921568627452 0.220703125
3 0.7397875816993464 0.5341796875 0.18218954248366012 0.162109375
3 0.5600490196078431 0.49169921875 0.06781045751633986 0.0654296875
3 0.5910947712418301 0.49169921875 0.012254901960784314 0.0478515625
3 0.5980392156862745 0.482421875 0.03594771241830065 0.046875
