10 0.4836111111111111 0.4446875 0.002777777777777778 0.006875
10 0.45416666666666666 0.4309375 0.002777777777777778 0.008125
12 0.7705555555555555 0.3809375 0.015555555555555555 0.013125
12 0.7691666666666667 0.3546875 0.017222222222222222 0.029375
12 0.6261111111111111 0.3740625 0.01888888888888889 0.026875
12 0.5505555555555556 0.4034375 0.02 0.024375
12 0.5508333333333333 0.424375 0.012777777777777779 0.0075
12 0.205 0.435625 0.01 0.015
12 0.175 0.4159375 0.01888888888888889 0.020625
12 0.17472222222222222 0.4359375 0.011666666666666667 0.006875
12 0.004722222222222222 0.4375 0.006111111111111111 0.0175
12 0.2813888888888889 0.44125 0.008333333333333333 0.01
12 0.36583333333333334 0.466875 0.007222222222222222 0.02375
1 0.6119444444444444 0.4578125 0.008333333333333333 0.024375
1 0.07777777777777778 0.4809375 0.014444444444444444 0.040625
1 0.09083333333333334 0.4715625 0.011666666666666667 0.023125
3 0.925 0.576875 0.14888888888888888 0.24375
3 0.7111111111111111 0.501875 0.18444444444444444 0.1325
3 0.5902777777777778 0.4628125 0.04055555555555555 0.040625
3 0.5036111111111111 0.4634375 0.02388888888888889 0.023125
3 0.475 0.465 0.03 0.025
3 0.44083333333333335 0.4621875 0.011666666666666667 0.011875
3 0.44666666666666666 0.460625 0.0077777777777777776 0.01125
3 0.4136111111111111 0.463125 0.01611111111111111 0.0125
3 0.3933333333333333 0.4634375 0.012222222222222223 0.010625
3 0.32916666666666666 0.4690625 0.020555555555555556 0.015625
3 0.34 0.466875 0.014444444444444444 0.015
3 0.35083333333333333 0.465625 0.013888888888888888 0.015
3 0.35833333333333334 0.4659375 0.0077777777777777776 0.014375
3 0.2836111111111111 0.4759375 0.051666666666666666 0.035625
3 0.12472222222222222 0.4859375 0.08277777777777778 0.059375
