10 0.6601307189542484 0.3671875 0.006535947712418301 0.015625
10 0.7389705882352942 0.39208984375 0.004084967320261438 0.0068359375
12 0.7397875816993464 0.3671875 0.04820261437908497 0.029296875
12 0.7226307189542484 0.38720703125 0.008986928104575163 0.0107421875
12 0.3125 0.39990234375 0.041666666666666664 0.0595703125
12 0.5955882352941176 0.271484375 0.0392156862745098 0.03125
12 0.5931372549019608 0.30078125 0.07026143790849673 0.021484375
1 0.9681372549019608 0.45849609375 0.0196078431372549 0.0498046875
1 0.9934640522875817 0.4580078125 0.011437908496732025 0.0390625
1 0.9848856209150327 0.46337890625 0.010620915032679739 0.0458984375
1 0.9526143790849673 0.44677734375 0.013071895424836602 0.0322265625
1 0.943218954248366 0.4423828125 0.010620915032679739 0.025390625
4 0.8852124183006536 0.65380859375 0.22794117647058823 0.3408203125
3 0.704248366013072 0.42236328125 0.049019607843137254 0.0361328125
3 0.6597222222222222 0.4150390625 0.04330065359477124 0.03125
1 0.883578431372549 0.53173828125 0.16094771241830066 0.3212890625
