10 0.8276143790849673 0.46484375 0.008169934640522876 0.0234375
12 0.6940359477124183 0.4677734375 0.007352941176470588 0.01953125
12 0.6511437908496732 0.47119140625 0.006535947712418301 0.0205078125
12 0.6499183006535948 0.4892578125 0.010620915032679739 0.013671875
12 0.6678921568627451 0.48095703125 0.007352941176470588 0.0087890625
12 0.6678921568627451 0.49267578125 0.012254901960784314 0.0146484375
12 0.5870098039215687 0.48876953125 0.008986928104575163 0.0087890625
12 0.5870098039215687 0.4970703125 0.007352941176470588 0.0078125
1 0.3304738562091503 0.52685546875 0.02042483660130719 0.0576171875
1 0.3055555555555556 0.52978515625 0.016339869281045753 0.0439453125
1 0.2818627450980392 0.5283203125 0.014705882352941176 0.060546875
1 0.2716503267973856 0.52197265625 0.01715686274509804 0.0419921875
1 0.26348039215686275 0.5361328125 0.02369281045751634 0.07421875
1 0.049836601307189546 0.57421875 0.04411764705882353 0.1328125
1 0.12622549019607843 0.5615234375 0.03676470588235294 0.13671875
2 0.9219771241830066 0.63330078125 0.07924836601307189 0.0791015625
3 0.8921568627450981 0.7939453125 0.21405228758169934 0.41015625
3 0.7009803921568627 0.61376953125 0.24019607843137256 0.2041015625
3 0.5371732026143791 0.5732421875 0.125 0.087890625
3 0.48080065359477125 0.537109375 0.03349673202614379 0.041015625
3 0.4464869281045752 0.54052734375 0.06290849673202614 0.0498046875
3 0.39950980392156865 0.5458984375 0.11437908496732026 0.02734375
3 0.3464052287581699 0.72607421875 0.3480392156862745 0.3466796875
1 0.9240196078431373 0.59521484375 0.06862745098039216 0.1494140625
