10 0.37277777777777776 0.3934375 0.006666666666666667 0.015625
10 0.42277777777777775 0.3890625 0.005555555555555556 0.014375
10 0.4413888888888889 0.4025 0.0038888888888888888 0.01
10 0.4752777777777778 0.404375 0.0038888888888888888 0.01125
10 0.525 0.4290625 0.0044444444444444444 0.011875
12 0.9613888888888888 0.143125 0.07611111111111112 0.17875
12 0.4141666666666667 0.3884375 0.006111111111111111 0.006875
12 0.44805555555555554 0.4015625 0.005 0.005625
12 0.5366666666666666 0.4253125 0.006666666666666667 0.008125
1 0.8197222222222222 0.4596875 0.028333333333333332 0.084375
3 0.1363888888888889 0.4865625 0.058333333333333334 0.039375
3 0.1738888888888889 0.4825 0.04111111111111111 0.0375
3 0.20027777777777778 0.4778125 0.041666666666666664 0.038125
3 0.22944444444444445 0.47875 0.027777777777777776 0.0275
3 0.3047222222222222 0.4703125 0.03833333333333333 0.031875
3 0.3625 0.4625 0.013888888888888888 0.02
3 0.3786111111111111 0.46375 0.025 0.02375
3 0.40805555555555556 0.46 0.019444444444444445 0.01625
3 0.4222222222222222 0.4578125 0.01 0.011875
3 0.4388888888888889 0.470625 0.03888888888888889 0.03625
3 0.4577777777777778 0.46125 0.02666666666666667 0.02875
3 0.49444444444444446 0.45625 0.012222222222222223 0.0075
1 0.8372222222222222 0.4678125 0.021111111111111112 0.030625
73 0.8327777777777777 0.473125 0.03333333333333333 0.06125
