6 0.5277777777777778 0.3515625 0.0915032679738562 0.134765625
10 0.8063725490196079 0.38232421875 0.00980392156862745 0.0185546875
10 0.8566176470588235 0.369140625 0.010620915032679739 0.03125
10 0.8190359477124183 0.37548828125 0.007352941176470588 0.0224609375
10 0.9362745098039216 0.39599609375 0.008169934640522876 0.0107421875
10 0.6368464052287581 0.3642578125 0.007352941176470588 0.009765625
10 0.6515522875816994 0.37451171875 0.007352941176470588 0.0087890625
12 0.2977941176470588 0.30908203125 0.02042483660130719 0.0400390625
1 0.0727124183006536 0.416015625 0.02287581699346405 0.080078125
1 0.09763071895424837 0.42626953125 0.035130718954248366 0.1005859375
1 0.12990196078431374 0.42919921875 0.03758169934640523 0.0966796875
1 0.1548202614379085 0.40869140625 0.015522875816993464 0.0458984375
1 0.9718137254901961 0.48046875 0.035130718954248366 0.064453125
1 0.9930555555555556 0.4501953125 0.012254901960784314 0.068359375
1 0.9718137254901961 0.4326171875 0.022058823529411766 0.0546875
1 0.9522058823529411 0.44873046875 0.022058823529411766 0.0712890625
1 0.8484477124183006 0.43359375 0.01715686274509804 0.052734375
1 0.7406045751633987 0.42724609375 0.013888888888888888 0.0439453125
1 0.7144607843137255 0.427734375 0.012254901960784314 0.04296875
1 0.696078431372549 0.427734375 0.011437908496732025 0.044921875
1 0.7549019607843137 0.421875 0.013071895424836602 0.033203125
1 0.7626633986928104 0.42333984375 0.010620915032679739 0.0361328125
1 0.8092320261437909 0.427734375 0.013888888888888888 0.0546875
3 0.30718954248366015 0.5009765625 0.3562091503267974 0.337890625
3 0.5392156862745098 0.44921875 0.12254901960784313 0.16015625
