1 0.8036111111111112 0.4934375 0.04055555555555555 0.133125
1 0.8577777777777778 0.4940625 0.03888888888888889 0.133125
1 0.8288888888888889 0.529375 0.028888888888888888 0.06125
3 0.1125 0.4584375 0.06277777777777778 0.039375
3 0.195 0.466875 0.12555555555555556 0.0675
3 0.3688888888888889 0.4721875 0.16111111111111112 0.075625
3 0.48 0.474375 0.09777777777777778 0.06125
3 0.5366666666666666 0.4728125 0.08888888888888889 0.055625
3 0.6905555555555556 0.4671875 0.08444444444444445 0.056875
3 0.7694444444444445 0.474375 0.15555555555555556 0.05875
3 0.9047222222222222 0.4646875 0.07277777777777777 0.056875
3 0.9663888888888889 0.4890625 0.0661111111111111 0.131875
