12 0.022265625 0.408203125 0.03984375 0.052734375
12 0.02265625 0.4482421875 0.040625 0.02734375
12 0.199609375 0.44970703125 0.01171875 0.0205078125
12 0.518359375 0.43505859375 0.01015625 0.0166015625
12 0.593359375 0.4248046875 0.01015625 0.0234375
1 0.57578125 0.5576171875 0.0578125 0.16015625
1 0.8609375 0.48974609375 0.034375 0.0556640625
1 0.889453125 0.4921875 0.03984375 0.09765625
1 0.94375 0.53271484375 0.0546875 0.0947265625
1 0.916015625 0.53515625 0.03515625 0.08984375
1 0.894140625 0.52978515625 0.03203125 0.0927734375
2 0.25 0.51953125 0.0140625 0.037109375
2 0.470703125 0.49755859375 0.01171875 0.0302734375
2 0.657421875 0.52197265625 0.03046875 0.1005859375
2 0.69296875 0.54638671875 0.0484375 0.0654296875
2 0.69921875 0.52685546875 0.0640625 0.0712890625
2 0.064453125 0.55712890625 0.03203125 0.0869140625
2 0.076953125 0.5537109375 0.05859375 0.052734375
2 0.009765625 0.564453125 0.01953125 0.05859375
8 0.4703125 0.45263671875 0.0203125 0.0146484375
4 0.60078125 0.5302734375 0.08125 0.06640625
3 0.374609375 0.4794921875 0.01640625 0.029296875
3 0.356640625 0.48388671875 0.03671875 0.0400390625
3 0.39609375 0.4697265625 0.015625 0.017578125
3 0.418359375 0.49560546875 0.05859375 0.0595703125
3 0.4890625 0.470703125 0.0296875 0.03125
3 0.506640625 0.48974609375 0.01640625 0.0419921875
3 0.521875 0.4921875 0.0375 0.046875
3 0.52578125 0.50244140625 0.03125 0.0556640625
3 0.56484375 0.509765625 0.0765625 0.083984375
3 0.466015625 0.46630859375 0.01328125 0.0185546875
3 0.4546875 0.4658203125 0.0140625 0.015625
1 0.2515625 0.50341796875 0.01875 0.0498046875
1 0.469140625 0.4853515625 0.01328125 0.044921875
11 0.309375 0.4912109375 0.0078125 0.015625
