10 0.36640625 0.46728515625 0.0078125 0.0126953125
10 0.47890625 0.44189453125 0.009375 0.0224609375
10 0.678515625 0.42822265625 0.01171875 0.0185546875
10 0.737109375 0.42724609375 0.01328125 0.0263671875
10 0.735546875 0.451171875 0.00703125 0.01171875
10 0.796484375 0.4228515625 0.00859375 0.01953125
12 0.826171875 0.419921875 0.02578125 0.02734375
12 0.228125 0.455078125 0.0109375 0.02734375
3 0.32734375 0.55224609375 0.1046875 0.0791015625
3 0.57421875 0.48486328125 0.046875 0.0341796875
3 0.542578125 0.4775390625 0.01953125 0.021484375
