12 0.644287109375 0.4830729166666667 0.01708984375 0.020833333333333332
12 0.64453125 0.4964192708333333 0.0078125 0.005859375
2 0.66357421875 0.572265625 0.0234375 0.06770833333333333
3 0.465576171875 0.5322265625 0.02587890625 0.025390625
3 0.486083984375 0.5302734375 0.01611328125 0.026692708333333332
3 0.39501953125 0.5465494791666666 0.0400390625 0.043619791666666664
3 0.35302734375 0.5481770833333334 0.05078125 0.059895833333333336
3 0.32861328125 0.5595703125 0.064453125 0.057942708333333336
3 0.27294921875 0.5699869791666666 0.0556640625 0.07877604166666667
3 0.211669921875 0.5794270833333334 0.12548828125 0.09244791666666667
1 0.663818359375 0.5559895833333334 0.02294921875 0.08072916666666667
11 0.769775390625 0.59765625 0.02099609375 0.052083333333333336
