6 0.22508169934640523 0.541015625 0.255718954248366 0.099609375
10 0.43790849673202614 0.4580078125 0.00980392156862745 0.029296875
10 0.44199346405228757 0.51806640625 0.006535947712418301 0.0068359375
10 0.7434640522875817 0.4814453125 0.00980392156862745 0.025390625
10 0.7720588235294118 0.49609375 0.011437908496732025 0.025390625
10 0.9191176470588235 0.4921875 0.00980392156862745 0.01171875
10 0.3619281045751634 0.50341796875 0.0032679738562091504 0.0068359375
12 0.5326797385620915 0.50830078125 0.00980392156862745 0.0107421875
12 0.5330882352941176 0.5166015625 0.007352941176470588 0.005859375
12 0.741421568627451 0.49609375 0.008986928104575163 0.009765625
12 0.7418300653594772 0.50732421875 0.006535947712418301 0.0107421875
12 0.7798202614379085 0.47802734375 0.018790849673202614 0.0068359375
12 0.7785947712418301 0.4580078125 0.024509803921568627 0.029296875
4 0.14133986928104575 0.578125 0.05228758169934641 0.048828125
4 0.5044934640522876 0.54736328125 0.010620915032679739 0.0185546875
4 0.4897875816993464 0.54833984375 0.010620915032679739 0.0185546875
4 0.48080065359477125 0.54931640625 0.010620915032679739 0.0166015625
4 0.4616013071895425 0.54736328125 0.00980392156862745 0.0185546875
3 0.024101307189542485 0.57373046875 0.04820261437908497 0.0576171875
3 0.11356209150326797 0.56982421875 0.08660130718954248 0.0615234375
3 0.4133986928104575 0.55419921875 0.06862745098039216 0.0380859375
3 0.5947712418300654 0.54052734375 0.021241830065359478 0.0205078125
3 0.6299019607843137 0.5419921875 0.0457516339869281 0.02734375
3 0.7165032679738562 0.53125 0.0196078431372549 0.025390625
3 0.9313725490196079 0.7607421875 0.13562091503267973 0.4765625
1 0.14256535947712418 0.564453125 0.028594771241830064 0.07421875
