10 0.25083333333333335 0.4025 0.009444444444444445 0.0275
1 0.9702777777777778 0.4465625 0.03166666666666667 0.123125
1 0.8922222222222222 0.43125 0.01888888888888889 0.04875
1 0.9044444444444445 0.43 0.023333333333333334 0.04625
1 0.8663888888888889 0.43125 0.028333333333333332 0.05625
1 0.8469444444444445 0.4275 0.019444444444444445 0.0475
3 0.12277777777777778 0.5309375 0.22111111111111112 0.164375
3 0.4930555555555556 0.4871875 0.20944444444444443 0.215625
3 0.33416666666666667 0.481875 0.07388888888888889 0.0575
3 0.37722222222222224 0.4678125 0.03777777777777778 0.040625
