12 0.8397222222222223 0.3553125 0.04611111111111111 0.054375
12 0.6313888888888889 0.4278125 0.018333333333333333 0.009375
12 0.6319444444444444 0.4409375 0.012777777777777779 0.015625
12 0.6305555555555555 0.41 0.02666666666666667 0.025
1 0.8638888888888889 0.4765625 0.04666666666666667 0.139375
1 0.7708333333333334 0.47625 0.04055555555555555 0.12125
1 0.03111111111111111 0.46875 0.012222222222222223 0.03
2 0.13694444444444445 0.4784375 0.020555555555555556 0.021875
1 0.1361111111111111 0.4690625 0.017777777777777778 0.033125
11 0.6308333333333334 0.5015625 0.018333333333333333 0.051875
3 0.46416666666666667 0.46625 0.07944444444444444 0.09375
