12 0.5941666666666666 0.43125 0.007222222222222222 0.00875
12 0.5469444444444445 0.4253125 0.007222222222222222 0.010625
12 0.5269444444444444 0.4309375 0.005 0.008125
12 0.5355555555555556 0.4309375 0.005555555555555556 0.005625
12 0.5530555555555555 0.4253125 0.005 0.011875
12 0.11972222222222222 0.4290625 0.017222222222222222 0.020625
12 0.4191666666666667 0.4334375 0.007222222222222222 0.009375
12 0.3386111111111111 0.4321875 0.010555555555555556 0.013125
12 0.7122222222222222 0.390625 0.017777777777777778 0.01375
12 0.7113888888888888 0.3678125 0.018333333333333333 0.030625
1 0.9816666666666667 0.4734375 0.024444444444444446 0.091875
1 0.9358333333333333 0.4696875 0.03166666666666667 0.103125
1 0.9177777777777778 0.47875 0.03 0.10875
1 0.8827777777777778 0.4815625 0.03333333333333333 0.104375
1 0.8952777777777777 0.4703125 0.018333333333333333 0.080625
1 0.8525 0.47 0.02388888888888889 0.08375
1 0.7958333333333333 0.4684375 0.013888888888888888 0.048125
1 0.7797222222222222 0.4625 0.021666666666666667 0.06125
1 0.7580555555555556 0.4640625 0.017222222222222222 0.058125
1 0.6825 0.4665625 0.012777777777777779 0.048125
1 0.6891666666666667 0.459375 0.009444444444444445 0.0375
1 0.6744444444444444 0.4578125 0.012222222222222223 0.036875
1 0.6636111111111112 0.46125 0.008333333333333333 0.03375
1 0.6566666666666666 0.45875 0.01 0.03875
1 0.6466666666666666 0.4496875 0.011111111111111112 0.034375
1 0.6191666666666666 0.450625 0.007222222222222222 0.025
1 0.6094444444444445 0.45125 0.006666666666666667 0.02625
1 0.5994444444444444 0.45125 0.006666666666666667 0.02625
1 0.5775 0.448125 0.007222222222222222 0.0275
1 0.3016666666666667 0.454375 0.005555555555555556 0.0175
1 0.5436111111111112 0.4453125 0.005 0.015625
2 0.5236111111111111 0.4565625 0.007222222222222222 0.014375
3 0.4875 0.4678125 0.055 0.045625
3 0.5736111111111111 0.44875 0.041666666666666664 0.01875
3 0.5047222222222222 0.443125 0.011666666666666667 0.01125
3 0.4677777777777778 0.4421875 0.006666666666666667 0.006875
1 0.5233333333333333 0.4496875 0.006666666666666667 0.020625
