10 0.763671875 0.4951171875 0.015625 0.027994791666666668
10 0.77392578125 0.4104817708333333 0.025390625 0.080078125
10 0.63916015625 0.5305989583333334 0.0166015625 0.024739583333333332
10 0.40625 0.5309244791666666 0.0185546875 0.026692708333333332
12 0.779541015625 0.4645182291666667 0.04931640625 0.024088541666666668
1 0.081298828125 0.5797526041666666 0.01904296875 0.06705729166666667
1 0.153564453125 0.5875651041666666 0.01025390625 0.059244791666666664
1 0.347900390625 0.5725911458333334 0.00830078125 0.033203125
1 0.36669921875 0.5719401041666666 0.0087890625 0.026692708333333332
3 0.606201171875 0.5777994791666666 0.03271484375 0.030598958333333332
3 0.5625 0.5771484375 0.0322265625 0.029296875
3 0.5830078125 0.5693359375 0.0166015625 0.021484375
