12 0.6736111111111112 0.391875 0.03277777777777778 0.035
12 0.6736111111111112 0.420625 0.013888888888888888 0.0225
12 0.16055555555555556 0.415625 0.02 0.02875
12 0.16055555555555556 0.4378125 0.014444444444444444 0.014375
12 0.4613888888888889 0.4359375 0.005 0.008125
12 0.37722222222222224 0.4378125 0.008888888888888889 0.018125
1 0.17944444444444443 0.4803125 0.015555555555555555 0.064375
1 0.20527777777777778 0.4828125 0.018333333333333333 0.061875
1 0.24555555555555555 0.475625 0.014444444444444444 0.04
1 0.2866666666666667 0.4765625 0.011111111111111112 0.026875
3 0.6313888888888889 0.4890625 0.10277777777777777 0.096875
3 0.051666666666666666 0.5140625 0.10333333333333333 0.141875
3 0.41305555555555556 0.466875 0.03388888888888889 0.0325
3 0.45 0.4565625 0.022222222222222223 0.015625
3 0.43583333333333335 0.453125 0.015 0.01125
3 0.4986111111111111 0.44625 0.030555555555555555 0.015
3 0.3983333333333333 0.4603125 0.012222222222222223 0.016875
