6 0.26015625 0.4228515625 0.1015625 0.123046875
12 0.16328125 0.35546875 0.0234375 0.0390625
12 0.1890625 0.39453125 0.015625 0.02734375
12 0.3765625 0.455078125 0.015625 0.03515625
12 0.41796875 0.4423828125 0.0203125 0.033203125
1 0.09375 0.4384765625 0.009375 0.029296875
1 0.10234375 0.4384765625 0.0078125 0.029296875
1 0.8375 0.5166015625 0.08125 0.279296875
3 0.0203125 0.4296875 0.040625 0.03515625
3 0.0109375 0.4365234375 0.021875 0.025390625
3 0.56328125 0.486328125 0.1171875 0.08203125
3 0.67890625 0.4970703125 0.2421875 0.103515625
3 0.896875 0.4794921875 0.203125 0.267578125
