10 0.2265625 0.451171875 0.00625 0.01953125
10 0.21328125 0.4677734375 0.0078125 0.009765625
10 0.33125 0.4521484375 0.00625 0.017578125
10 0.684375 0.4375 0.009375 0.02734375
10 0.61875 0.4541015625 0.00625 0.021484375
12 0.33359375 0.4697265625 0.0078125 0.017578125
12 0.61640625 0.474609375 0.0078125 0.015625
1 0.47890625 0.5009765625 0.0140625 0.037109375
1 0.46640625 0.501953125 0.0140625 0.03515625
3 0.52578125 0.5 0.0078125 0.0078125
3 0.5140625 0.50390625 0.015625 0.01953125
3 0.43515625 0.5048828125 0.0109375 0.017578125
3 0.42109375 0.5029296875 0.0140625 0.017578125
3 0.4078125 0.505859375 0.01875 0.015625
3 0.45703125 0.490234375 0.0296875 0.046875
3 0.56875 0.5068359375 0.046875 0.052734375
3 0.6890625 0.56640625 0.15 0.14453125
11 0.18359375 0.525390625 0.0078125 0.03125
3 0.26875 0.5078125 0.084375 0.03515625
