10 0.32421875 0.353515625 0.0046875 0.01953125
10 0.25625 0.3603515625 0.00625 0.017578125
10 0.35234375 0.3759765625 0.0046875 0.013671875
10 0.3953125 0.3779296875 0.00625 0.017578125
10 0.46015625 0.4111328125 0.0046875 0.017578125
10 0.5296875 0.408203125 0.00625 0.015625
10 0.53125 0.4228515625 0.003125 0.005859375
12 0.3109375 0.3525390625 0.009375 0.013671875
3 0.43359375 0.4814453125 0.0890625 0.087890625
3 0.37109375 0.4619140625 0.0359375 0.044921875
3 0.3234375 0.4716796875 0.06875 0.068359375
3 0.16171875 0.515625 0.1984375 0.16015625
3 0.2703125 0.451171875 0.0375 0.0390625
