10 0.68203125 0.396484375 0.0171875 0.05078125
10 0.0421875 0.3818359375 0.01875 0.048828125
12 0.05 0.4404296875 0.028125 0.052734375
12 0.6796875 0.458984375 0.028125 0.05078125
1 0.98125 0.5498046875 0.034375 0.126953125
1 0.934375 0.544921875 0.034375 0.12890625
1 0.75234375 0.546875 0.0328125 0.10546875
1 0.77890625 0.54296875 0.0296875 0.1015625
1 0.82421875 0.5458984375 0.0265625 0.095703125
1 0.07421875 0.5107421875 0.0171875 0.068359375
1 0.08984375 0.494140625 0.0140625 0.02734375
2 0.57265625 0.5546875 0.0234375 0.04296875
3 0.47734375 0.5625 0.1265625 0.125
3 0.53046875 0.505859375 0.0078125 0.0078125
3 0.35625 0.515625 0.046875 0.04296875
3 0.38671875 0.515625 0.0234375 0.0390625
3 0.4046875 0.513671875 0.01875 0.03515625
3 0.41875 0.51171875 0.021875 0.03515625
1 0.57265625 0.53125 0.0234375 0.0625
12 0.97734375 0.3525390625 0.0421875 0.060546875
