12 0.0359375 0.4189453125 0.040625 0.072265625
12 0.03828125 0.3447265625 0.0578125 0.064453125
1 0.22890625 0.5556640625 0.0234375 0.068359375
1 0.74140625 0.5703125 0.0140625 0.0390625
1 0.6203125 0.546875 0.009375 0.01953125
1 0.06015625 0.5478515625 0.0234375 0.068359375
3 0.3671875 0.56640625 0.034375 0.046875
3 0.32734375 0.5712890625 0.0609375 0.064453125
3 0.45078125 0.5419921875 0.0296875 0.021484375
3 0.44453125 0.5859375 0.0734375 0.0703125
3 0.528125 0.5341796875 0.03125 0.017578125
3 0.49453125 0.5400390625 0.0171875 0.017578125
3 0.48515625 0.53515625 0.0140625 0.015625
