1 0.39375 0.4306640625 0.021875 0.080078125
1 0.56640625 0.447265625 0.0265625 0.09375
1 0.58828125 0.44921875 0.0265625 0.08984375
3 0.06015625 0.4267578125 0.0890625 0.087890625
3 0.1203125 0.4248046875 0.05625 0.080078125
3 0.19453125 0.435546875 0.0609375 0.0625
3 0.265625 0.4482421875 0.115625 0.099609375
3 0.10546875 0.4013671875 0.1046875 0.072265625
3 0.35234375 0.439453125 0.0703125 0.0625
3 0.39921875 0.4306640625 0.0515625 0.052734375
3 0.43203125 0.42578125 0.0234375 0.04296875
3 0.44375 0.4248046875 0.01875 0.037109375
3 0.45625 0.423828125 0.025 0.03515625
3 0.46875 0.419921875 0.01875 0.03125
3 0.48125 0.4208984375 0.0125 0.025390625
3 0.490625 0.4189453125 0.0125 0.021484375
3 0.50078125 0.4169921875 0.0109375 0.017578125
3 0.5109375 0.416015625 0.0125 0.015625
3 0.64375 0.4501953125 0.090625 0.103515625
3 0.55234375 0.41796875 0.0109375 0.015625
3 0.54609375 0.4150390625 0.0078125 0.009765625
3 0.7046875 0.4326171875 0.028125 0.044921875
