10 0.93125 0.2412109375 0.05 0.064453125
10 0.91875 0.0791015625 0.034375 0.158203125
10 0.784375 0.3740234375 0.015625 0.021484375
10 0.578125 0.388671875 0.015625 0.01953125
10 0.58125 0.341796875 0.0125 0.05078125
10 0.4234375 0.38671875 0.00625 0.015625
12 0.8015625 0.3349609375 0.021875 0.029296875
12 0.4015625 0.3994140625 0.00625 0.009765625
1 0.70546875 0.4599609375 0.0234375 0.095703125
1 0.684375 0.455078125 0.025 0.09765625
1 0.665625 0.4580078125 0.021875 0.087890625
1 0.64453125 0.4658203125 0.0203125 0.080078125
1 0.62421875 0.4658203125 0.0265625 0.087890625
1 0.603125 0.431640625 0.015625 0.02734375
1 0.58984375 0.4580078125 0.0203125 0.091796875
1 0.57890625 0.458984375 0.0109375 0.08203125
1 0.14921875 0.4501953125 0.0109375 0.041015625
1 0.12890625 0.44140625 0.0140625 0.01953125
1 0.046875 0.4375 0.015625 0.02734375
1 0.0296875 0.44140625 0.009375 0.02734375
1 0.52578125 0.4482421875 0.0140625 0.037109375
2 0.47421875 0.46484375 0.0046875 0.01953125
2 0.0859375 0.4677734375 0.028125 0.037109375
3 0.4 0.4560546875 0.028125 0.029296875
3 0.37578125 0.453125 0.0140625 0.01953125
3 0.36953125 0.455078125 0.0171875 0.0234375
3 0.3546875 0.45703125 0.025 0.02734375
3 0.325 0.4580078125 0.0375 0.041015625
3 0.27109375 0.4619140625 0.0515625 0.052734375
1 0.4734375 0.4521484375 0.0125 0.037109375
