10 0.9796875 0.2236328125 0.01875 0.150390625
10 0.6703125 0.3125 0.015625 0.078125
10 0.2359375 0.0791015625 0.05 0.158203125
1 0.25078125 0.4443359375 0.0484375 0.181640625
1 0.2859375 0.4443359375 0.065625 0.185546875
1 0.4234375 0.43359375 0.028125 0.0859375
1 0.43359375 0.4990234375 0.0859375 0.232421875
1 0.7296875 0.4296875 0.009375 0.03515625
1 0.721875 0.4296875 0.009375 0.0390625
1 0.71015625 0.42578125 0.0109375 0.02734375
1 0.628125 0.4150390625 0.00625 0.017578125
1 0.575 0.4091796875 0.003125 0.013671875
3 0.52421875 0.4091796875 0.0140625 0.017578125
3 0.5484375 0.41796875 0.040625 0.05078125
3 0.59765625 0.4150390625 0.0296875 0.033203125
1 0.3265625 0.5185546875 0.05 0.095703125
