1 0.9765625 0.55859375 0.040625 0.11328125
1 0.9390625 0.5078125 0.05625 0.19140625
3 0.9796875 0.4775390625 0.0375 0.068359375
3 0.9390625 0.4814453125 0.10625 0.087890625
3 0.884375 0.4755859375 0.065625 0.072265625
3 0.8109375 0.4755859375 0.090625 0.072265625
3 0.6703125 0.48046875 0.2125 0.08984375
3 0.5140625 0.4697265625 0.1125 0.080078125
3 0.44609375 0.4677734375 0.1234375 0.091796875
3 0.30234375 0.458984375 0.2046875 0.11328125
3 0.1796875 0.4521484375 0.115625 0.083984375
3 0.0828125 0.4453125 0.159375 0.1015625
