12 0.60390625 0.44140625 0.0140625 0.00390625
12 0.60625 0.447265625 0.01875 0.0078125
12 0.5796875 0.4130859375 0.009375 0.013671875
4 0.66328125 0.5087890625 0.0171875 0.033203125
3 0.8046875 0.564453125 0.165625 0.15625
3 0.44765625 0.54296875 0.0984375 0.09375
3 0.53046875 0.5126953125 0.0546875 0.060546875
3 0.575 0.4921875 0.034375 0.03515625
3 0.58984375 0.4892578125 0.0140625 0.029296875
3 0.67265625 0.49609375 0.0296875 0.03515625
3 0.625 0.4814453125 0.015625 0.013671875
3 0.6078125 0.478515625 0.025 0.0234375
1 0.66484375 0.498046875 0.0140625 0.03515625
