10 0.68671875 0.4736328125 0.0078125 0.025390625
10 0.690625 0.5283203125 0.00625 0.017578125
10 0.74375 0.498046875 0.00625 0.0078125
10 0.27265625 0.4755859375 0.0078125 0.025390625
10 0.26875 0.5185546875 0.00625 0.017578125
10 0.20390625 0.5087890625 0.0078125 0.009765625
12 0.63359375 0.4716796875 0.0234375 0.048828125
12 0.5546875 0.4990234375 0.009375 0.013671875
12 0.5546875 0.486328125 0.009375 0.01171875
12 0.83125 0.42578125 0.04375 0.05859375
12 0.8328125 0.4716796875 0.0375 0.033203125
12 0.9734375 0.4189453125 0.0375 0.044921875
12 0.975 0.4609375 0.03125 0.03515625
12 0.33203125 0.4951171875 0.0203125 0.029296875
1 0.86875 0.5537109375 0.01875 0.072265625
1 0.7578125 0.564453125 0.028125 0.09375
1 0.72109375 0.5673828125 0.0265625 0.095703125
1 0.58828125 0.53515625 0.0109375 0.03125
1 0.58125 0.5341796875 0.009375 0.033203125
1 0.55859375 0.5283203125 0.0078125 0.029296875
1 0.5046875 0.5283203125 0.00625 0.021484375
1 0.5125 0.52734375 0.00625 0.01953125
1 0.4734375 0.55078125 0.0125 0.05078125
1 0.48046875 0.5478515625 0.0171875 0.052734375
1 0.43046875 0.5283203125 0.0046875 0.013671875
1 0.34140625 0.525390625 0.0046875 0.015625
1 0.3484375 0.5283203125 0.00625 0.013671875
1 0.35546875 0.525390625 0.0046875 0.015625
1 0.39609375 0.5302734375 0.0046875 0.017578125
1 0.7875 0.541015625 0.009375 0.0390625
1 0.94453125 0.5244140625 0.0234375 0.072265625
1 0.5390625 0.5322265625 0.00625 0.021484375
4 0.446875 0.5673828125 0.021875 0.052734375
3 0.40859375 0.5341796875 0.0234375 0.017578125
3 0.42265625 0.53125 0.0109375 0.015625
3 0.49140625 0.5234375 0.0171875 0.015625
3 0.4640625 0.525390625 0.01875 0.015625
3 0.31484375 0.5625 0.0328125 0.0546875
3 0.28984375 0.5625 0.0359375 0.078125
3 0.26796875 0.56640625 0.0453125 0.0859375
3 0.2296875 0.57421875 0.08125 0.09375
3 0.07578125 0.607421875 0.1515625 0.171875
3 0.62734375 0.5283203125 0.0515625 0.037109375
3 0.66875 0.529296875 0.04375 0.0390625
1 0.44609375 0.548828125 0.0234375 0.05078125
