10 0.6390625 0.2998046875 0.04375 0.048828125
10 0.6984375 0.3837890625 0.0125 0.017578125
10 0.690625 0.3369140625 0.015625 0.041015625
10 0.52421875 0.39453125 0.0140625 0.015625
10 0.52734375 0.3544921875 0.0109375 0.041015625
10 0.09296875 0.4111328125 0.0140625 0.017578125
10 0.0671875 0.3720703125 0.015625 0.044921875
12 0.65234375 0.2568359375 0.0140625 0.037109375
12 0.6359375 0.19921875 0.0375 0.07421875
12 0.69609375 0.3662109375 0.0109375 0.013671875
12 0.73046875 0.373046875 0.0296875 0.0078125
12 0.49296875 0.3916015625 0.0109375 0.017578125
1 0.51171875 0.4541015625 0.0140625 0.060546875
1 0.44296875 0.4541015625 0.0078125 0.025390625
3 0.46875 0.4599609375 0.040625 0.041015625
3 0.40546875 0.45703125 0.0140625 0.01171875
3 0.26875 0.4794921875 0.2 0.087890625
3 0.21015625 0.4580078125 0.0421875 0.025390625
