10 0.18203125 0.3857421875 0.0140625 0.048828125
10 0.18125 0.427734375 0.009375 0.01953125
10 0.25859375 0.3896484375 0.0140625 0.037109375
10 0.253125 0.4306640625 0.0125 0.013671875
10 0.61484375 0.37890625 0.0109375 0.03515625
10 0.6203125 0.4189453125 0.0125 0.013671875
12 0.26953125 0.3505859375 0.0453125 0.017578125
12 0.259375 0.4140625 0.025 0.01171875
12 0.1484375 0.4013671875 0.03125 0.009765625
12 0.56875 0.4130859375 0.0125 0.017578125
2 0.6671875 0.482421875 0.034375 0.0390625
3 0.403125 0.5419921875 0.35 0.384765625
1 0.66484375 0.4677734375 0.0265625 0.060546875
