2 0.02890625 0.5439453125 0.0546875 0.115234375
2 0.08046875 0.5380859375 0.0484375 0.095703125
2 0.16328125 0.5498046875 0.0671875 0.115234375
2 0.2203125 0.521484375 0.0375 0.08203125
2 0.296875 0.509765625 0.03125 0.0546875
2 0.3265625 0.4951171875 0.025 0.044921875
2 0.35703125 0.4853515625 0.0234375 0.037109375
3 0.18828125 0.466796875 0.0359375 0.0625
3 0.496875 0.4775390625 0.028125 0.041015625
3 0.50859375 0.4814453125 0.0234375 0.052734375
3 0.55 0.48046875 0.078125 0.08203125
1 0.32734375 0.4755859375 0.0234375 0.064453125
1 0.29765625 0.484375 0.0328125 0.09765625
1 0.22578125 0.4931640625 0.0421875 0.134765625
1 0.15625 0.494140625 0.05625 0.19921875
1 0.0828125 0.5068359375 0.05 0.138671875
1 0.3578125 0.470703125 0.021875 0.05859375
1 0.03125 0.501953125 0.0625 0.15234375
3 0.40234375 0.4716796875 0.0265625 0.025390625
10 0.615625 0.3291015625 0.0125 0.029296875
