1 0.68671875 0.5185546875 0.0453125 0.169921875
2 0.36171875 0.50390625 0.0234375 0.05859375
2 0.40546875 0.5595703125 0.0640625 0.173828125
3 0.11796875 0.5068359375 0.2359375 0.240234375
3 0.25234375 0.4931640625 0.1078125 0.123046875
3 0.47578125 0.4892578125 0.1109375 0.162109375
3 0.9265625 0.537109375 0.13125 0.28515625
3 0.83125 0.5380859375 0.134375 0.169921875
3 0.80390625 0.5009765625 0.2046875 0.193359375
3 0.66796875 0.5146484375 0.1078125 0.130859375
3 0.60234375 0.486328125 0.1265625 0.09765625
1 0.3609375 0.4794921875 0.028125 0.087890625
1 0.4015625 0.5068359375 0.065625 0.201171875
