10 0.1734375 0.3037109375 0.015625 0.056640625
10 0.13046875 0.298828125 0.0171875 0.0546875
10 0.4609375 0.404296875 0.003125 0.01171875
12 0.47265625 0.4111328125 0.0109375 0.005859375
3 0.62109375 0.478515625 0.0578125 0.05859375
3 0.5546875 0.470703125 0.028125 0.02734375
3 0.52578125 0.4638671875 0.0359375 0.025390625
3 0.1015625 0.4580078125 0.1125 0.052734375
3 0.1859375 0.4541015625 0.065625 0.044921875
3 0.23046875 0.455078125 0.0546875 0.04296875
3 0.3421875 0.4501953125 0.01875 0.017578125
3 0.74609375 0.4716796875 0.0796875 0.044921875
11 0.203125 0.484375 0.0125 0.04296875
