10 0.44375 0.5078125 0.00625 0.015625
12 0.0328125 0.5576171875 0.0125 0.041015625
12 0.03125 0.53125 0.009375 0.01171875
12 0.1015625 0.5546875 0.028125 0.01171875
12 0.0953125 0.5234375 0.025 0.015625
12 0.10546875 0.54296875 0.0140625 0.015625
12 0.21328125 0.5439453125 0.0171875 0.025390625
12 0.67734375 0.505859375 0.0265625 0.01171875
1 0.57109375 0.5966796875 0.0265625 0.091796875
1 0.1203125 0.595703125 0.0125 0.0390625
3 0.62109375 0.607421875 0.0859375 0.0859375
3 0.234375 0.607421875 0.078125 0.07421875
3 0.29921875 0.607421875 0.0484375 0.05078125
3 0.3328125 0.5986328125 0.040625 0.044921875
3 0.3625 0.5927734375 0.021875 0.037109375
3 0.38125 0.5908203125 0.01875 0.037109375
3 0.39453125 0.5849609375 0.0171875 0.029296875
3 0.45625 0.564453125 0.028125 0.01953125
3 0.5484375 0.5849609375 0.025 0.041015625
3 0.67578125 0.591796875 0.0296875 0.05859375
3 0.5390625 0.5595703125 0.034375 0.037109375
3 0.50546875 0.5625 0.0328125 0.015625
