10 0.56015625 0.408203125 0.0078125 0.0234375
10 0.27578125 0.4052734375 0.0078125 0.025390625
10 0.73203125 0.4248046875 0.0140625 0.017578125
12 0.6078125 0.408203125 0.01875 0.01953125
12 0.0359375 0.4130859375 0.03125 0.025390625
1 0.9453125 0.564453125 0.10625 0.59375
1 0.80859375 0.4990234375 0.0328125 0.080078125
1 0.7234375 0.4765625 0.015625 0.046875
1 0.671875 0.482421875 0.01875 0.0859375
1 0.3015625 0.4814453125 0.015625 0.056640625
1 0.0125 0.4794921875 0.021875 0.033203125
2 0.84921875 0.5263671875 0.0578125 0.083984375
3 0.446875 0.5234375 0.196875 0.20703125
3 0.3390625 0.48828125 0.053125 0.0546875
3 0.1265625 0.515625 0.253125 0.234375
