2 0.69765625 0.5439453125 0.0796875 0.150390625
2 0.54765625 0.5361328125 0.0453125 0.119140625
2 0.45546875 0.4716796875 0.0296875 0.056640625
2 0.42734375 0.4755859375 0.0296875 0.080078125
2 0.3859375 0.462890625 0.0125 0.046875
2 0.346875 0.4541015625 0.015625 0.052734375
2 0.33046875 0.4580078125 0.0109375 0.025390625
3 0.1078125 0.4267578125 0.09375 0.091796875
3 0.15625 0.4228515625 0.053125 0.087890625
1 0.6984375 0.46875 0.084375 0.2109375
1 0.575 0.4716796875 0.034375 0.162109375
1 0.546875 0.4814453125 0.0625 0.181640625
1 0.45546875 0.4345703125 0.0234375 0.087890625
1 0.43515625 0.435546875 0.0453125 0.12890625
1 0.38515625 0.4345703125 0.0265625 0.076171875
1 0.3484375 0.42578125 0.025 0.09375
1 0.3328125 0.4404296875 0.01875 0.044921875
