10 0.61796875 0.33984375 0.0109375 0.04296875
1 0.64375 0.4638671875 0.03125 0.123046875
1 0.8078125 0.4423828125 0.01875 0.064453125
1 0.86796875 0.4521484375 0.0265625 0.095703125
1 0.9375 0.41015625 0.040625 0.08984375
1 0.97109375 0.4912109375 0.0546875 0.236328125
1 0.98359375 0.4658203125 0.0296875 0.267578125
1 0.0234375 0.4736328125 0.01875 0.080078125
1 0.07734375 0.44921875 0.0109375 0.03125
1 0.0609375 0.4716796875 0.01875 0.080078125
1 0.1875 0.4638671875 0.0125 0.052734375
1 0.17265625 0.462890625 0.0140625 0.05078125
1 0.00625 0.4716796875 0.0125 0.087890625
1 0.19921875 0.4638671875 0.0078125 0.041015625
3 0.2546875 0.484375 0.08125 0.0703125
3 0.29609375 0.47265625 0.0578125 0.0625
3 0.434375 0.494140625 0.2 0.23046875
3 0.55 0.4892578125 0.065625 0.123046875
1 0.153125 0.4580078125 0.015625 0.056640625
