12 0.5796875 0.404296875 0.015625 0.0234375
12 0.58046875 0.4248046875 0.0078125 0.013671875
1 0.415625 0.4638671875 0.009375 0.021484375
1 0.3828125 0.46875 0.0125 0.03515625
1 0.49765625 0.4599609375 0.0078125 0.017578125
3 0.07265625 0.576171875 0.1453125 0.33984375
3 0.13984375 0.486328125 0.0515625 0.05078125
3 0.1875 0.4775390625 0.078125 0.048828125
3 0.25 0.4755859375 0.0375 0.033203125
3 0.28984375 0.4716796875 0.0296875 0.025390625
3 0.3046875 0.46875 0.021875 0.02734375
3 0.31953125 0.46875 0.0140625 0.01953125
3 0.35390625 0.4638671875 0.0171875 0.013671875
3 0.3703125 0.4599609375 0.0125 0.013671875
3 0.3953125 0.453125 0.009375 0.0078125
3 0.475 0.4638671875 0.01875 0.017578125
3 0.42421875 0.4521484375 0.0078125 0.009765625
