10 0.27734375 0.2119140625 0.0203125 0.072265625
10 0.85625 0.240234375 0.01875 0.07421875
12 0.34609375 0.2373046875 0.0171875 0.048828125
12 0.35234375 0.2880859375 0.0390625 0.048828125
12 0.4484375 0.36328125 0.009375 0.01171875
12 0.6296875 0.3564453125 0.009375 0.009765625
1 0.70390625 0.4150390625 0.0140625 0.052734375
1 0.56484375 0.4091796875 0.0046875 0.013671875
1 0.5296875 0.4111328125 0.003125 0.009765625
3 0.17578125 0.4345703125 0.1296875 0.068359375
3 0.60625 0.41015625 0.05625 0.03125
3 0.57734375 0.41015625 0.0140625 0.015625
