10 0.19765625 0.3349609375 0.0265625 0.080078125
10 0.13984375 0.337890625 0.0296875 0.078125
10 0.19921875 0.416015625 0.0234375 0.0234375
10 0.153125 0.41796875 0.01875 0.03125
12 0.02890625 0.21484375 0.0578125 0.046875
12 0.25078125 0.4248046875 0.0109375 0.025390625
1 0.14921875 0.51953125 0.0390625 0.1015625
1 0.10546875 0.53515625 0.0328125 0.10546875
1 0.13828125 0.53125 0.0609375 0.078125
8 0.9453125 0.44140625 0.10625 0.16015625
3 0.54921875 0.5078125 0.1703125 0.1171875
3 0.665625 0.4931640625 0.06875 0.068359375
3 0.734375 0.50390625 0.140625 0.1015625
3 0.8140625 0.486328125 0.084375 0.09375
3 0.92578125 0.490234375 0.1265625 0.1328125
