10 0.10703125 0.283203125 0.0203125 0.06640625
10 0.49609375 0.10546875 0.0171875 0.0703125
10 0.740625 0.287109375 0.01875 0.06640625
1 0.6984375 0.4677734375 0.01875 0.033203125
1 0.62578125 0.458984375 0.0140625 0.05078125
1 0.6359375 0.4580078125 0.0125 0.052734375
1 0.64609375 0.4609375 0.0109375 0.046875
1 0.4109375 0.44921875 0.009375 0.02734375
1 0.4 0.4453125 0.009375 0.03125
1 0.390625 0.443359375 0.009375 0.02734375
2 0.60625 0.5048828125 0.034375 0.076171875
3 0.46640625 0.4501953125 0.0140625 0.017578125
3 0.48515625 0.4501953125 0.0109375 0.013671875
3 0.5171875 0.44921875 0.0125 0.015625
3 0.5015625 0.4541015625 0.025 0.025390625
3 0.459375 0.453125 0.021875 0.01953125
3 0.26875 0.46484375 0.1 0.0859375
3 0.34375 0.4814453125 0.11875 0.087890625
1 0.60625 0.478515625 0.034375 0.11328125
2 0.6921875 0.490234375 0.03125 0.046875
10 0.7390625 0.37109375 0.021875 0.03125
10 0.125 0.28515625 0.0125 0.06640625
