10 0.17890625 0.3916015625 0.0171875 0.076171875
10 0.7671875 0.5400390625 0.009375 0.029296875
10 0.74921875 0.3984375 0.0171875 0.06640625
10 0.16640625 0.5234375 0.0078125 0.01171875
12 0.17734375 0.44921875 0.0296875 0.03515625
12 0.17578125 0.4775390625 0.0234375 0.017578125
12 0.76796875 0.33984375 0.0390625 0.046875
12 0.76875 0.4560546875 0.034375 0.044921875
12 0.971875 0.4609375 0.0375 0.0390625
12 0.971875 0.3974609375 0.04375 0.080078125
1 0.0265625 0.5556640625 0.028125 0.107421875
1 0.04375 0.556640625 0.025 0.09765625
1 0.05625 0.5517578125 0.01875 0.080078125
1 0.0828125 0.5185546875 0.015625 0.048828125
1 0.0984375 0.5263671875 0.01875 0.056640625
1 0.11640625 0.5302734375 0.0109375 0.052734375
1 0.12421875 0.5263671875 0.0078125 0.041015625
1 0.13984375 0.529296875 0.0171875 0.05859375
1 0.1875 0.51953125 0.009375 0.02734375
1 0.2140625 0.5166015625 0.0125 0.029296875
1 0.3609375 0.5400390625 0.021875 0.041015625
1 0.2625 0.5234375 0.00625 0.01953125
1 0.31796875 0.51953125 0.0078125 0.02734375
1 0.2984375 0.5224609375 0.00625 0.025390625
1 0.30546875 0.5205078125 0.0046875 0.025390625
1 0.415625 0.517578125 0.00625 0.0234375
1 0.42265625 0.5205078125 0.0078125 0.021484375
1 0.4296875 0.517578125 0.009375 0.01953125
1 0.4421875 0.5185546875 0.00625 0.017578125
1 0.44921875 0.5185546875 0.0078125 0.025390625
1 0.4578125 0.5185546875 0.009375 0.033203125
1 0.465625 0.51953125 0.009375 0.03125
1 0.4734375 0.5185546875 0.009375 0.033203125
1 0.48046875 0.5185546875 0.0078125 0.033203125
1 0.51171875 0.5693359375 0.0328125 0.087890625
1 0.52421875 0.5205078125 0.0109375 0.033203125
1 0.55546875 0.5166015625 0.0109375 0.033203125
1 0.56171875 0.529296875 0.0078125 0.0546875
1 0.58125 0.537109375 0.0125 0.0546875
1 0.621875 0.515625 0.009375 0.03515625
1 0.634375 0.53125 0.015625 0.05078125
1 0.696875 0.5732421875 0.040625 0.111328125
1 0.73125 0.576171875 0.0375 0.11328125
1 0.74375 0.541015625 0.0125 0.03125
1 0.82109375 0.568359375 0.0265625 0.1015625
1 0.8578125 0.5703125 0.034375 0.10546875
1 0.89140625 0.5419921875 0.0390625 0.080078125
1 0.91328125 0.5771484375 0.0359375 0.130859375
1 0.93671875 0.5849609375 0.0453125 0.154296875
1 0.9828125 0.6044921875 0.03125 0.193359375
2 0.890625 0.6259765625 0.084375 0.119140625
3 0.30390625 0.6708984375 0.2734375 0.232421875
3 0.446875 0.5966796875 0.11875 0.130859375
3 0.38671875 0.5322265625 0.0296875 0.025390625
