10 0.053125 0.3251953125 0.015625 0.056640625
10 0.6625 0.3427734375 0.015625 0.048828125
10 0.66171875 0.38671875 0.0171875 0.0234375
12 0.1421875 0.37890625 0.015625 0.02734375
1 0.184375 0.466796875 0.009375 0.04296875
1 0.14765625 0.4638671875 0.0078125 0.029296875
1 0.10234375 0.470703125 0.0078125 0.02734375
1 0.30234375 0.470703125 0.0328125 0.12890625
1 0.2828125 0.46484375 0.009375 0.0390625
1 0.27578125 0.46484375 0.0078125 0.03515625
1 0.2578125 0.46484375 0.009375 0.0390625
1 0.459375 0.4794921875 0.046875 0.115234375
1 0.74609375 0.5498046875 0.1765625 0.439453125
1 0.93359375 0.576171875 0.1296875 0.5234375
1 0.1640625 0.4580078125 0.0125 0.033203125
2 0.9046875 0.4775390625 0.03125 0.056640625
3 0.43203125 0.4677734375 0.0359375 0.056640625
3 0.40859375 0.4599609375 0.0171875 0.017578125
1 0.85859375 0.470703125 0.0171875 0.046875
1 0.84375 0.47265625 0.015625 0.05078125
