10 0.49375 0.3779296875 0.009375 0.025390625
10 0.4421875 0.3740234375 0.015625 0.025390625
10 0.36171875 0.3466796875 0.0203125 0.037109375
10 0.21328125 0.4248046875 0.0109375 0.033203125
10 0.2125 0.4541015625 0.009375 0.013671875
10 0.2421875 0.4423828125 0.009375 0.029296875
12 0.696875 0.37890625 0.034375 0.03125
12 0.5953125 0.3994140625 0.0125 0.048828125
12 0.52421875 0.400390625 0.0359375 0.01171875
12 0.465625 0.37109375 0.0125 0.01953125
12 0.265625 0.3876953125 0.05 0.013671875
1 0.07734375 0.4892578125 0.0140625 0.033203125
1 0.19375 0.494140625 0.0125 0.04296875
1 0.20234375 0.49609375 0.0109375 0.04296875
1 0.221875 0.4931640625 0.009375 0.041015625
1 0.7640625 0.443359375 0.021875 0.0625
1 0.7796875 0.4482421875 0.01875 0.060546875
1 0.79453125 0.453125 0.0140625 0.04296875
1 0.80390625 0.4443359375 0.0140625 0.056640625
1 0.8515625 0.4482421875 0.015625 0.048828125
1 0.0953125 0.4921875 0.01875 0.0546875
8 0.4359375 0.4658203125 0.084375 0.095703125
79 0.6875 0.4560546875 0.1 0.041015625
3 0.4875 0.484375 0.021875 0.046875
3 0.375 0.4931640625 0.028125 0.033203125
3 0.31953125 0.4892578125 0.0484375 0.056640625
3 0.52578125 0.4853515625 0.0296875 0.056640625
3 0.58828125 0.5029296875 0.1234375 0.123046875
