2 0.5328125 0.447265625 0.00625 0.01171875
3 0.9484375 0.654296875 0.1 0.16796875
3 0.88828125 0.59765625 0.1984375 0.15625
3 0.64765625 0.4765625 0.0515625 0.0546875
3 0.62421875 0.470703125 0.0203125 0.04296875
3 0.61640625 0.4599609375 0.0359375 0.041015625
3 0.59765625 0.4560546875 0.0234375 0.029296875
3 0.58984375 0.451171875 0.0203125 0.0234375
3 0.5828125 0.447265625 0.015625 0.01953125
3 0.57578125 0.44140625 0.0140625 0.015625
3 0.56640625 0.44140625 0.0078125 0.01171875
3 0.56484375 0.4345703125 0.0078125 0.009765625
3 0.55390625 0.4521484375 0.0234375 0.025390625
3 0.55234375 0.4345703125 0.0109375 0.009765625
3 0.5421875 0.4345703125 0.009375 0.009765625
3 0.528125 0.43359375 0.00625 0.01171875
3 0.51953125 0.439453125 0.0140625 0.01953125
3 0.5078125 0.4453125 0.01875 0.02734375
3 0.49140625 0.4521484375 0.0265625 0.033203125
3 0.47890625 0.4599609375 0.0296875 0.037109375
3 0.44921875 0.4658203125 0.0484375 0.052734375
3 0.40234375 0.4892578125 0.0765625 0.068359375
3 0.10390625 0.646484375 0.2078125 0.2578125
3 0.2390625 0.560546875 0.196875 0.203125
3 0.075 0.490234375 0.15 0.0859375
3 0.1890625 0.4580078125 0.15625 0.072265625
3 0.30546875 0.4521484375 0.0609375 0.037109375
1 0.54140625 0.44140625 0.0078125 0.02734375
1 0.5328125 0.435546875 0.00625 0.01953125
79 0.53984375 0.455078125 0.0046875 0.00390625
