10 0.40078125 0.4140625 0.0046875 0.01171875
10 0.35390625 0.4052734375 0.0046875 0.013671875
10 0.31953125 0.4140625 0.0046875 0.01171875
12 0.80078125 0.2724609375 0.0546875 0.080078125
12 0.66796875 0.27734375 0.0609375 0.06640625
12 0.66875 0.3408203125 0.0375 0.021484375
12 0.41328125 0.419921875 0.0140625 0.00390625
2 0.6296875 0.5185546875 0.053125 0.111328125
3 0.16796875 0.4716796875 0.0265625 0.037109375
3 0.1859375 0.466796875 0.03125 0.0390625
3 0.21328125 0.4697265625 0.0234375 0.029296875
3 0.23046875 0.46875 0.0171875 0.02734375
3 0.25703125 0.46484375 0.0203125 0.01953125
3 0.27890625 0.4619140625 0.0203125 0.017578125
3 0.32421875 0.455078125 0.0140625 0.02734375
3 0.3484375 0.458984375 0.025 0.02734375
3 0.3640625 0.4560546875 0.015625 0.025390625
3 0.39375 0.4580078125 0.01875 0.021484375
3 0.37421875 0.45703125 0.0078125 0.01953125
3 0.421875 0.455078125 0.0125 0.0234375
3 0.43203125 0.4599609375 0.0234375 0.025390625
3 0.096875 0.52734375 0.19375 0.23828125
1 0.63046875 0.4755859375 0.0515625 0.150390625
12 0.54453125 0.3916015625 0.0171875 0.009765625
