12 0.1203125 0.451171875 0.021875 0.01171875
12 0.2796875 0.384765625 0.025 0.04296875
12 0.28125 0.4404296875 0.01875 0.017578125
12 0.8140625 0.380859375 0.025 0.02734375
12 0.8796875 0.36328125 0.03125 0.046875
12 0.72890625 0.4091796875 0.0140625 0.017578125
12 0.72734375 0.42578125 0.0140625 0.015625
12 0.74140625 0.4189453125 0.0109375 0.021484375
12 0.4890625 0.4248046875 0.009375 0.009765625
12 0.43984375 0.4228515625 0.0046875 0.009765625
12 0.85078125 0.3232421875 0.1046875 0.080078125
3 0.05078125 0.556640625 0.1015625 0.23828125
3 0.53984375 0.4462890625 0.0203125 0.021484375
3 0.58203125 0.4521484375 0.0703125 0.083984375
3 0.6234375 0.44140625 0.015625 0.01171875
3 0.709375 0.4404296875 0.0125 0.009765625
3 0.69375 0.439453125 0.0125 0.01171875
3 0.64921875 0.4375 0.0109375 0.01171875
