10 0.015625 0.390625 0.015625 0.05078125
10 0.66953125 0.29296875 0.0171875 0.05859375
1 0.7890625 0.4375 0.021875 0.04296875
1 0.371875 0.46875 0.021875 0.12109375
1 0.38203125 0.4736328125 0.0296875 0.115234375
2 0.771875 0.5087890625 0.0375 0.107421875
2 0.9578125 0.5185546875 0.08125 0.162109375
3 0.42109375 0.439453125 0.0078125 0.0078125
3 0.43046875 0.4404296875 0.0109375 0.009765625
3 0.440625 0.443359375 0.00625 0.0078125
3 0.4390625 0.453125 0.0125 0.015625
11 0.62421875 0.4833984375 0.0171875 0.056640625
