6 0.38125 0.4560546875 0.05625 0.048828125
6 0.446875 0.44921875 0.08125 0.03515625
6 0.51640625 0.4482421875 0.0703125 0.083984375
6 0.6359375 0.427734375 0.0875 0.0390625
6 0.84765625 0.4052734375 0.3015625 0.119140625
1 0.11484375 0.48828125 0.0109375 0.04296875
1 0.13046875 0.48828125 0.0109375 0.03125
1 0.16953125 0.4814453125 0.0109375 0.037109375
1 0.35546875 0.4697265625 0.0046875 0.013671875
1 0.5484375 0.458984375 0.009375 0.0390625
1 0.55703125 0.4580078125 0.0109375 0.041015625
1 0.57265625 0.4580078125 0.0109375 0.044921875
1 0.58046875 0.45703125 0.0109375 0.046875
1 0.6125 0.4599609375 0.0125 0.064453125
1 0.59375 0.474609375 0.03125 0.08203125
1 0.63203125 0.46484375 0.0265625 0.1015625
1 0.675 0.4306640625 0.0125 0.021484375
1 0.69453125 0.4736328125 0.0390625 0.115234375
3 0.64921875 0.4521484375 0.0203125 0.033203125
3 0.453125 0.4619140625 0.025 0.021484375
3 0.475 0.462890625 0.021875 0.0234375
3 0.853125 0.4453125 0.146875 0.109375
3 0.9140625 0.4453125 0.16875 0.140625
3 0.95234375 0.486328125 0.0921875 0.1015625
11 0.340625 0.4775390625 0.00625 0.021484375
