1 0.52265625 0.458984375 0.0078125 0.02734375
1 0.5125 0.4580078125 0.00625 0.025390625
1 0.6703125 0.494140625 0.01875 0.09375
1 0.71875 0.4921875 0.015625 0.08984375
2 0.40546875 0.482421875 0.0171875 0.03125
2 0.434375 0.4775390625 0.01875 0.029296875
2 0.453125 0.462890625 0.00625 0.015625
79 0.44609375 0.46484375 0.0078125 0.015625
3 0.046875 0.5419921875 0.09375 0.166015625
3 0.1171875 0.513671875 0.153125 0.1640625
3 0.2484375 0.490234375 0.11875 0.10546875
3 0.30390625 0.4853515625 0.0390625 0.076171875
3 0.34453125 0.4814453125 0.0546875 0.056640625
3 0.3640625 0.470703125 0.040625 0.0546875
3 0.39453125 0.466796875 0.0328125 0.04296875
3 0.41875 0.46484375 0.015625 0.02734375
3 0.459375 0.4541015625 0.00625 0.017578125
3 0.4953125 0.4609375 0.025 0.02734375
3 0.96875 0.5615234375 0.059375 0.123046875
3 0.93828125 0.537109375 0.1203125 0.14453125
3 0.8625 0.5263671875 0.1375 0.123046875
3 0.96484375 0.4560546875 0.0671875 0.052734375
3 0.7765625 0.5 0.109375 0.1171875
3 0.71328125 0.4931640625 0.0390625 0.064453125
3 0.68046875 0.478515625 0.0578125 0.07421875
3 0.63671875 0.4794921875 0.0484375 0.052734375
3 0.59765625 0.4619140625 0.0328125 0.033203125
3 0.571875 0.45703125 0.01875 0.0234375
3 0.4734375 0.451171875 0.015625 0.015625
3 0.5546875 0.458984375 0.0125 0.0234375
1 0.40625 0.466796875 0.01875 0.046875
1 0.43515625 0.46484375 0.0140625 0.046875
1 0.453125 0.4560546875 0.00625 0.017578125
1 0.4453125 0.4560546875 0.00625 0.021484375
