10 0.58828125 0.3701171875 0.0109375 0.033203125
10 0.63203125 0.306640625 0.0078125 0.02734375
10 0.6671875 0.3740234375 0.00625 0.025390625
10 0.3421875 0.3447265625 0.009375 0.029296875
10 0.4171875 0.3408203125 0.00625 0.025390625
10 0.21015625 0.306640625 0.0109375 0.03515625
10 0.10703125 0.314453125 0.0140625 0.046875
10 0.6875 0.3720703125 0.009375 0.037109375
10 0.55859375 0.3271484375 0.0078125 0.041015625
10 0.61875 0.39453125 0.009375 0.02734375
10 0.62109375 0.419921875 0.0046875 0.01171875
10 0.57578125 0.3955078125 0.0078125 0.025390625
12 0.50390625 0.3701171875 0.0265625 0.009765625
12 0.33359375 0.447265625 0.0109375 0.015625
12 0.590625 0.4091796875 0.0125 0.013671875
1 0.4796875 0.4560546875 0.009375 0.021484375
3 0.43828125 0.4658203125 0.0453125 0.044921875
3 0.01484375 0.59375 0.0296875 0.18359375
3 0.2125 0.4677734375 0.03125 0.029296875
3 0.2421875 0.46484375 0.03125 0.02734375
