10 0.2953125 0.2822265625 0.025 0.091796875
10 0.30859375 0.3076171875 0.0140625 0.044921875
10 0.85390625 0.2919921875 0.0203125 0.068359375
10 0.96171875 0.3271484375 0.0265625 0.052734375
10 0.68515625 0.3564453125 0.0109375 0.033203125
10 0.69765625 0.3486328125 0.0140625 0.052734375
10 0.709375 0.3564453125 0.009375 0.013671875
10 0.63828125 0.35546875 0.0109375 0.03125
10 0.64765625 0.357421875 0.0078125 0.03515625
12 0.8546875 0.33984375 0.021875 0.02734375
12 0.95234375 0.4716796875 0.0265625 0.037109375
1 0.1609375 0.435546875 0.025 0.1328125
1 0.23984375 0.416015625 0.0234375 0.08203125
1 0.25625 0.4150390625 0.025 0.091796875
1 0.30078125 0.427734375 0.0234375 0.11328125
1 0.31875 0.4189453125 0.028125 0.083984375
1 0.35390625 0.416015625 0.0140625 0.05859375
1 0.36953125 0.41015625 0.0140625 0.05859375
1 0.38125 0.4169921875 0.0125 0.056640625
1 0.3890625 0.4130859375 0.0125 0.056640625
1 0.59609375 0.4052734375 0.0078125 0.033203125
1 0.72734375 0.41015625 0.0109375 0.02734375
1 0.7546875 0.4091796875 0.009375 0.029296875
8 0.61953125 0.3916015625 0.0421875 0.064453125
4 0.5265625 0.4580078125 0.04375 0.083984375
3 0.4859375 0.400390625 0.053125 0.0703125
3 0.55625 0.423828125 0.05 0.07421875
3 0.6796875 0.4462890625 0.103125 0.111328125
3 0.5515625 0.3828125 0.028125 0.01171875
1 0.5265625 0.43359375 0.040625 0.07421875
