6 0.44609375 0.4482421875 0.0765625 0.033203125
6 0.51328125 0.447265625 0.0546875 0.08203125
6 0.84296875 0.421875 0.3109375 0.140625
1 0.11484375 0.4912109375 0.0140625 0.048828125
1 0.128125 0.490234375 0.0125 0.02734375
1 0.1703125 0.486328125 0.0125 0.04296875
1 0.36640625 0.4658203125 0.0078125 0.021484375
1 0.37734375 0.46484375 0.0078125 0.01953125
1 0.38359375 0.462890625 0.0046875 0.0234375
1 0.5515625 0.4599609375 0.0125 0.041015625
1 0.5578125 0.4521484375 0.00625 0.029296875
1 0.571875 0.4560546875 0.009375 0.041015625
1 0.5796875 0.45703125 0.009375 0.0390625
1 0.58828125 0.4560546875 0.0109375 0.041015625
1 0.59921875 0.4619140625 0.0140625 0.048828125
1 0.596875 0.4384765625 0.009375 0.017578125
1 0.60625 0.4541015625 0.009375 0.037109375
1 0.615625 0.462890625 0.015625 0.05859375
1 0.63046875 0.4609375 0.0171875 0.0625
1 0.66484375 0.4404296875 0.0078125 0.029296875
1 0.67265625 0.431640625 0.0109375 0.0234375
1 0.73984375 0.48046875 0.0515625 0.19140625
1 0.8046875 0.484375 0.046875 0.171875
2 0.31484375 0.5712890625 0.0609375 0.126953125
3 0.453125 0.462890625 0.028125 0.0234375
3 0.4734375 0.46484375 0.028125 0.02734375
3 0.8625 0.4375 0.10625 0.0859375
3 0.91328125 0.4453125 0.1703125 0.13671875
3 0.9515625 0.4892578125 0.09375 0.107421875
1 0.31484375 0.5185546875 0.0609375 0.205078125
1 0.40625 0.482421875 0.04375 0.1484375
