12 0.65234375 0.482421875 0.0234375 0.046875
1 0.00703125 0.4697265625 0.0140625 0.130859375
1 0.17421875 0.4326171875 0.0328125 0.048828125
2 0.5078125 0.4697265625 0.00625 0.025390625
2 0.49375 0.470703125 0.009375 0.02734375
3 0.24296875 0.4775390625 0.2203125 0.169921875
3 0.37734375 0.4609375 0.0765625 0.06640625
3 0.4359375 0.4619140625 0.065625 0.048828125
3 0.6859375 0.4697265625 0.259375 0.126953125
3 0.55546875 0.4658203125 0.0671875 0.111328125
3 0.934375 0.490234375 0.128125 0.09375
3 0.903125 0.470703125 0.190625 0.11328125
1 0.5078125 0.458984375 0.009375 0.0390625
1 0.4953125 0.458984375 0.0125 0.0390625
