6 0.44296875 0.447265625 0.0171875 0.0234375
10 0.49609375 0.3984375 0.0046875 0.01171875
10 0.46953125 0.3974609375 0.0046875 0.013671875
10 0.44921875 0.3896484375 0.0046875 0.013671875
10 0.41796875 0.3916015625 0.0046875 0.013671875
12 0.81015625 0.3916015625 0.0109375 0.021484375
12 0.628125 0.3916015625 0.015625 0.025390625
12 0.628125 0.416015625 0.0125 0.015625
12 0.62734375 0.4306640625 0.0109375 0.013671875
12 0.4765625 0.3984375 0.00625 0.0078125
12 0.4421875 0.390625 0.00625 0.0078125
3 0.3546875 0.447265625 0.04375 0.02734375
