6 0.815625 0.447265625 0.365625 0.3828125
12 0.62421875 0.3818359375 0.0078125 0.013671875
12 0.62421875 0.39453125 0.0078125 0.00390625
12 0.55390625 0.4287109375 0.0046875 0.009765625
12 0.51875 0.44140625 0.00625 0.01171875
12 0.12265625 0.353515625 0.0390625 0.01171875
3 0.46796875 0.455078125 0.0078125 0.01171875
3 0.4890625 0.447265625 0.040625 0.0390625
3 0.44765625 0.451171875 0.0109375 0.01171875
3 0.43671875 0.4501953125 0.0078125 0.009765625
3 0.38671875 0.4521484375 0.0546875 0.056640625
3 0.2953125 0.4775390625 0.096875 0.083984375
3 0.09765625 0.5302734375 0.1953125 0.205078125
11 0.20859375 0.4736328125 0.0109375 0.029296875
79 0.61015625 0.4287109375 0.0453125 0.076171875
