10 0.49140625 0.2333984375 0.0109375 0.044921875
10 0.69765625 0.349609375 0.0109375 0.04296875
10 0.6984375 0.400390625 0.0125 0.015625
12 0.76875 0.283203125 0.053125 0.0703125
12 0.7640625 0.2392578125 0.08125 0.029296875
12 0.9734375 0.27734375 0.05 0.04296875
1 0.646875 0.4765625 0.075 0.15234375
2 0.7078125 0.5244140625 0.05 0.103515625
3 0.30234375 0.46875 0.0265625 0.05078125
3 0.26484375 0.4697265625 0.0671875 0.064453125
3 0.14453125 0.4833984375 0.2296875 0.091796875
3 0.80390625 0.4462890625 0.0578125 0.044921875
3 0.44140625 0.50390625 0.2703125 0.3046875
1 0.70859375 0.4921875 0.0453125 0.15234375
