12 0.47109375 0.2177734375 0.1203125 0.041015625
12 0.4859375 0.16796875 0.09375 0.05859375
1 0.509375 0.4072265625 0.01875 0.072265625
1 0.60625 0.626953125 0.234375 0.7421875
4 0.8234375 0.712890625 0.35 0.5703125
3 0.66484375 0.4375 0.0328125 0.046875
3 0.68515625 0.44140625 0.0359375 0.06640625
3 0.71171875 0.4365234375 0.0359375 0.087890625
3 0.75546875 0.4326171875 0.0859375 0.080078125
3 0.81171875 0.4736328125 0.1015625 0.099609375
3 0.91328125 0.5087890625 0.1703125 0.166015625
3 0.540625 0.40625 0.028125 0.0390625
