1 0.684375 0.4638671875 0.015625 0.056640625
2 0.5984375 0.48828125 0.021875 0.04296875
3 0.27421875 0.4833984375 0.0828125 0.064453125
3 0.31484375 0.4775390625 0.0328125 0.052734375
3 0.346875 0.470703125 0.05 0.04296875
3 0.36171875 0.46484375 0.0359375 0.04296875
3 0.38515625 0.46484375 0.0265625 0.0390625
3 0.4015625 0.46484375 0.015625 0.03515625
3 0.44375 0.455078125 0.025 0.01953125
3 0.45 0.453125 0.01875 0.0234375
3 0.46015625 0.455078125 0.0078125 0.01953125
3 0.46640625 0.4560546875 0.0078125 0.017578125
3 0.4765625 0.45703125 0.0125 0.015625
3 0.4859375 0.4560546875 0.00625 0.009765625
3 0.49140625 0.45703125 0.0046875 0.0078125
3 0.50859375 0.455078125 0.0109375 0.01171875
1 0.5984375 0.4755859375 0.015625 0.064453125
1 0.5171875 0.451171875 0.00625 0.0234375
1 0.528125 0.451171875 0.00625 0.01953125
11 0.66171875 0.498046875 0.0140625 0.03515625
