10 0.7546875 0.31640625 0.01875 0.0703125
10 0.5515625 0.458984375 0.003125 0.01171875
1 0.20546875 0.49609375 0.0203125 0.03515625
1 0.29921875 0.4814453125 0.0140625 0.021484375
1 0.28203125 0.484375 0.0109375 0.01953125
1 0.71953125 0.49609375 0.0203125 0.05078125
1 0.68515625 0.4970703125 0.0140625 0.037109375
1 0.6578125 0.4970703125 0.0125 0.037109375
2 0.1125 0.5380859375 0.03125 0.060546875
2 0.91484375 0.6181640625 0.1671875 0.146484375
2 0.5640625 0.5224609375 0.015625 0.029296875
3 0.30546875 0.517578125 0.0515625 0.05078125
3 0.25859375 0.525390625 0.0703125 0.06640625
3 0.39453125 0.5166015625 0.0671875 0.060546875
3 0.5046875 0.55078125 0.134375 0.13671875
3 0.5 0.4765625 0.009375 0.01171875
3 0.5140625 0.4765625 0.00625 0.0078125
1 0.56328125 0.501953125 0.0171875 0.0390625
11 0.6953125 0.5517578125 0.01875 0.068359375
