1 0.37421875 0.443359375 0.0140625 0.01953125
3 0.90703125 0.6416015625 0.1828125 0.275390625
3 0.75625 0.529296875 0.121875 0.10546875
3 0.85625 0.490234375 0.15625 0.08984375
3 0.76640625 0.46484375 0.0765625 0.046875
3 0.6140625 0.44921875 0.0125 0.0234375
3 0.60234375 0.4521484375 0.0171875 0.021484375
3 0.58984375 0.4482421875 0.0140625 0.017578125
3 0.58046875 0.443359375 0.0109375 0.01171875
3 0.54921875 0.44140625 0.0078125 0.0078125
3 0.54296875 0.4423828125 0.0078125 0.009765625
3 0.53828125 0.4423828125 0.0078125 0.009765625
3 0.5296875 0.4423828125 0.0125 0.017578125
3 0.52265625 0.4482421875 0.0140625 0.017578125
3 0.509375 0.4462890625 0.025 0.025390625
3 0.50546875 0.4541015625 0.0171875 0.025390625
3 0.48828125 0.455078125 0.0296875 0.03125
3 0.46875 0.4638671875 0.021875 0.044921875
3 0.45859375 0.462890625 0.0234375 0.04296875
3 0.43828125 0.4677734375 0.0453125 0.052734375
3 0.42578125 0.4775390625 0.0328125 0.056640625
3 0.409375 0.4765625 0.040625 0.0546875
3 0.36484375 0.4853515625 0.0859375 0.068359375
3 0.11953125 0.4609375 0.1390625 0.08984375
3 0.1296875 0.5341796875 0.23125 0.154296875
3 0.375 0.44140625 0.05 0.02734375
1 0.64140625 0.4853515625 0.0203125 0.103515625
1 0.67578125 0.513671875 0.0578125 0.1875
1 0.6265625 0.494140625 0.021875 0.11328125
