12 0.71875 0.3515625 0.015625 0.02734375
12 0.71875 0.302734375 0.05 0.0625
3 0.79921875 0.4140625 0.1046875 0.0546875
3 0.7359375 0.4052734375 0.05 0.048828125
3 0.70078125 0.4912109375 0.1484375 0.123046875
3 0.6265625 0.4560546875 0.109375 0.107421875
3 0.57265625 0.4365234375 0.0578125 0.080078125
3 0.32578125 0.42578125 0.0328125 0.0546875
3 0.2953125 0.4326171875 0.059375 0.064453125
3 0.23984375 0.4482421875 0.1015625 0.080078125
3 0.08359375 0.478515625 0.1671875 0.171875
79 0.53203125 0.3984375 0.1296875 0.09375
