12 0.30078125 0.4072265625 0.0234375 0.005859375
12 0.6078125 0.4228515625 0.009375 0.009765625
1 0.634375 0.4677734375 0.01875 0.064453125
1 0.48203125 0.4423828125 0.0046875 0.009765625
1 0.4796875 0.4423828125 0.003125 0.009765625
1 0.46796875 0.443359375 0.0046875 0.01171875
1 0.46328125 0.443359375 0.0046875 0.01171875
1 0.40625 0.45703125 0.009375 0.03515625
1 0.3671875 0.462890625 0.0125 0.03515625
1 0.3578125 0.4619140625 0.0125 0.041015625
1 0.346875 0.4619140625 0.0125 0.041015625
1 0.18203125 0.4970703125 0.0234375 0.083984375
1 0.15234375 0.4970703125 0.0234375 0.087890625
1 0.12734375 0.4970703125 0.0203125 0.091796875
3 0.9296875 0.6689453125 0.1375 0.244140625
3 0.96484375 0.5029296875 0.0671875 0.064453125
3 0.95703125 0.474609375 0.0734375 0.046875
3 0.9046875 0.4794921875 0.04375 0.044921875
3 0.78203125 0.4921875 0.1234375 0.0625
3 0.8296875 0.5634765625 0.225 0.173828125
3 0.59765625 0.474609375 0.0453125 0.046875
3 0.575 0.4658203125 0.03125 0.033203125
3 0.56953125 0.4609375 0.0296875 0.03125
3 0.5515625 0.458984375 0.015625 0.0234375
3 0.540625 0.451171875 0.01875 0.01953125
3 0.53046875 0.4501953125 0.0109375 0.017578125
3 0.52578125 0.4453125 0.0109375 0.01171875
3 0.51796875 0.4443359375 0.0078125 0.013671875
3 0.50078125 0.44921875 0.0203125 0.0234375
3 0.48671875 0.443359375 0.0078125 0.0078125
3 0.41484375 0.4521484375 0.0453125 0.029296875
79 0.40625 0.4794921875 0.009375 0.005859375
