12 0.18515625 0.3623046875 0.1265625 0.025390625
12 0.184375 0.3349609375 0.13125 0.029296875
12 0.228125 0.2880859375 0.04375 0.056640625
12 0.22265625 0.4150390625 0.0484375 0.056640625
12 0.50078125 0.66015625 0.0703125 0.06640625
12 0.5 0.51953125 0.209375 0.23046875
12 0.7890625 0.5341796875 0.034375 0.044921875
12 0.75859375 0.53515625 0.0234375 0.046875
12 0.38984375 0.38671875 0.0171875 0.0546875
12 0.65625 0.3251953125 0.04375 0.064453125
12 0.640625 0.376953125 0.01875 0.03515625
12 0.8125 0.349609375 0.034375 0.07421875
12 0.81484375 0.40625 0.0296875 0.0390625
12 0.33984375 0.4169921875 0.0140625 0.025390625
12 0.35546875 0.412109375 0.0234375 0.0234375
3 0.05625 0.61328125 0.1125 0.19921875
3 0.3453125 0.4716796875 0.025 0.041015625
3 0.37578125 0.4775390625 0.0484375 0.052734375
3 0.31875 0.4619140625 0.03125 0.029296875
3 0.29140625 0.45703125 0.0234375 0.02734375
