6 0.48828125 0.509765625 0.0109375 0.01171875
6 0.509375 0.5107421875 0.015625 0.013671875
12 0.80234375 0.453125 0.0203125 0.0234375
12 0.98125 0.4140625 0.03125 0.0390625
12 0.9828125 0.4599609375 0.025 0.041015625
1 0.97578125 0.5322265625 0.0140625 0.052734375
1 0.95859375 0.5263671875 0.0171875 0.056640625
1 0.94609375 0.529296875 0.0140625 0.046875
1 0.93671875 0.521484375 0.0109375 0.04296875
1 0.9078125 0.52734375 0.0125 0.0546875
1 0.84375 0.513671875 0.00625 0.0234375
1 0.828125 0.5126953125 0.009375 0.025390625
1 0.63828125 0.515625 0.0046875 0.0234375
1 0.578125 0.5205078125 0.00625 0.017578125
1 0.56015625 0.51953125 0.0046875 0.01171875
1 0.56875 0.51953125 0.00625 0.015625
1 0.81796875 0.515625 0.0078125 0.02734375
1 0.81171875 0.5146484375 0.0078125 0.025390625
1 0.328125 0.529296875 0.00625 0.01953125
1 0.72734375 0.5205078125 0.0109375 0.029296875
1 0.6921875 0.521484375 0.009375 0.03125
1 0.74296875 0.517578125 0.0078125 0.0234375
8 0.09765625 0.509765625 0.1953125 0.22265625
3 0.01328125 0.62109375 0.0265625 0.078125
3 0.28359375 0.5888671875 0.1328125 0.119140625
3 0.2140625 0.55078125 0.040625 0.046875
3 0.37734375 0.55078125 0.0609375 0.05859375
3 0.48671875 0.6279296875 0.1953125 0.205078125
3 0.8453125 0.6875 0.30625 0.2578125
3 0.75625 0.583984375 0.115625 0.10546875
3 0.540625 0.52734375 0.021875 0.015625
3 0.44296875 0.5234375 0.0171875 0.01171875
