6 0.38984375 0.3525390625 0.2015625 0.392578125
10 0.828125 0.4052734375 0.009375 0.029296875
12 0.71953125 0.396484375 0.0078125 0.0078125
12 0.7203125 0.41015625 0.00625 0.0078125
1 0.68515625 0.4365234375 0.0078125 0.025390625
1 0.74140625 0.44921875 0.0140625 0.05078125
1 0.90234375 0.4697265625 0.0171875 0.064453125
1 0.63515625 0.4306640625 0.0078125 0.021484375
1 0.834375 0.458984375 0.0125 0.0390625
3 0.49921875 0.4296875 0.0171875 0.0234375
3 0.51953125 0.431640625 0.0296875 0.03515625
3 0.54453125 0.4306640625 0.0203125 0.029296875
3 0.5828125 0.431640625 0.021875 0.01953125
3 0.60703125 0.4326171875 0.0265625 0.029296875
3 0.65859375 0.443359375 0.0265625 0.01953125
