6 0.8203125 0.41015625 0.259375 0.078125
6 0.51796875 0.4501953125 0.0671875 0.083984375
6 0.42890625 0.455078125 0.0921875 0.04296875
1 0.11015625 0.494140625 0.0203125 0.04296875
1 0.1375 0.4912109375 0.021875 0.064453125
1 0.1609375 0.4921875 0.01875 0.0625
1 0.3765625 0.46484375 0.00625 0.01953125
1 0.371875 0.4658203125 0.00625 0.021484375
1 0.68984375 0.4375 0.0203125 0.03515625
1 0.66875 0.431640625 0.03125 0.04296875
1 0.553125 0.4599609375 0.0125 0.041015625
1 0.640625 0.4443359375 0.021875 0.029296875
1 0.58125 0.4599609375 0.01875 0.044921875
1 0.5703125 0.4609375 0.009375 0.04296875
1 0.60390625 0.453125 0.0171875 0.02734375
1 0.615625 0.44921875 0.015625 0.03515625
1 0.62578125 0.4462890625 0.0171875 0.033203125
3 0.95078125 0.4853515625 0.0953125 0.115234375
3 0.909375 0.4423828125 0.178125 0.119140625
3 0.85 0.4404296875 0.1375 0.103515625
3 0.69140625 0.5654296875 0.4796875 0.228515625
3 0.4703125 0.462890625 0.03125 0.0234375
3 0.45234375 0.4619140625 0.0265625 0.021484375
11 0.33984375 0.478515625 0.0078125 0.01953125
