10 0.40703125 0.408203125 0.0046875 0.015625
10 0.596875 0.302734375 0.00625 0.0234375
10 0.5453125 0.4189453125 0.003125 0.009765625
12 0.35546875 0.4345703125 0.0140625 0.017578125
12 0.4234375 0.43359375 0.0125 0.00390625
12 0.4234375 0.439453125 0.0125 0.00390625
12 0.4234375 0.4453125 0.0125 0.00390625
12 0.36953125 0.41015625 0.0140625 0.0078125
12 0.6203125 0.4072265625 0.009375 0.005859375
1 0.36015625 0.462890625 0.0140625 0.04296875
1 0.37734375 0.4697265625 0.0078125 0.033203125
1 0.79609375 0.470703125 0.0265625 0.1015625
1 0.81953125 0.4599609375 0.0328125 0.103515625
1 0.8515625 0.4599609375 0.034375 0.119140625
1 0.74296875 0.4375 0.0140625 0.05859375
1 0.73046875 0.439453125 0.0078125 0.0390625
1 0.68671875 0.4384765625 0.0140625 0.037109375
2 0.2875 0.521484375 0.03125 0.0625
2 0.52265625 0.45703125 0.0359375 0.03125
2 0.4078125 0.470703125 0.0125 0.03125
8 0.46796875 0.4384765625 0.0515625 0.052734375
4 0.57265625 0.5654296875 0.0703125 0.150390625
3 0.53984375 0.453125 0.0171875 0.01953125
3 0.5609375 0.44921875 0.01875 0.01953125
3 0.62734375 0.478515625 0.0734375 0.07421875
3 0.43828125 0.4482421875 0.0109375 0.029296875
3 0.496875 0.4423828125 0.028125 0.033203125
3 0.6203125 0.4345703125 0.015625 0.013671875
1 0.28671875 0.505859375 0.0296875 0.0859375
1 0.56875 0.5341796875 0.0625 0.154296875
1 0.5234375 0.447265625 0.01875 0.0390625
1 0.40703125 0.4619140625 0.0140625 0.037109375
