12 0.66640625 0.3837890625 0.0234375 0.029296875
12 0.66640625 0.408203125 0.0453125 0.01953125
12 0.665625 0.4755859375 0.046875 0.017578125
12 0.665625 0.4541015625 0.046875 0.021484375
12 0.665625 0.4306640625 0.046875 0.017578125
12 0.23515625 0.478515625 0.0234375 0.046875
12 0.634375 0.455078125 0.015625 0.04296875
3 0.36015625 0.5087890625 0.0140625 0.029296875
3 0.37109375 0.517578125 0.0265625 0.046875
3 0.4640625 0.5322265625 0.16875 0.244140625
3 0.05859375 0.4970703125 0.0828125 0.064453125
