10 0.4484375 0.4482421875 0.009375 0.029296875
10 0.90546875 0.486328125 0.0109375 0.015625
10 0.45234375 0.5146484375 0.0046875 0.013671875
10 0.4671875 0.5234375 0.00625 0.0078125
12 0.78359375 0.451171875 0.0265625 0.03125
12 0.36484375 0.4716796875 0.0140625 0.017578125
12 0.36484375 0.4140625 0.0140625 0.01953125
12 0.36484375 0.43359375 0.0140625 0.01953125
1 0.28125 0.556640625 0.025 0.06640625
1 0.296875 0.5595703125 0.0125 0.052734375
1 0.51015625 0.5380859375 0.0078125 0.025390625
1 0.54375 0.5419921875 0.0125 0.033203125
1 0.5640625 0.5361328125 0.015625 0.044921875
4 0.27421875 0.5615234375 0.0390625 0.052734375
3 0.8765625 0.529296875 0.04375 0.0234375
3 0.76015625 0.5478515625 0.0265625 0.029296875
3 0.1421875 0.6611328125 0.284375 0.396484375
3 0.35234375 0.5517578125 0.0828125 0.056640625
3 0.41953125 0.55078125 0.0609375 0.05078125
3 0.575 0.7001953125 0.29375 0.287109375
3 0.58125 0.54296875 0.05625 0.03125
3 0.66328125 0.5283203125 0.0390625 0.033203125
3 0.62734375 0.5283203125 0.0359375 0.041015625
3 0.74921875 0.5185546875 0.0171875 0.017578125
3 0.6859375 0.5263671875 0.0125 0.025390625
1 0.734375 0.5361328125 0.01875 0.052734375
79 0.7359375 0.5634765625 0.0125 0.005859375
