10 0.40234375 0.1943359375 0.0140625 0.044921875
10 0.46953125 0.1787109375 0.0171875 0.052734375
10 0.5796875 0.2373046875 0.021875 0.087890625
10 0.5890625 0.345703125 0.025 0.0390625
10 0.62734375 0.3408203125 0.0296875 0.041015625
10 0.07265625 0.3505859375 0.0109375 0.048828125
12 0.434375 0.1845703125 0.009375 0.029296875
1 0.7828125 0.486328125 0.046875 0.18359375
1 0.7546875 0.4970703125 0.05 0.177734375
1 0.28671875 0.4658203125 0.0203125 0.068359375
1 0.30859375 0.4658203125 0.0265625 0.072265625
1 0.33515625 0.46484375 0.0203125 0.0703125
1 0.35390625 0.4736328125 0.0234375 0.087890625
1 0.38359375 0.4755859375 0.0171875 0.087890625
1 0.4 0.484375 0.028125 0.11328125
1 0.4421875 0.484375 0.028125 0.10546875
1 0.46796875 0.4892578125 0.0296875 0.111328125
1 0.5109375 0.484375 0.025 0.09765625
3 0.85234375 0.4814453125 0.0953125 0.072265625
3 0.6890625 0.470703125 0.090625 0.05078125
3 0.48515625 0.46484375 0.1640625 0.07421875
3 0.14375 0.5947265625 0.2875 0.341796875
3 0.596875 0.4677734375 0.053125 0.044921875
1 0.63046875 0.4765625 0.0453125 0.109375
11 0.63671875 0.541015625 0.0265625 0.078125
