12 0.70390625 0.369140625 0.0390625 0.0390625
12 0.70625 0.392578125 0.028125 0.0078125
1 0.7546875 0.5185546875 0.03125 0.115234375
1 0.7890625 0.5146484375 0.028125 0.115234375
1 0.815625 0.509765625 0.025 0.08984375
1 0.62890625 0.4912109375 0.0140625 0.056640625
1 0.60859375 0.490234375 0.0171875 0.05078125
2 0.62734375 0.5 0.0328125 0.03515625
2 0.61484375 0.498046875 0.0203125 0.03125
3 0.72734375 0.4990234375 0.0453125 0.048828125
3 0.315625 0.482421875 0.046875 0.04296875
3 0.25859375 0.482421875 0.0546875 0.04296875
3 0.215625 0.474609375 0.034375 0.0546875
