10 0.50234375 0.3193359375 0.0140625 0.056640625
10 0.496875 0.375 0.01875 0.01953125
10 0.74921875 0.296875 0.0234375 0.0625
10 0.7609375 0.3642578125 0.01875 0.021484375
12 0.80703125 0.34765625 0.0359375 0.01171875
12 0.75390625 0.3388671875 0.0203125 0.017578125
1 0.51171875 0.4541015625 0.0234375 0.091796875
1 0.52890625 0.453125 0.0203125 0.08984375
1 0.046875 0.451171875 0.015625 0.03515625
2 0.3953125 0.6962890625 0.334375 0.337890625
3 0.27890625 0.4609375 0.0265625 0.015625
3 0.08046875 0.46875 0.0765625 0.06640625
1 0.390625 0.5576171875 0.203125 0.556640625
11 0.48125 0.478515625 0.0125 0.046875
