10 0.36484375 0.4052734375 0.0078125 0.029296875
10 0.64765625 0.4033203125 0.0078125 0.025390625
10 0.57265625 0.3974609375 0.0046875 0.013671875
12 0.85625 0.3291015625 0.071875 0.099609375
12 0.85703125 0.4111328125 0.0265625 0.025390625
12 0.85859375 0.4794921875 0.0234375 0.048828125
12 0.71171875 0.4033203125 0.0171875 0.025390625
12 0.553125 0.400390625 0.00625 0.0078125
1 0.7265625 0.4697265625 0.0125 0.056640625
1 0.875 0.4921875 0.025 0.1015625
1 0.20234375 0.46875 0.0203125 0.05859375
3 0.5234375 0.4755859375 0.059375 0.060546875
3 0.58046875 0.447265625 0.0109375 0.01171875
3 0.590625 0.4462890625 0.009375 0.009765625
3 0.59921875 0.4462890625 0.0046875 0.009765625
3 0.5546875 0.4453125 0.009375 0.01171875
3 0.56796875 0.443359375 0.0109375 0.01171875
3 0.53125 0.4423828125 0.009375 0.005859375
10 0.203125 0.400390625 0.00625 0.0234375
10 0.2015625 0.4208984375 0.009375 0.009765625
10 0.36484375 0.42578125 0.0078125 0.0078125
10 0.64765625 0.4267578125 0.0078125 0.009765625
10 0.5578125 0.4033203125 0.003125 0.009765625
2 0.96640625 0.81640625 0.0640625 0.22265625
