12 0.6375 0.46484375 0.01875 0.04296875
12 0.85546875 0.5146484375 0.0421875 0.220703125
1 0.8 0.4755859375 0.028125 0.095703125
1 0.75859375 0.4755859375 0.0234375 0.095703125
1 0.60546875 0.46875 0.0265625 0.078125
3 0.77109375 0.4794921875 0.1296875 0.091796875
3 0.44375 0.482421875 0.078125 0.05859375
3 0.384375 0.4609375 0.03125 0.02734375
79 0.62578125 0.4521484375 0.2296875 0.111328125
79 0.16796875 0.46875 0.3359375 0.15234375
79 0.70625 0.4912109375 0.584375 0.189453125
79 0.50859375 0.4658203125 0.0828125 0.052734375
79 0.2828125 0.4462890625 0.14375 0.080078125
