12 0.5453125 0.4052734375 0.009375 0.021484375
1 0.4796875 0.494140625 0.046875 0.12890625
1 0.52578125 0.49609375 0.0390625 0.125
1 0.38203125 0.48046875 0.0171875 0.0546875
1 0.36171875 0.4794921875 0.0203125 0.060546875
1 0.33046875 0.478515625 0.0171875 0.0625
1 0.978125 0.64453125 0.040625 0.53515625
3 0.18671875 0.48828125 0.0828125 0.07421875
3 0.12109375 0.5009765625 0.1703125 0.126953125
3 0.06171875 0.5048828125 0.1234375 0.146484375
3 0.9671875 0.5517578125 0.0625 0.345703125
3 0.86796875 0.525390625 0.2609375 0.2578125
3 0.73359375 0.509765625 0.0921875 0.171875
3 0.671875 0.517578125 0.10625 0.12109375
3 0.634375 0.498046875 0.184375 0.12890625
3 0.53515625 0.4873046875 0.0734375 0.087890625
3 0.46484375 0.4814453125 0.0734375 0.068359375
3 0.42109375 0.4833984375 0.0390625 0.048828125
3 0.40625 0.478515625 0.034375 0.046875
3 0.25390625 0.470703125 0.0421875 0.03515625
3 0.2984375 0.4755859375 0.0375 0.033203125
3 0.33203125 0.474609375 0.0484375 0.04296875
3 0.3875 0.4765625 0.04375 0.046875
3 0.228125 0.474609375 0.0125 0.0234375
