1 0.425 0.455078125 0.0125 0.0546875
1 0.259375 0.4443359375 0.0125 0.048828125
1 0.2359375 0.455078125 0.015625 0.0546875
2 0.47578125 0.5048828125 0.0484375 0.146484375
2 0.56328125 0.5 0.0578125 0.15625
2 0.8046875 0.64453125 0.19375 0.37890625
2 0.86796875 0.5869140625 0.1453125 0.212890625
2 0.0625 0.4736328125 0.053125 0.099609375
2 0.01953125 0.4677734375 0.0390625 0.099609375
2 0.67734375 0.486328125 0.0328125 0.078125
3 0.33984375 0.4541015625 0.0421875 0.041015625
3 0.3796875 0.451171875 0.04375 0.02734375
3 0.44140625 0.451171875 0.0203125 0.01953125
3 0.40546875 0.447265625 0.0109375 0.01171875
1 0.4765625 0.4638671875 0.05 0.197265625
1 0.5625 0.451171875 0.05625 0.2109375
1 0.8078125 0.5078125 0.190625 0.46875
1 0.86484375 0.486328125 0.0921875 0.34375
