6 0.57109375 0.3203125 0.0921875 0.078125
12 0.0453125 0.2001953125 0.0375 0.083984375
1 0.6484375 0.4208984375 0.00625 0.021484375
1 0.65390625 0.4150390625 0.0046875 0.013671875
1 0.68046875 0.421875 0.0078125 0.03125
1 0.6875 0.4248046875 0.00625 0.025390625
1 0.7015625 0.4287109375 0.0125 0.041015625
1 0.7125 0.4345703125 0.009375 0.041015625
1 0.72109375 0.43359375 0.0109375 0.05078125
1 0.7296875 0.435546875 0.0125 0.046875
1 0.73984375 0.4345703125 0.0109375 0.048828125
1 0.74765625 0.435546875 0.0078125 0.0390625
1 0.759375 0.435546875 0.009375 0.04296875
1 0.76640625 0.435546875 0.0109375 0.04296875
1 0.77734375 0.4384765625 0.0109375 0.041015625
1 0.8 0.439453125 0.015625 0.05078125
1 0.81328125 0.4404296875 0.0109375 0.048828125
1 0.90859375 0.4677734375 0.0234375 0.083984375
1 0.9359375 0.4677734375 0.03125 0.083984375
1 0.9609375 0.4716796875 0.01875 0.083984375
1 0.98125 0.4697265625 0.021875 0.080078125
1 0.9953125 0.4677734375 0.00625 0.072265625
1 0.09375 0.408203125 0.05 0.16796875
1 0.1453125 0.4306640625 0.05 0.169921875
1 0.17734375 0.388671875 0.0171875 0.078125
1 0.18984375 0.4150390625 0.0234375 0.134765625
1 0.228125 0.3720703125 0.01875 0.072265625
3 0.63125 0.4697265625 0.04375 0.224609375
3 0.41015625 0.5693359375 0.4703125 0.564453125
