6 0.471875 0.4482421875 0.03125 0.044921875
10 0.5171875 0.40234375 0.009375 0.01171875
10 0.3171875 0.4052734375 0.009375 0.013671875
12 0.2390625 0.4150390625 0.009375 0.017578125
12 0.64453125 0.423828125 0.0046875 0.01171875
12 0.57890625 0.3994140625 0.0140625 0.025390625
12 0.51640625 0.4208984375 0.0109375 0.021484375
12 0.3171875 0.4267578125 0.0125 0.013671875
1 0.9703125 0.4326171875 0.009375 0.037109375
1 0.94609375 0.439453125 0.0140625 0.0390625
1 0.8828125 0.4453125 0.015625 0.05859375
1 0.86796875 0.4404296875 0.0203125 0.072265625
1 0.859375 0.4482421875 0.021875 0.064453125
1 0.71796875 0.466796875 0.0171875 0.078125
1 0.7046875 0.470703125 0.025 0.0859375
1 0.6546875 0.4677734375 0.0125 0.052734375
1 0.60625 0.4599609375 0.009375 0.029296875
1 0.58671875 0.4599609375 0.0078125 0.029296875
1 0.496875 0.4599609375 0.00625 0.021484375
1 0.4921875 0.462890625 0.00625 0.0234375
1 0.51015625 0.4609375 0.0046875 0.01953125
3 0.4765625 0.46484375 0.01875 0.01953125
3 0.40859375 0.4609375 0.0171875 0.01953125
3 0.39453125 0.4609375 0.0109375 0.01953125
3 0.3890625 0.462890625 0.009375 0.01953125
3 0.378125 0.462890625 0.021875 0.0234375
3 0.35546875 0.4716796875 0.0609375 0.025390625
3 0.28359375 0.48046875 0.0484375 0.05078125
3 0.21484375 0.484375 0.0921875 0.0859375
3 0.109375 0.505859375 0.13125 0.125
3 0.03984375 0.5341796875 0.0796875 0.150390625
3 0.44296875 0.4658203125 0.0484375 0.048828125
3 0.553125 0.482421875 0.075 0.08203125
