12 0.56328125 0.4228515625 0.0046875 0.009765625
12 0.53828125 0.435546875 0.0046875 0.015625
3 0.9515625 0.5400390625 0.09375 0.279296875
3 0.73984375 0.509765625 0.1453125 0.10546875
3 0.65859375 0.4912109375 0.0859375 0.080078125
3 0.54140625 0.4658203125 0.0390625 0.041015625
3 0.5203125 0.4658203125 0.015625 0.037109375
3 0.4734375 0.4658203125 0.021875 0.025390625
3 0.40390625 0.4609375 0.0171875 0.0234375
3 0.39453125 0.46484375 0.0171875 0.0234375
3 0.3796875 0.4658203125 0.025 0.029296875
3 0.37265625 0.4697265625 0.0203125 0.025390625
3 0.34375 0.46484375 0.040625 0.046875
3 0.32265625 0.47265625 0.0390625 0.0390625
3 0.20078125 0.4716796875 0.1109375 0.099609375
