12 0.4421875 0.4462890625 0.021875 0.009765625
12 0.46796875 0.447265625 0.0078125 0.01171875
12 0.40546875 0.4072265625 0.0078125 0.009765625
12 0.39609375 0.4169921875 0.0265625 0.009765625
12 0.39609375 0.427734375 0.0265625 0.01171875
12 0.53125 0.4638671875 0.009375 0.009765625
12 0.5234375 0.4619140625 0.00625 0.009765625
12 0.19609375 0.4755859375 0.0140625 0.017578125
12 0.42578125 0.462890625 0.0078125 0.01171875
8 0.496875 0.458984375 0.028125 0.0390625
8 0.32734375 0.4755859375 0.0484375 0.037109375
3 0.48671875 0.5263671875 0.0828125 0.103515625
3 0.3859375 0.5205078125 0.071875 0.064453125
3 0.3484375 0.5009765625 0.040625 0.041015625
3 0.475 0.4765625 0.021875 0.0234375
3 0.45859375 0.470703125 0.0109375 0.01171875
3 0.23671875 0.490234375 0.0453125 0.02734375
3 0.36171875 0.4755859375 0.0234375 0.017578125
