6 0.46015625 0.5400390625 0.0203125 0.029296875
10 0.975 0.3271484375 0.021875 0.091796875
10 0.965625 0.513671875 0.01875 0.03125
10 0.12890625 0.2548828125 0.0390625 0.130859375
10 0.11875 0.552734375 0.025 0.06640625
10 0.95859375 0.576171875 0.0171875 0.05078125
12 0.76640625 0.5048828125 0.0203125 0.025390625
12 0.76640625 0.5224609375 0.0140625 0.009765625
12 0.11015625 0.3994140625 0.1109375 0.134765625
12 0.19296875 0.4404296875 0.0265625 0.064453125
1 0.83203125 0.5771484375 0.0265625 0.033203125
1 0.859375 0.591796875 0.021875 0.0546875
2 0.20546875 0.640625 0.0703125 0.07421875
3 0.61953125 0.5859375 0.1796875 0.22265625
3 0.3984375 0.71484375 0.271875 0.28515625
3 0.5125 0.59375 0.053125 0.0703125
3 0.46875 0.5732421875 0.025 0.029296875
3 0.43828125 0.5703125 0.0296875 0.01953125
3 0.44609375 0.5517578125 0.0140625 0.013671875
3 0.74765625 0.5810546875 0.0265625 0.021484375
3 0.5140625 0.5537109375 0.01875 0.013671875
3 0.4640625 0.552734375 0.0125 0.01171875
3 0.4921875 0.5595703125 0.021875 0.021484375
