10 0.46875 0.1845703125 0.015625 0.056640625
10 0.66640625 0.3271484375 0.0140625 0.052734375
10 0.2609375 0.3251953125 0.0125 0.056640625
12 0.1296875 0.3583984375 0.015625 0.017578125
12 0.13203125 0.330078125 0.0421875 0.01171875
1 0.28671875 0.45703125 0.0171875 0.05859375
1 0.30859375 0.4599609375 0.0140625 0.064453125
1 0.340625 0.4580078125 0.015625 0.052734375
1 0.69453125 0.4541015625 0.0265625 0.048828125
1 0.74296875 0.474609375 0.0234375 0.08984375
1 0.7359375 0.47265625 0.025 0.08984375
1 0.76015625 0.4736328125 0.0140625 0.087890625
1 0.77265625 0.46484375 0.0171875 0.0859375
1 0.92890625 0.51953125 0.0296875 0.1171875
1 0.953125 0.5185546875 0.025 0.119140625
1 0.9796875 0.515625 0.028125 0.125
1 0.99609375 0.521484375 0.0046875 0.1171875
2 0.37890625 0.498046875 0.0296875 0.0546875
2 0.14453125 0.474609375 0.0515625 0.046875
3 0.4796875 0.4541015625 0.009375 0.013671875
3 0.4734375 0.4560546875 0.0125 0.017578125
3 0.46015625 0.4560546875 0.0203125 0.025390625
3 0.4375 0.4521484375 0.025 0.029296875
3 0.5671875 0.4609375 0.021875 0.0234375
1 0.5078125 0.4541015625 0.00625 0.021484375
1 0.4921875 0.453125 0.00625 0.01953125
1 0.37890625 0.478515625 0.0296875 0.08203125
11 0.6171875 0.4951171875 0.0125 0.037109375
