12 0.7328125 0.4345703125 0.009375 0.005859375
12 0.734375 0.4140625 0.009375 0.03515625
12 0.8984375 0.3671875 0.065625 0.0859375
12 0.896875 0.41796875 0.0375 0.015625
1 0.67421875 0.4033203125 0.0171875 0.033203125
1 0.690625 0.3916015625 0.0125 0.044921875
1 0.7390625 0.525390625 0.0375 0.08203125
1 0.68671875 0.5107421875 0.0203125 0.080078125
1 0.3359375 0.451171875 0.00625 0.0234375
1 0.3265625 0.4443359375 0.00625 0.021484375
1 0.32109375 0.4453125 0.0078125 0.01953125
1 0.315625 0.443359375 0.00625 0.01953125
2 0.26484375 0.470703125 0.0140625 0.03125
2 0.28359375 0.470703125 0.0109375 0.02734375
2 0.2953125 0.4716796875 0.0125 0.029296875
2 0.3 0.462890625 0.009375 0.01953125
3 0.94921875 0.5283203125 0.0984375 0.091796875
3 0.934375 0.76171875 0.128125 0.1953125
3 0.05234375 0.603515625 0.1046875 0.2734375
3 0.0578125 0.466796875 0.053125 0.0625
3 0.01796875 0.4521484375 0.0359375 0.052734375
3 0.11484375 0.4619140625 0.0359375 0.052734375
3 0.1375 0.4580078125 0.03125 0.044921875
3 0.134375 0.427734375 0.021875 0.015625
3 0.1515625 0.4306640625 0.021875 0.013671875
3 0.19609375 0.4306640625 0.0171875 0.013671875
3 0.19921875 0.482421875 0.0640625 0.05859375
3 0.2265625 0.47265625 0.0375 0.046875
3 0.23046875 0.4658203125 0.0390625 0.052734375
3 0.24453125 0.455078125 0.0359375 0.046875
3 0.275 0.4443359375 0.009375 0.017578125
3 0.27578125 0.4404296875 0.0171875 0.017578125
3 0.44765625 0.49609375 0.0640625 0.0625
3 0.4265625 0.4794921875 0.059375 0.060546875
3 0.4015625 0.4765625 0.025 0.04296875
3 0.3890625 0.4736328125 0.021875 0.037109375
3 0.375 0.46484375 0.028125 0.03125
3 0.3640625 0.4599609375 0.015625 0.025390625
3 0.3578125 0.4599609375 0.0125 0.021484375
3 0.35703125 0.4560546875 0.0171875 0.025390625
3 0.35234375 0.453125 0.0140625 0.0234375
3 0.34453125 0.4501953125 0.0078125 0.021484375
1 0.2953125 0.458984375 0.0125 0.03515625
1 0.29921875 0.453125 0.0109375 0.03125
1 0.284375 0.4599609375 0.0125 0.033203125
1 0.265625 0.4599609375 0.015625 0.037109375
