10 0.7890625 0.2744140625 0.015625 0.025390625
10 0.43203125 0.376953125 0.0078125 0.01953125
10 0.421875 0.3486328125 0.009375 0.025390625
12 0.77890625 0.333984375 0.0171875 0.03125
1 0.959375 0.4453125 0.034375 0.08203125
1 0.5421875 0.4619140625 0.0125 0.048828125
1 0.1515625 0.462890625 0.021875 0.08203125
1 0.16953125 0.4609375 0.0203125 0.07421875
1 0.29296875 0.458984375 0.0140625 0.046875
1 0.30859375 0.4560546875 0.0140625 0.044921875
1 0.36875 0.4482421875 0.0125 0.044921875
1 0.2609375 0.4638671875 0.021875 0.068359375
2 0.73671875 0.478515625 0.0546875 0.0859375
2 0.065625 0.5478515625 0.0625 0.150390625
2 0.22734375 0.474609375 0.0234375 0.0625
2 0.12265625 0.5 0.0453125 0.0625
3 0.65703125 0.50390625 0.1578125 0.1328125
3 0.9328125 0.5390625 0.13125 0.16015625
3 0.575 0.4853515625 0.078125 0.095703125
3 0.4453125 0.474609375 0.0625 0.05859375
1 0.065625 0.5029296875 0.06875 0.181640625
