10 0.05546875 0.41015625 0.0078125 0.03515625
10 0.16640625 0.4150390625 0.0078125 0.025390625
10 0.16328125 0.447265625 0.0109375 0.015625
10 0.19296875 0.2255859375 0.0234375 0.068359375
10 0.28046875 0.3408203125 0.0109375 0.033203125
10 0.35546875 0.3349609375 0.0140625 0.033203125
10 0.4953125 0.33203125 0.009375 0.03515625
10 0.64296875 0.4208984375 0.0078125 0.029296875
10 0.64296875 0.4560546875 0.0109375 0.013671875
10 0.7640625 0.4404296875 0.0125 0.029296875
12 0.03984375 0.4404296875 0.0234375 0.025390625
12 0.15703125 0.2099609375 0.0265625 0.033203125
12 0.2671875 0.337890625 0.0125 0.01953125
12 0.76484375 0.466796875 0.0171875 0.0234375
12 0.7484375 0.439453125 0.01875 0.01953125
12 0.8109375 0.4560546875 0.03125 0.037109375
12 0.57109375 0.359375 0.0265625 0.0078125
1 0.00703125 0.513671875 0.0140625 0.07421875
1 0.17578125 0.4970703125 0.0109375 0.052734375
1 0.18828125 0.49609375 0.0203125 0.05859375
1 0.2640625 0.509765625 0.021875 0.07421875
1 0.25390625 0.5087890625 0.0359375 0.087890625
3 0.375 0.484375 0.021875 0.0234375
3 0.5046875 0.5703125 0.171875 0.171875
