2 0.240625 0.4951171875 0.01875 0.041015625
2 0.2625 0.4853515625 0.015625 0.037109375
2 0.2890625 0.4853515625 0.021875 0.041015625
2 0.33359375 0.478515625 0.0109375 0.0234375
2 0.309375 0.48046875 0.0125 0.02734375
2 0.31796875 0.48046875 0.0078125 0.0234375
3 0.05859375 0.48828125 0.1171875 0.171875
3 0.14609375 0.4912109375 0.0765625 0.107421875
3 0.6296875 0.486328125 0.09375 0.0546875
3 0.609375 0.4677734375 0.071875 0.041015625
3 0.5296875 0.458984375 0.03125 0.01953125
3 0.3625 0.4638671875 0.0125 0.017578125
3 0.425 0.4658203125 0.0125 0.013671875
1 0.240625 0.46875 0.015625 0.05078125
1 0.2625 0.462890625 0.015625 0.04296875
1 0.2890625 0.4609375 0.021875 0.0546875
1 0.33359375 0.4697265625 0.0078125 0.033203125
1 0.309375 0.46875 0.009375 0.03515625
1 0.31796875 0.4677734375 0.0046875 0.025390625
