12 0.6515625 0.416015625 0.021875 0.04296875
2 0.08046875 0.5244140625 0.0515625 0.099609375
2 0.140625 0.51171875 0.046875 0.08203125
2 0.1859375 0.5009765625 0.03125 0.072265625
2 0.21015625 0.501953125 0.0234375 0.05078125
2 0.253125 0.49609375 0.01875 0.0390625
2 0.29375 0.486328125 0.01875 0.04296875
2 0.31875 0.484375 0.01875 0.0390625
2 0.33828125 0.4697265625 0.0109375 0.025390625
2 0.36015625 0.46875 0.0109375 0.02734375
3 0.56796875 0.462890625 0.0515625 0.04296875
3 0.3875 0.45703125 0.0125 0.015625
3 0.4421875 0.458984375 0.0125 0.015625
3 0.2484375 0.46875 0.071875 0.078125
1 0.08828125 0.48828125 0.0421875 0.1484375
1 0.14453125 0.4833984375 0.0453125 0.119140625
1 0.1875 0.4755859375 0.03125 0.103515625
1 0.20859375 0.4833984375 0.0203125 0.072265625
1 0.25390625 0.4794921875 0.0171875 0.060546875
1 0.29296875 0.470703125 0.0171875 0.06640625
1 0.31953125 0.47265625 0.0171875 0.05078125
1 0.36015625 0.4599609375 0.0109375 0.033203125
1 0.3375 0.4609375 0.009375 0.03515625
