10 0.725 0.287109375 0.015625 0.0546875
10 0.71484375 0.359375 0.0265625 0.03125
12 0.271875 0.421875 0.01875 0.01953125
1 0.96875 0.4501953125 0.034375 0.111328125
1 0.85546875 0.4658203125 0.0390625 0.205078125
1 0.18984375 0.470703125 0.0109375 0.046875
1 0.15859375 0.4775390625 0.0140625 0.060546875
1 0.146875 0.4755859375 0.01875 0.068359375
1 0.12578125 0.474609375 0.0234375 0.0859375
3 0.58515625 0.4765625 0.0734375 0.078125
3 0.41640625 0.5068359375 0.2421875 0.279296875
3 0.06484375 0.51171875 0.1296875 0.19921875
11 0.78359375 0.5146484375 0.0265625 0.087890625
75 0.95 0.505859375 0.096875 0.15625
3 0.59375 0.458984375 0.0625 0.0703125
3 0.54140625 0.4716796875 0.0234375 0.060546875
