6 0.19140625 0.4521484375 0.1296875 0.130859375
10 0.878125 0.125 0.040625 0.1328125
10 0.8296875 0.1455078125 0.0375 0.115234375
10 0.8421875 0.30078125 0.03125 0.0546875
10 0.78515625 0.314453125 0.0140625 0.04296875
10 0.7671875 0.357421875 0.01875 0.01953125
10 0.40625 0.228515625 0.015625 0.05078125
10 0.296875 0.4296875 0.009375 0.01953125
10 0.53515625 0.4189453125 0.0046875 0.013671875
10 0.5390625 0.447265625 0.003125 0.01171875
10 0.90859375 0.30859375 0.0203125 0.046875
10 0.55390625 0.4423828125 0.0078125 0.025390625
12 0.77265625 0.2548828125 0.0390625 0.021484375
12 0.8 0.369140625 0.034375 0.01171875
12 0.4484375 0.2001953125 0.01875 0.025390625
12 0.34765625 0.42578125 0.0140625 0.0234375
12 0.46953125 0.4365234375 0.0078125 0.009765625
12 0.45703125 0.4375 0.0078125 0.01171875
12 0.53046875 0.4609375 0.0078125 0.01171875
2 0.7328125 0.5830078125 0.075 0.146484375
3 0.7015625 0.4658203125 0.29375 0.142578125
3 0.534375 0.48046875 0.0375 0.03515625
3 0.3890625 0.4638671875 0.23125 0.126953125
3 0.2609375 0.4833984375 0.053125 0.060546875
3 0.09609375 0.5380859375 0.1921875 0.330078125
3 0.5078125 0.4912109375 0.015625 0.013671875
1 0.7328125 0.509765625 0.075 0.1953125
11 0.90234375 0.56640625 0.0421875 0.1171875
