12 0.9234375 0.2626953125 0.046875 0.013671875
12 0.92421875 0.3134765625 0.0234375 0.052734375
12 0.925 0.349609375 0.015625 0.015625
12 0.03984375 0.3330078125 0.0328125 0.041015625
12 0.0390625 0.3564453125 0.021875 0.009765625
1 0.97890625 0.4931640625 0.0390625 0.134765625
1 0.7890625 0.328125 0.015625 0.03515625
1 0.77109375 0.318359375 0.0140625 0.02734375
1 0.6859375 0.4931640625 0.040625 0.130859375
1 0.34375 0.400390625 0.00625 0.0234375
1 0.3375 0.404296875 0.00625 0.0234375
1 0.33203125 0.3994140625 0.0078125 0.025390625
1 0.290625 0.408203125 0.00625 0.0234375
2 0.2359375 0.4794921875 0.028125 0.064453125
2 0.1890625 0.474609375 0.025 0.05859375
2 0.1515625 0.486328125 0.028125 0.07421875
2 0.35390625 0.486328125 0.0296875 0.06640625
3 0.465625 0.4658203125 0.0875 0.087890625
3 0.4421875 0.4443359375 0.075 0.080078125
3 0.409375 0.4384765625 0.025 0.056640625
3 0.396875 0.43359375 0.021875 0.046875
3 0.38671875 0.4228515625 0.0328125 0.037109375
3 0.37734375 0.4150390625 0.0296875 0.033203125
3 0.3671875 0.40625 0.025 0.02734375
3 0.35390625 0.400390625 0.0109375 0.015625
3 0.31875 0.392578125 0.00625 0.0078125
3 0.31328125 0.3935546875 0.0078125 0.009765625
3 0.30859375 0.3955078125 0.0078125 0.009765625
3 0.30390625 0.3994140625 0.0078125 0.013671875
3 0.2984375 0.3994140625 0.009375 0.017578125
3 0.2890625 0.4013671875 0.01875 0.021484375
3 0.278125 0.408203125 0.01875 0.02734375
3 0.26328125 0.4091796875 0.0265625 0.037109375
3 0.25 0.4140625 0.03125 0.046875
3 0.22734375 0.419921875 0.0453125 0.0546875
3 0.19453125 0.4345703125 0.0546875 0.064453125
3 0.175 0.4423828125 0.034375 0.056640625
3 0.10703125 0.46875 0.0953125 0.0859375
3 0.06953125 0.4306640625 0.0546875 0.048828125
3 0.02578125 0.439453125 0.0515625 0.0625
3 0.1453125 0.3974609375 0.015625 0.013671875
3 0.16015625 0.396484375 0.0140625 0.01171875
3 0.178125 0.396484375 0.01875 0.015625
3 0.19453125 0.39453125 0.0140625 0.015625
1 0.153125 0.46484375 0.03125 0.1015625
1 0.19140625 0.45703125 0.0265625 0.08984375
1 0.23671875 0.4580078125 0.0296875 0.099609375
1 0.35546875 0.4599609375 0.0296875 0.103515625
