10 0.39375 0.2236328125 0.015625 0.048828125
10 0.94453125 0.09765625 0.0203125 0.06640625
10 0.8265625 0.05859375 0.05 0.1171875
10 0.790625 0.083984375 0.065625 0.16796875
10 0.86484375 0.3134765625 0.0140625 0.056640625
10 0.22890625 0.337890625 0.0140625 0.046875
10 0.54609375 0.3291015625 0.0109375 0.041015625
12 0.7734375 0.263671875 0.040625 0.01953125
1 0.121875 0.45703125 0.025 0.0703125
1 0.165625 0.498046875 0.05625 0.16796875
1 0.69453125 0.44921875 0.0234375 0.078125
1 0.72734375 0.435546875 0.0234375 0.03515625
1 0.753125 0.4375 0.01875 0.03515625
1 0.2734375 0.4541015625 0.01875 0.052734375
1 0.521875 0.453125 0.015625 0.05078125
2 0.8859375 0.5126953125 0.128125 0.189453125
3 0.340625 0.462890625 0.06875 0.0625
3 0.38515625 0.453125 0.0171875 0.01953125
10 0.82734375 0.3701171875 0.0109375 0.025390625
8 0.4109375 0.4443359375 0.015625 0.029296875
