10 0.3953125 0.357421875 0.00625 0.015625
10 0.4546875 0.3701171875 0.00625 0.013671875
10 0.484375 0.375 0.003125 0.01171875
10 0.5421875 0.3984375 0.003125 0.0078125
10 0.5421875 0.4091796875 0.003125 0.005859375
12 0.20078125 0.462890625 0.0171875 0.0234375
12 0.0515625 0.4814453125 0.021875 0.068359375
12 0.3625 0.361328125 0.009375 0.015625
12 0.7109375 0.39453125 0.025 0.03125
12 0.8921875 0.2978515625 0.084375 0.087890625
3 0.4359375 0.4033203125 0.015625 0.009765625
3 0.4453125 0.40234375 0.0125 0.01171875
3 0.48125 0.412109375 0.00625 0.0078125
3 0.29921875 0.458984375 0.0359375 0.0390625
11 0.73671875 0.5048828125 0.0140625 0.029296875
