10 0.775 0.431640625 0.009375 0.02734375
10 0.84453125 0.400390625 0.0078125 0.0234375
12 0.5140625 0.4306640625 0.009375 0.009765625
12 0.51484375 0.4482421875 0.0109375 0.013671875
12 0.53203125 0.421875 0.0171875 0.0078125
12 0.53203125 0.4306640625 0.0171875 0.005859375
12 0.5328125 0.4384765625 0.01875 0.005859375
12 0.5328125 0.4462890625 0.015625 0.005859375
12 0.7609375 0.3984375 0.025 0.0078125
12 0.89765625 0.427734375 0.0203125 0.0234375
1 0.2625 0.609375 0.13125 0.28515625
1 0.4234375 0.4833984375 0.009375 0.037109375
4 0.26875 0.685546875 0.171875 0.30859375
3 0.81640625 0.4765625 0.0359375 0.04296875
3 0.778125 0.4814453125 0.05 0.048828125
3 0.69765625 0.4921875 0.0671875 0.0703125
3 0.63203125 0.53125 0.1296875 0.140625
3 0.415625 0.48046875 0.028125 0.03125
79 0.4921875 0.4814453125 0.05 0.048828125
