10 0.446875 0.396484375 0.009375 0.015625
10 0.415625 0.400390625 0.00625 0.015625
10 0.36328125 0.4326171875 0.0046875 0.013671875
10 0.53359375 0.4404296875 0.0046875 0.013671875
10 0.475 0.412109375 0.009375 0.015625
12 0.396875 0.4130859375 0.021875 0.005859375
12 0.3796875 0.4365234375 0.003125 0.009765625
12 0.51171875 0.427734375 0.0203125 0.00390625
12 0.48359375 0.412109375 0.0046875 0.0078125
12 0.55546875 0.4384765625 0.0046875 0.009765625
12 0.5859375 0.44140625 0.009375 0.01171875
12 0.6296875 0.4326171875 0.021875 0.033203125
1 0.55 0.466796875 0.009375 0.01953125
1 0.5234375 0.466796875 0.00625 0.015625
1 0.5171875 0.4658203125 0.00625 0.017578125
1 0.51171875 0.4677734375 0.0046875 0.017578125
1 0.5078125 0.4658203125 0.003125 0.013671875
1 0.728125 0.4873046875 0.015625 0.048828125
2 0.56171875 0.490234375 0.0171875 0.05078125
3 0.41484375 0.4658203125 0.0484375 0.021484375
3 0.4515625 0.466796875 0.01875 0.01953125
3 0.484375 0.4697265625 0.01875 0.021484375
1 0.56171875 0.4765625 0.0171875 0.05859375
