10 0.96875 0.341796875 0.015625 0.0390625
10 0.9296875 0.3525390625 0.0125 0.033203125
10 0.565625 0.322265625 0.015625 0.06640625
10 0.540625 0.3056640625 0.015625 0.072265625
12 0.47265625 0.3115234375 0.0359375 0.048828125
12 0.50546875 0.4296875 0.0640625 0.0390625
1 0.97421875 0.4560546875 0.0234375 0.087890625
1 0.9875 0.4560546875 0.021875 0.115234375
1 0.6203125 0.4150390625 0.0125 0.041015625
1 0.63671875 0.4150390625 0.0109375 0.037109375
1 0.4828125 0.400390625 0.0125 0.01953125
1 0.18828125 0.43359375 0.0515625 0.19140625
1 0.23828125 0.4423828125 0.0546875 0.193359375
1 0.29375 0.4482421875 0.040625 0.107421875
1 0.325 0.4462890625 0.04375 0.107421875
1 0.39765625 0.4404296875 0.0359375 0.095703125
1 0.421875 0.435546875 0.034375 0.08203125
2 0.709375 0.4423828125 0.059375 0.041015625
4 0.665625 0.4697265625 0.03125 0.083984375
3 0.8453125 0.45703125 0.13125 0.1484375
1 0.7046875 0.4248046875 0.025 0.056640625
1 0.66484375 0.4501953125 0.0453125 0.107421875
