2 0.01171875 0.513671875 0.0234375 0.1171875
2 0.51953125 0.48828125 0.0203125 0.04296875
2 0.54375 0.4912109375 0.01875 0.044921875
2 0.56171875 0.4970703125 0.0171875 0.044921875
2 0.57890625 0.5029296875 0.0203125 0.056640625
2 0.59921875 0.509765625 0.0296875 0.06640625
2 0.6515625 0.5185546875 0.05 0.091796875
2 0.73671875 0.5341796875 0.0609375 0.099609375
2 0.98359375 0.59765625 0.0296875 0.17578125
2 0.9578125 0.5771484375 0.08125 0.130859375
3 0.15625 0.5009765625 0.16875 0.158203125
3 0.2953125 0.46875 0.075 0.07421875
3 0.34453125 0.4677734375 0.0265625 0.041015625
3 0.3609375 0.4638671875 0.01875 0.041015625
3 0.7234375 0.5 0.103125 0.10546875
3 0.62890625 0.486328125 0.0515625 0.08984375
1 0.51953125 0.47265625 0.0203125 0.05859375
1 0.54296875 0.474609375 0.0203125 0.05859375
1 0.5609375 0.48046875 0.015625 0.0625
1 0.57734375 0.4736328125 0.0234375 0.080078125
1 0.59921875 0.48046875 0.0296875 0.0859375
1 0.6515625 0.4755859375 0.05 0.107421875
1 0.734375 0.4873046875 0.046875 0.134765625
1 0.959375 0.5263671875 0.065625 0.173828125
