12 0.309375 0.4453125 0.009375 0.01171875
1 0.61015625 0.4609375 0.0171875 0.02734375
1 0.5265625 0.470703125 0.015625 0.046875
1 0.80625 0.4931640625 0.01875 0.029296875
2 0.76953125 0.4912109375 0.0453125 0.041015625
3 0.12578125 0.5029296875 0.1234375 0.091796875
3 0.1875 0.478515625 0.09375 0.1015625
3 0.2515625 0.482421875 0.04375 0.0703125
3 0.27890625 0.482421875 0.0359375 0.0546875
3 0.30546875 0.4736328125 0.0328125 0.037109375
3 0.4 0.470703125 0.0375 0.03125
3 0.3578125 0.4697265625 0.034375 0.029296875
1 0.77421875 0.4814453125 0.0265625 0.060546875
