6 0.4578125 0.5185546875 0.028125 0.033203125
10 0.76875 0.4677734375 0.015625 0.056640625
10 0.62421875 0.484375 0.0078125 0.0078125
1 0.8484375 0.5498046875 0.009375 0.044921875
1 0.7453125 0.55078125 0.009375 0.03125
1 0.92109375 0.548828125 0.0078125 0.0234375
1 0.91171875 0.546875 0.0078125 0.02734375
1 0.9296875 0.5478515625 0.00625 0.025390625
1 0.26328125 0.5498046875 0.0109375 0.033203125
1 0.021875 0.548828125 0.009375 0.03125
4 0.5390625 0.5751953125 0.01875 0.037109375
3 0.79296875 0.6220703125 0.1671875 0.130859375
3 0.64140625 0.5693359375 0.0515625 0.060546875
3 0.59296875 0.5849609375 0.0671875 0.083984375
3 0.5078125 0.5556640625 0.040625 0.044921875
3 0.4484375 0.6123046875 0.125 0.146484375
3 0.36875 0.5458984375 0.028125 0.029296875
3 0.215625 0.5751953125 0.090625 0.072265625
3 0.084375 0.5693359375 0.078125 0.060546875
3 0.0125 0.5712890625 0.025 0.064453125
3 0.34453125 0.5439453125 0.0203125 0.021484375
3 0.39296875 0.537109375 0.0234375 0.0234375
3 0.5171875 0.521484375 0.0125 0.015625
3 0.41796875 0.5263671875 0.0296875 0.025390625
