6 0.18984375 0.5732421875 0.2890625 0.111328125
10 0.44921875 0.47265625 0.0109375 0.03515625
10 0.81953125 0.5 0.0078125 0.02734375
12 0.346875 0.498046875 0.01875 0.0234375
12 0.34921875 0.4560546875 0.0171875 0.021484375
4 0.34140625 0.599609375 0.0421875 0.0546875
4 0.09375 0.623046875 0.06875 0.0625
3 0.68203125 0.576171875 0.0515625 0.03515625
3 0.04921875 0.611328125 0.0796875 0.078125
3 0.4203125 0.59375 0.08125 0.05078125
1 0.09921875 0.607421875 0.0328125 0.09765625
1 0.3421875 0.578125 0.0125 0.03125
