10 0.675 0.3818359375 0.009375 0.037109375
10 0.0953125 0.3740234375 0.0125 0.041015625
10 0.40859375 0.451171875 0.0046875 0.015625
10 0.55859375 0.4560546875 0.0046875 0.017578125
12 0.66796875 0.4384765625 0.0234375 0.044921875
12 0.10625 0.4248046875 0.025 0.044921875
1 0.75859375 0.4921875 0.0203125 0.03125
1 0.72734375 0.49609375 0.0203125 0.04296875
1 0.6953125 0.4951171875 0.01875 0.048828125
1 0.221875 0.478515625 0.0125 0.015625
1 0.28359375 0.482421875 0.0140625 0.015625
1 0.346875 0.4873046875 0.00625 0.025390625
3 0.184375 0.5234375 0.13125 0.0859375
3 0.50859375 0.494140625 0.0203125 0.01953125
3 0.52890625 0.486328125 0.0109375 0.015625
3 0.5125 0.48046875 0.0125 0.01171875
3 0.49921875 0.47265625 0.0109375 0.01171875
