12 0.4546875 0.4267578125 0.00625 0.009765625
12 0.31328125 0.408203125 0.0140625 0.01953125
1 0.60546875 0.5078125 0.0515625 0.23828125
1 0.2171875 0.478515625 0.025 0.0859375
1 0.4015625 0.4580078125 0.009375 0.033203125
3 0.8109375 0.4853515625 0.1625 0.146484375
3 0.5140625 0.466796875 0.05625 0.06640625
3 0.63515625 0.4697265625 0.1453125 0.091796875
3 0.55078125 0.46875 0.0640625 0.078125
3 0.24296875 0.4765625 0.1890625 0.08984375
3 0.05625 0.4755859375 0.1125 0.068359375
3 0.11171875 0.46875 0.0984375 0.0703125
