10 0.421875 0.4521484375 0.00625 0.021484375
10 0.68125 0.419921875 0.009375 0.03125
10 0.24921875 0.40625 0.0109375 0.03515625
1 0.171875 0.5078125 0.01875 0.0625
1 0.27578125 0.51953125 0.0171875 0.07421875
1 0.959375 0.5107421875 0.025 0.064453125
1 0.88203125 0.53125 0.0265625 0.08984375
1 0.80234375 0.53125 0.0359375 0.09765625
1 0.84140625 0.5244140625 0.0203125 0.052734375
1 0.253125 0.4951171875 0.01875 0.033203125
1 0.63828125 0.4921875 0.0078125 0.01953125
2 0.65625 0.552734375 0.03125 0.05078125
2 0.17421875 0.541015625 0.0640625 0.0625
3 0.48515625 0.5703125 0.1359375 0.140625
3 0.3890625 0.529296875 0.0875 0.08203125
3 0.06796875 0.6376953125 0.1359375 0.248046875
3 0.54296875 0.5078125 0.0296875 0.04296875
3 0.52421875 0.5185546875 0.0484375 0.052734375
1 0.6578125 0.5341796875 0.03125 0.076171875
