6 0.84453125 0.4052734375 0.3078125 0.115234375
6 0.51328125 0.4482421875 0.0546875 0.087890625
1 0.03125 0.4990234375 0.021875 0.072265625
1 0.04921875 0.5 0.0203125 0.0703125
1 0.128125 0.4990234375 0.015625 0.044921875
1 0.7046875 0.4736328125 0.0375 0.119140625
1 0.7390625 0.474609375 0.0375 0.1328125
1 0.66640625 0.4384765625 0.0109375 0.033203125
1 0.63125 0.4521484375 0.015625 0.048828125
1 0.609375 0.4638671875 0.025 0.064453125
1 0.5484375 0.4599609375 0.0125 0.041015625
1 0.55859375 0.4580078125 0.0109375 0.041015625
1 0.5796875 0.458984375 0.009375 0.04296875
1 0.57109375 0.45703125 0.0078125 0.0390625
1 0.5875 0.45703125 0.015625 0.04296875
3 0.646875 0.447265625 0.01875 0.0234375
3 0.95 0.48828125 0.096875 0.109375
3 0.909375 0.4501953125 0.178125 0.138671875
3 0.84921875 0.4462890625 0.1390625 0.107421875
3 0.3953125 0.4990234375 0.134375 0.091796875
3 0.471875 0.462890625 0.028125 0.02734375
3 0.45390625 0.4638671875 0.0203125 0.021484375
1 0.1109375 0.4970703125 0.021875 0.048828125
6 0.43359375 0.4501953125 0.0890625 0.029296875
6 0.634375 0.4267578125 0.090625 0.029296875
