10 0.3671875 0.439453125 0.0125 0.03125
10 0.609375 0.4482421875 0.009375 0.025390625
1 0.078125 0.513671875 0.03125 0.07421875
1 0.19296875 0.5 0.0109375 0.03125
1 0.31171875 0.5029296875 0.0078125 0.041015625
1 0.29453125 0.498046875 0.0171875 0.02734375
1 0.27890625 0.4892578125 0.0140625 0.017578125
1 0.64609375 0.494140625 0.0078125 0.0234375
2 0.70234375 0.6142578125 0.0546875 0.107421875
3 0.2578125 0.5341796875 0.096875 0.076171875
3 0.4953125 0.5498046875 0.109375 0.107421875
3 0.53203125 0.517578125 0.0359375 0.046875
3 0.5390625 0.501953125 0.021875 0.01953125
1 0.70390625 0.5712890625 0.0578125 0.154296875
10 0.990625 0.2685546875 0.015625 0.083984375
