12 0.16953125 0.4033203125 0.0265625 0.033203125
1 0.0875 0.505859375 0.025 0.09375
1 0.3953125 0.45703125 0.00625 0.01953125
2 0.11484375 0.5322265625 0.0328125 0.056640625
2 0.36328125 0.6201171875 0.0703125 0.146484375
3 0.27265625 0.494140625 0.0703125 0.0703125
3 0.30703125 0.4921875 0.0171875 0.05078125
3 0.31953125 0.48828125 0.0171875 0.046875
3 0.32734375 0.482421875 0.0171875 0.0390625
3 0.3296875 0.462890625 0.03125 0.03125
3 0.3734375 0.46484375 0.015625 0.0234375
3 0.3828125 0.4609375 0.015625 0.0234375
3 0.41875 0.46484375 0.021875 0.0234375
3 0.5359375 0.5 0.0625 0.07421875
3 0.475 0.474609375 0.021875 0.0546875
3 0.4640625 0.4736328125 0.0125 0.037109375
3 0.41171875 0.4501953125 0.0109375 0.009765625
3 0.42734375 0.4521484375 0.0109375 0.009765625
3 0.4421875 0.4501953125 0.0125 0.009765625
3 0.4046875 0.4658203125 0.009375 0.021484375
3 0.2625 0.455078125 0.03125 0.01171875
1 0.11484375 0.5048828125 0.0296875 0.091796875
1 0.3609375 0.556640625 0.071875 0.20703125
1 0.49765625 0.5478515625 0.0546875 0.201171875
79 0.49609375 0.6533203125 0.0234375 0.025390625
79 0.52265625 0.455078125 0.0421875 0.0390625
12 0.1703125 0.4248046875 0.015625 0.009765625
