10 0.28359375 0.3408203125 0.0140625 0.048828125
10 0.4640625 0.216796875 0.0125 0.046875
10 0.63515625 0.341796875 0.0140625 0.046875
10 0.9515625 0.06640625 0.09375 0.1328125
10 0.9546875 0.2353515625 0.034375 0.091796875
10 0.96640625 0.3369140625 0.0171875 0.056640625
12 0.17734375 0.3720703125 0.0109375 0.013671875
12 0.178125 0.3583984375 0.0375 0.013671875
1 0.3015625 0.4560546875 0.015625 0.044921875
1 0.315625 0.4599609375 0.015625 0.060546875
1 0.3421875 0.455078125 0.009375 0.04296875
1 0.36953125 0.45703125 0.0078125 0.02734375
1 0.353125 0.4541015625 0.00625 0.021484375
1 0.66328125 0.4677734375 0.0234375 0.072265625
1 0.696875 0.4697265625 0.01875 0.080078125
1 0.70234375 0.470703125 0.0171875 0.07421875
1 0.709375 0.46875 0.0125 0.08203125
1 0.71953125 0.470703125 0.0140625 0.078125
1 0.73359375 0.462890625 0.0171875 0.07421875
1 0.853125 0.5029296875 0.028125 0.107421875
1 0.87109375 0.501953125 0.0203125 0.1015625
1 0.89140625 0.501953125 0.0234375 0.10546875
1 0.909375 0.5048828125 0.021875 0.099609375
2 0.16953125 0.4716796875 0.0484375 0.037109375
2 0.39375 0.4873046875 0.025 0.041015625
3 0.5546875 0.4609375 0.021875 0.0234375
3 0.46796875 0.4541015625 0.0140625 0.013671875
3 0.45 0.4541015625 0.01875 0.021484375
3 0.43828125 0.45703125 0.0234375 0.02734375
1 0.39375 0.47265625 0.025 0.0625
1 0.48203125 0.4521484375 0.0078125 0.017578125
1 0.4953125 0.453125 0.00625 0.01953125
11 0.59453125 0.490234375 0.0109375 0.03125
