10 0.75625 0.390625 0.01875 0.0234375
10 0.72265625 0.3642578125 0.0171875 0.037109375
10 0.17734375 0.3671875 0.0140625 0.03515625
12 0.19296875 0.3857421875 0.0140625 0.025390625
1 0.034375 0.53125 0.06875 0.17578125
1 0.27109375 0.474609375 0.0390625 0.07421875
2 0.37734375 0.494140625 0.0703125 0.0546875
3 0.85078125 0.5380859375 0.2953125 0.283203125
3 0.57578125 0.56640625 0.3234375 0.25
3 0.275 0.4619140625 0.053125 0.064453125
3 0.3265625 0.4658203125 0.071875 0.072265625
3 0.42265625 0.453125 0.0296875 0.0234375
1 0.378125 0.46875 0.040625 0.07421875
3 0.9765625 0.6826171875 0.04375 0.271484375
