6 0.63671875 0.42578125 0.0890625 0.03125
6 0.5171875 0.4482421875 0.0625 0.080078125
6 0.8203125 0.4013671875 0.25625 0.056640625
1 0.878125 0.4169921875 0.01875 0.033203125
1 0.7109375 0.4638671875 0.025 0.099609375
1 0.6953125 0.470703125 0.028125 0.109375
1 0.66640625 0.466796875 0.0296875 0.1015625
1 0.6359375 0.4501953125 0.0125 0.048828125
1 0.6265625 0.44921875 0.009375 0.04296875
1 0.61796875 0.453125 0.0078125 0.03515625
1 0.61171875 0.455078125 0.0078125 0.03515625
1 0.60078125 0.462890625 0.0140625 0.0546875
1 0.5890625 0.455078125 0.009375 0.0390625
1 0.57734375 0.4609375 0.0140625 0.0390625
1 0.55859375 0.458984375 0.0109375 0.0390625
1 0.5484375 0.4599609375 0.009375 0.041015625
1 0.5421875 0.458984375 0.00625 0.03515625
1 0.44296875 0.458984375 0.0078125 0.0234375
1 0.37109375 0.4677734375 0.0078125 0.033203125
1 0.3765625 0.4658203125 0.00625 0.021484375
1 0.09921875 0.4912109375 0.0140625 0.052734375
1 0.08671875 0.4931640625 0.0140625 0.060546875
1 0.12890625 0.4912109375 0.0140625 0.029296875
3 0.9515625 0.4873046875 0.09375 0.111328125
3 0.909375 0.4501953125 0.178125 0.138671875
3 0.85390625 0.4453125 0.1421875 0.1015625
3 0.7734375 0.4443359375 0.115625 0.080078125
3 0.47265625 0.462890625 0.0265625 0.0234375
3 0.453125 0.4638671875 0.021875 0.021484375
3 0.415625 0.4765625 0.05 0.046875
3 0.359375 0.4638671875 0.015625 0.013671875
3 0.2953125 0.4736328125 0.025 0.017578125
11 0.340625 0.48046875 0.009375 0.0234375
6 0.4296875 0.4560546875 0.0875 0.037109375
