10 0.37734375 0.12109375 0.0265625 0.109375
10 0.75625 0.3056640625 0.025 0.083984375
10 0.759375 0.4033203125 0.025 0.029296875
10 0.89921875 0.2646484375 0.0328125 0.158203125
10 0.9875 0.2958984375 0.021875 0.091796875
12 0.43125 0.1044921875 0.053125 0.072265625
12 0.4875 0.103515625 0.05625 0.0625
12 0.590625 0.2080078125 0.115625 0.041015625
1 0.66484375 0.53515625 0.0328125 0.16015625
3 0.8734375 0.490234375 0.071875 0.046875
3 0.953125 0.48828125 0.059375 0.03125
3 0.090625 0.5302734375 0.16875 0.115234375
3 0.225 0.4755859375 0.0625 0.060546875
3 0.234375 0.5107421875 0.103125 0.083984375
3 0.28359375 0.484375 0.0609375 0.078125
3 0.328125 0.4892578125 0.040625 0.048828125
3 0.35859375 0.4873046875 0.0234375 0.025390625
3 0.49921875 0.4873046875 0.0609375 0.052734375
3 0.44140625 0.486328125 0.1234375 0.0625
3 0.58515625 0.490234375 0.1140625 0.0625
