1 0.27109375 0.4833984375 0.0171875 0.064453125
1 0.259375 0.4765625 0.015625 0.0703125
1 0.903125 0.626953125 0.10625 0.2265625
1 0.890625 0.4814453125 0.08125 0.130859375
8 0.37421875 0.4287109375 0.2015625 0.267578125
8 0.5046875 0.458984375 0.0375 0.05859375
3 0.5390625 0.4833984375 0.034375 0.037109375
3 0.5203125 0.4755859375 0.034375 0.033203125
1 0.73046875 0.3974609375 0.0421875 0.095703125
79 0.59609375 0.4580078125 0.0921875 0.119140625
79 0.69296875 0.4482421875 0.2390625 0.275390625
8 0.9 0.474609375 0.196875 0.328125
10 0.09609375 0.29296875 0.0265625 0.07421875
