1 0.39609375 0.4521484375 0.0078125 0.033203125
2 0.40625 0.484375 0.015625 0.03515625
3 0.47734375 0.4326171875 0.0109375 0.013671875
3 0.49921875 0.4375 0.0140625 0.015625
3 0.48984375 0.4326171875 0.0109375 0.009765625
3 0.46953125 0.4345703125 0.0109375 0.013671875
3 0.46328125 0.4365234375 0.0078125 0.009765625
3 0.4546875 0.4384765625 0.0125 0.013671875
3 0.4390625 0.4375 0.015625 0.015625
3 0.42578125 0.4580078125 0.0296875 0.033203125
3 0.3578125 0.443359375 0.0375 0.03125
3 0.39296875 0.435546875 0.0390625 0.015625
3 0.29609375 0.4375 0.0859375 0.0390625
3 0.23359375 0.466796875 0.0484375 0.07421875
3 0.25625 0.4755859375 0.065625 0.052734375
3 0.32265625 0.4931640625 0.0671875 0.076171875
3 0.27734375 0.509765625 0.0921875 0.0859375
3 0.521875 0.439453125 0.015625 0.01953125
3 0.53359375 0.4462890625 0.0265625 0.029296875
3 0.553125 0.4599609375 0.040625 0.048828125
3 0.5765625 0.48046875 0.040625 0.0625
3 0.6125 0.494140625 0.08125 0.08984375
3 0.625 0.513671875 0.0875 0.08984375
3 0.67109375 0.5390625 0.1328125 0.12109375
3 0.85390625 0.6513671875 0.2890625 0.248046875
3 0.9328125 0.7880859375 0.13125 0.310546875
1 0.40625 0.4697265625 0.015625 0.060546875
