10 0.5640625 0.3916015625 0.009375 0.013671875
10 0.2546875 0.40625 0.009375 0.015625
12 0.74296875 0.3173828125 0.0515625 0.087890625
12 0.74375 0.3701171875 0.01875 0.017578125
12 0.5640625 0.421875 0.021875 0.03515625
12 0.25546875 0.431640625 0.0171875 0.0234375
12 0.5671875 0.4833984375 0.0125 0.021484375
1 0.9546875 0.5009765625 0.040625 0.126953125
1 0.878125 0.50390625 0.046875 0.14453125
1 0.9890625 0.4736328125 0.01875 0.134765625
1 0.53515625 0.4619140625 0.0078125 0.021484375
3 0.06015625 0.5791015625 0.1203125 0.275390625
3 0.4984375 0.4892578125 0.0375 0.037109375
3 0.49140625 0.4794921875 0.0359375 0.041015625
3 0.47578125 0.46875 0.0265625 0.03125
3 0.46484375 0.4580078125 0.0234375 0.025390625
3 0.46015625 0.44921875 0.0171875 0.01953125
3 0.4328125 0.4306640625 0.009375 0.009765625
3 0.40234375 0.435546875 0.0109375 0.01171875
3 0.3921875 0.4423828125 0.015625 0.017578125
3 0.38359375 0.453125 0.0109375 0.01953125
3 0.371875 0.4580078125 0.01875 0.021484375
3 0.36484375 0.466796875 0.0171875 0.03125
3 0.34296875 0.47265625 0.0296875 0.0390625
3 0.33125 0.4833984375 0.034375 0.033203125
11 0.6078125 0.5234375 0.0125 0.03515625
1 0.16484375 0.5048828125 0.0171875 0.041015625
