12 0.52109375 0.4287109375 0.0078125 0.017578125
12 0.39921875 0.42578125 0.0078125 0.01953125
1 0.35625 0.46875 0.0125 0.0546875
1 0.3234375 0.462890625 0.0125 0.046875
2 0.33671875 0.4755859375 0.0140625 0.033203125
3 0.91328125 0.5546875 0.1703125 0.265625
3 0.87109375 0.486328125 0.2078125 0.12890625
3 0.73203125 0.5166015625 0.0796875 0.095703125
3 0.7234375 0.4892578125 0.14375 0.115234375
3 0.6046875 0.4873046875 0.09375 0.076171875
3 0.05234375 0.505859375 0.1046875 0.125
3 0.134375 0.4765625 0.175 0.12109375
3 0.25546875 0.4755859375 0.0859375 0.072265625
3 0.53828125 0.4677734375 0.0296875 0.021484375
3 0.3890625 0.462890625 0.03125 0.01171875
3 0.459375 0.4619140625 0.01875 0.009765625
