2 0.2109375 0.5087890625 0.028125 0.064453125
2 0.171875 0.5341796875 0.04375 0.095703125
2 0.29609375 0.5419921875 0.0828125 0.119140625
2 0.61171875 0.564453125 0.1546875 0.12109375
2 0.96171875 0.5810546875 0.0734375 0.123046875
3 0.49765625 0.4775390625 0.0234375 0.044921875
3 0.5078125 0.48046875 0.021875 0.05078125
3 0.54765625 0.4794921875 0.0765625 0.076171875
3 0.38671875 0.470703125 0.0265625 0.03515625
3 0.359375 0.48046875 0.046875 0.046875
3 0.31484375 0.4736328125 0.0359375 0.041015625
3 0.175 0.4794921875 0.078125 0.080078125
3 0.0421875 0.5009765625 0.084375 0.111328125
3 0.43671875 0.4755859375 0.0203125 0.013671875
1 0.19296875 0.4765625 0.0234375 0.08203125
1 0.2125 0.474609375 0.028125 0.08203125
1 0.17265625 0.49609375 0.0453125 0.140625
1 0.26953125 0.453125 0.0296875 0.0703125
1 0.296875 0.498046875 0.0625 0.171875
1 0.60859375 0.5205078125 0.0734375 0.173828125
10 0.61796875 0.333984375 0.0109375 0.02734375
