10 0.821875 0.3056640625 0.01875 0.064453125
10 0.584375 0.3828125 0.015625 0.01953125
10 0.58828125 0.328125 0.0140625 0.0546875
10 0.56953125 0.388671875 0.0140625 0.015625
12 0.89296875 0.353515625 0.0140625 0.01171875
12 0.828125 0.3447265625 0.015625 0.017578125
1 0.97109375 0.455078125 0.0140625 0.08203125
1 0.590625 0.45703125 0.009375 0.04296875
1 0.3 0.46484375 0.00625 0.03125
1 0.31015625 0.462890625 0.0046875 0.02734375
1 0.31875 0.4638671875 0.009375 0.033203125
1 0.32734375 0.4609375 0.0078125 0.02734375
1 0.86015625 0.5478515625 0.1203125 0.501953125
1 0.45546875 0.5751953125 0.1515625 0.427734375
1 0.4984375 0.5732421875 0.184375 0.470703125
3 0.17734375 0.474609375 0.0484375 0.0625
3 0.23046875 0.47265625 0.0890625 0.0703125
11 0.5703125 0.48046875 0.0125 0.046875
10 0.009375 0.392578125 0.01875 0.0234375
