1 0.93984375 0.58203125 0.1171875 0.55078125
1 0.83515625 0.5322265625 0.1171875 0.455078125
1 0.70234375 0.46484375 0.0546875 0.20703125
1 0.66015625 0.4541015625 0.0578125 0.212890625
1 0.60703125 0.451171875 0.0453125 0.19921875
1 0.521875 0.4365234375 0.028125 0.103515625
1 0.49765625 0.439453125 0.0296875 0.09765625
1 0.4796875 0.431640625 0.021875 0.08984375
3 0.33359375 0.525390625 0.2546875 0.25390625
3 0.1625 0.4384765625 0.15 0.119140625
3 0.0609375 0.462890625 0.121875 0.12109375
3 0.85703125 0.4892578125 0.2828125 0.208984375
3 0.11875 0.455078125 0.09375 0.125
