1 0.4828125 0.505859375 0.04375 0.125
1 0.4609375 0.5029296875 0.040625 0.150390625
1 0.3890625 0.4765625 0.0375 0.12890625
1 0.36640625 0.427734375 0.0234375 0.0546875
1 0.35078125 0.478515625 0.0421875 0.12890625
1 0.31640625 0.451171875 0.0234375 0.1015625
1 0.30703125 0.451171875 0.0296875 0.12109375
1 0.28515625 0.453125 0.0234375 0.109375
1 0.27109375 0.421875 0.0140625 0.05078125
1 0.2609375 0.453125 0.028125 0.109375
1 0.23984375 0.4453125 0.0328125 0.11328125
1 0.215625 0.45703125 0.025 0.10546875
1 0.203125 0.447265625 0.025 0.10546875
3 0.890625 0.478515625 0.153125 0.07421875
3 0.81640625 0.4599609375 0.1296875 0.068359375
3 0.7078125 0.4453125 0.103125 0.0546875
3 0.65703125 0.47265625 0.1890625 0.07421875
3 0.45703125 0.44140625 0.0453125 0.03125
3 0.37734375 0.42578125 0.0140625 0.01953125
3 0.1796875 0.4423828125 0.028125 0.052734375
3 0.12578125 0.4287109375 0.0296875 0.041015625
1 0.4265625 0.5029296875 0.05 0.228515625
