6 0.46484375 0.4013671875 0.0234375 0.041015625
6 0.43125 0.37890625 0.025 0.015625
10 0.75390625 0.3515625 0.0140625 0.046875
10 0.7109375 0.359375 0.0125 0.0390625
10 0.3828125 0.33984375 0.009375 0.03515625
10 0.37109375 0.3369140625 0.0078125 0.029296875
1 0.8703125 0.435546875 0.021875 0.0625
1 0.7359375 0.42578125 0.0125 0.04296875
1 0.6609375 0.412109375 0.009375 0.015625
1 0.3375 0.4345703125 0.028125 0.072265625
1 0.31171875 0.416015625 0.0203125 0.06640625
1 0.28828125 0.4130859375 0.0140625 0.048828125
1 0.2671875 0.4130859375 0.025 0.080078125
1 0.24921875 0.4189453125 0.0234375 0.087890625
1 0.978125 0.4150390625 0.0125 0.048828125
1 0.99140625 0.4150390625 0.0140625 0.052734375
2 0.44453125 0.4306640625 0.0078125 0.029296875
8 0.53515625 0.3984375 0.0890625 0.15625
8 0.48828125 0.390625 0.0140625 0.08984375
8 0.43671875 0.40234375 0.0296875 0.0390625
3 0.67109375 0.451171875 0.0296875 0.0625
3 0.59140625 0.4775390625 0.1640625 0.177734375
3 0.4765625 0.416015625 0.01875 0.02734375
3 0.36015625 0.41796875 0.0890625 0.046875
1 0.4453125 0.4189453125 0.009375 0.037109375
