1 0.5703125 0.486328125 0.021875 0.09375
2 0.55078125 0.537109375 0.0359375 0.07421875
3 0.51640625 0.439453125 0.0109375 0.01171875
3 0.50703125 0.439453125 0.0078125 0.0078125
3 0.50078125 0.439453125 0.0046875 0.0078125
3 0.49296875 0.439453125 0.0109375 0.0078125
3 0.47421875 0.4501953125 0.0296875 0.033203125
3 0.44921875 0.439453125 0.0140625 0.01953125
3 0.44453125 0.4443359375 0.0109375 0.013671875
3 0.4375 0.4453125 0.0125 0.015625
3 0.42421875 0.4482421875 0.0234375 0.021484375
3 0.4140625 0.455078125 0.021875 0.0234375
3 0.39765625 0.4658203125 0.0171875 0.041015625
3 0.38203125 0.4716796875 0.0328125 0.044921875
3 0.36875 0.4775390625 0.0375 0.044921875
3 0.35625 0.486328125 0.040625 0.05859375
3 0.3203125 0.4912109375 0.065625 0.076171875
3 0.28828125 0.5087890625 0.0703125 0.076171875
3 0.23359375 0.5322265625 0.1265625 0.103515625
3 0.07734375 0.58984375 0.1546875 0.1640625
3 0.0296875 0.6298828125 0.059375 0.177734375
3 0.53125 0.4404296875 0.021875 0.029296875
3 0.534375 0.4462890625 0.015625 0.025390625
3 0.54921875 0.44921875 0.0296875 0.03125
3 0.60859375 0.4365234375 0.0140625 0.013671875
3 0.61953125 0.4443359375 0.0140625 0.013671875
3 0.615625 0.498046875 0.084375 0.09375
3 0.94765625 0.4541015625 0.1015625 0.056640625
3 0.83515625 0.4912109375 0.1078125 0.115234375
3 0.925 0.5361328125 0.146875 0.142578125
1 0.5515625 0.501953125 0.034375 0.10546875
