6 0.146875 0.4482421875 0.29375 0.279296875
12 0.26640625 0.3291015625 0.0484375 0.068359375
12 0.38046875 0.3056640625 0.0484375 0.052734375
1 0.94296875 0.474609375 0.0203125 0.046875
1 0.77109375 0.4609375 0.0109375 0.0390625
1 0.471875 0.4560546875 0.009375 0.033203125
1 0.490625 0.4560546875 0.009375 0.029296875
1 0.60390625 0.4501953125 0.0046875 0.013671875
1 0.43828125 0.478515625 0.0234375 0.11328125
1 0.45703125 0.4853515625 0.0265625 0.099609375
3 0.69765625 0.4521484375 0.0109375 0.013671875
3 0.6703125 0.4541015625 0.015625 0.013671875
3 0.62265625 0.455078125 0.0203125 0.0234375
3 0.64765625 0.453125 0.0296875 0.03515625
3 0.590625 0.4560546875 0.0125 0.033203125
3 0.3765625 0.4599609375 0.078125 0.041015625
3 0.33359375 0.44140625 0.0453125 0.01953125
3 0.32890625 0.462890625 0.0453125 0.04296875
3 0.54296875 0.466796875 0.0984375 0.09375
11 0.74375 0.4658203125 0.00625 0.013671875
