10 0.64453125 0.40234375 0.0109375 0.03515625
10 0.14921875 0.39453125 0.0109375 0.03515625
10 0.40703125 0.45703125 0.0046875 0.015625
10 0.54765625 0.4619140625 0.0046875 0.017578125
12 0.15703125 0.4404296875 0.0171875 0.033203125
12 0.6390625 0.44921875 0.01875 0.0390625
1 0.703125 0.49609375 0.01875 0.02734375
1 0.7359375 0.515625 0.015625 0.02734375
1 0.6859375 0.5078125 0.009375 0.0390625
1 0.29765625 0.48828125 0.0109375 0.015625
1 0.34453125 0.486328125 0.0078125 0.015625
1 0.3640625 0.4931640625 0.009375 0.017578125
3 0.23828125 0.5244140625 0.0984375 0.076171875
3 0.5 0.4990234375 0.021875 0.021484375
3 0.521875 0.4912109375 0.0125 0.017578125
3 0.49375 0.4775390625 0.0125 0.013671875
3 0.503125 0.4853515625 0.0125 0.009765625
10 0.9890625 0.3896484375 0.01875 0.060546875
10 0.990625 0.4443359375 0.015625 0.041015625
