10 0.32265625 0.4306640625 0.0078125 0.025390625
10 0.6359375 0.4404296875 0.00625 0.021484375
10 0.43125 0.4599609375 0.00625 0.017578125
1 0.98671875 0.5556640625 0.0234375 0.119140625
1 0.91796875 0.5302734375 0.0265625 0.099609375
1 0.840625 0.50390625 0.015625 0.04296875
1 0.78671875 0.5224609375 0.0203125 0.072265625
1 0.72890625 0.521484375 0.0234375 0.07421875
1 0.75390625 0.5185546875 0.0140625 0.044921875
1 0.746875 0.515625 0.009375 0.0390625
2 0.21875 0.525390625 0.05 0.03515625
2 0.634375 0.5498046875 0.028125 0.052734375
2 0.909375 0.5859375 0.053125 0.1015625
3 0.309375 0.541015625 0.11875 0.1015625
3 0.50625 0.53515625 0.05625 0.07421875
3 0.53046875 0.5126953125 0.0421875 0.052734375
3 0.5578125 0.4970703125 0.025 0.013671875
3 0.44140625 0.5908203125 0.1859375 0.185546875
1 0.63359375 0.529296875 0.0265625 0.06640625
11 0.1671875 0.5478515625 0.015625 0.052734375
