10 0.03828125 0.3623046875 0.0171875 0.056640625
10 0.04140625 0.419921875 0.0171875 0.015625
10 0.3859375 0.4482421875 0.00625 0.017578125
10 0.7015625 0.3671875 0.015625 0.0625
10 0.6953125 0.431640625 0.01875 0.01953125
12 0.0390625 0.4013671875 0.0375 0.017578125
12 0.703125 0.40625 0.0375 0.01171875
1 0.1390625 0.4892578125 0.01875 0.060546875
1 0.42109375 0.486328125 0.0078125 0.0234375
1 0.72890625 0.5263671875 0.0296875 0.111328125
1 0.76015625 0.5234375 0.0234375 0.109375
1 0.77109375 0.5283203125 0.0265625 0.119140625
1 0.37109375 0.4794921875 0.0078125 0.017578125
3 0.509375 0.5146484375 0.053125 0.056640625
3 0.5578125 0.4990234375 0.03125 0.025390625
