1 0.38515625 0.443359375 0.0140625 0.015625
3 0.78984375 0.556640625 0.1859375 0.16015625
3 0.7796875 0.470703125 0.109375 0.0546875
3 0.71796875 0.462890625 0.0546875 0.046875
3 0.690625 0.50390625 0.078125 0.07421875
3 0.66875 0.462890625 0.04375 0.03125
3 0.5796875 0.451171875 0.021875 0.0234375
3 0.5671875 0.443359375 0.0125 0.01171875
3 0.53671875 0.439453125 0.0078125 0.0078125
3 0.53125 0.4404296875 0.00625 0.009765625
3 0.5265625 0.4404296875 0.009375 0.009765625
3 0.51796875 0.4423828125 0.0140625 0.017578125
3 0.51171875 0.4453125 0.0140625 0.015625
3 0.4984375 0.4501953125 0.025 0.029296875
3 0.47890625 0.4541015625 0.0265625 0.029296875
3 0.4609375 0.4599609375 0.021875 0.044921875
3 0.45078125 0.4599609375 0.0296875 0.044921875
3 0.43671875 0.4638671875 0.0421875 0.048828125
3 0.428125 0.470703125 0.028125 0.04296875
3 0.41953125 0.47265625 0.0421875 0.046875
3 0.3796875 0.4794921875 0.06875 0.060546875
3 0.37734375 0.4404296875 0.0421875 0.025390625
3 0.246875 0.5009765625 0.125 0.103515625
3 0.18828125 0.45703125 0.0890625 0.07421875
3 0.0984375 0.541015625 0.196875 0.17578125
1 0.64296875 0.5224609375 0.0515625 0.138671875
1 0.59453125 0.4892578125 0.0328125 0.103515625
1 0.61015625 0.478515625 0.0203125 0.08984375
