10 0.4671875 0.1572265625 0.01875 0.064453125
10 0.6765625 0.3134765625 0.015625 0.056640625
10 0.11328125 0.302734375 0.0140625 0.0546875
1 0.68828125 0.4599609375 0.0109375 0.060546875
1 0.71796875 0.4609375 0.0171875 0.0703125
1 0.778125 0.466796875 0.025 0.0703125
1 0.8546875 0.4443359375 0.028125 0.037109375
1 0.9890625 0.451171875 0.01875 0.046875
1 0.228125 0.4755859375 0.04375 0.126953125
1 0.17421875 0.4462890625 0.0171875 0.044921875
1 0.04296875 0.443359375 0.0203125 0.06640625
1 0.065625 0.4375 0.015625 0.0234375
1 0.08046875 0.4365234375 0.0171875 0.025390625
1 0.10078125 0.443359375 0.0140625 0.03125
1 0.49609375 0.4443359375 0.0078125 0.017578125
1 0.46875 0.4453125 0.00625 0.01953125
1 0.42734375 0.447265625 0.0046875 0.015625
2 0.95234375 0.583984375 0.0921875 0.1015625
2 0.14140625 0.5263671875 0.1171875 0.095703125
3 0.2328125 0.4658203125 0.121875 0.056640625
3 0.57421875 0.4755859375 0.0703125 0.064453125
3 0.5375 0.462890625 0.03125 0.046875
3 0.515625 0.4521484375 0.01875 0.025390625
3 0.478125 0.447265625 0.015625 0.015625
3 0.4578125 0.447265625 0.015625 0.01171875
1 0.96328125 0.5322265625 0.0703125 0.189453125
1 0.13828125 0.4912109375 0.0578125 0.146484375
1 0.1921875 0.6162109375 0.13125 0.275390625
79 0.20625 0.6884765625 0.159375 0.173828125
