1 0.5171875 0.45703125 0.003125 0.0234375
1 0.509375 0.4560546875 0.00625 0.025390625
1 0.50390625 0.4560546875 0.0046875 0.021484375
3 0.759375 0.4755859375 0.06875 0.080078125
3 0.61328125 0.482421875 0.0609375 0.0625
3 0.58203125 0.4677734375 0.0234375 0.033203125
3 0.5265625 0.4580078125 0.015625 0.017578125
3 0.496875 0.455078125 0.009375 0.0234375
3 0.48515625 0.455078125 0.0203125 0.02734375
3 0.484375 0.4599609375 0.0125 0.021484375
3 0.4671875 0.4619140625 0.028125 0.033203125
3 0.44453125 0.46875 0.0296875 0.0390625
3 0.43125 0.47265625 0.01875 0.04296875
3 0.40546875 0.4716796875 0.0421875 0.048828125
3 0.4015625 0.4765625 0.034375 0.05078125
3 0.38359375 0.482421875 0.0453125 0.0546875
3 0.34453125 0.4892578125 0.0640625 0.064453125
3 0.26953125 0.4912109375 0.0953125 0.107421875
3 0.18515625 0.509765625 0.1234375 0.1171875
3 0.0765625 0.541015625 0.153125 0.15234375
3 0.96171875 0.49609375 0.0734375 0.1015625
1 0.5625 0.462890625 0.0125 0.04296875
1 0.55234375 0.4609375 0.0078125 0.0390625
1 0.54375 0.4619140625 0.009375 0.037109375
