2 0.88125 0.5810546875 0.103125 0.173828125
2 0.74296875 0.548828125 0.0546875 0.109375
2 0.6890625 0.529296875 0.046875 0.08984375
2 0.65234375 0.5205078125 0.0265625 0.060546875
2 0.60625 0.5087890625 0.028125 0.060546875
2 0.56484375 0.501953125 0.0265625 0.0546875
3 0.95859375 0.5517578125 0.0796875 0.173828125
3 0.83984375 0.5166015625 0.1578125 0.158203125
3 0.615625 0.48046875 0.06875 0.078125
3 0.5625 0.4716796875 0.05 0.060546875
3 0.36171875 0.4638671875 0.0234375 0.048828125
3 0.34921875 0.466796875 0.0296875 0.05078125
3 0.33046875 0.46875 0.0421875 0.05078125
3 0.25 0.47265625 0.11875 0.1171875
1 0.878125 0.5068359375 0.08125 0.244140625
1 0.75234375 0.5029296875 0.0640625 0.150390625
1 0.6921875 0.4951171875 0.053125 0.134765625
1 0.6515625 0.49609375 0.028125 0.09765625
1 0.60625 0.48828125 0.028125 0.08984375
1 0.56484375 0.474609375 0.0265625 0.09375
