10 0.54375 0.4013671875 0.003125 0.009765625
10 0.5453125 0.4091796875 0.003125 0.005859375
10 0.43984375 0.373046875 0.0046875 0.01171875
10 0.49921875 0.380859375 0.0046875 0.01171875
12 0.35078125 0.443359375 0.0109375 0.015625
12 0.36875 0.4384765625 0.009375 0.013671875
1 0.7671875 0.4326171875 0.025 0.080078125
3 0.4921875 0.4150390625 0.00625 0.005859375
3 0.41953125 0.4326171875 0.0140625 0.017578125
3 0.31953125 0.455078125 0.0359375 0.03515625
3 0.46875 0.40234375 0.00625 0.0078125
3 0.45390625 0.400390625 0.0046875 0.0078125
11 0.52734375 0.423828125 0.0046875 0.0078125
12 0.26015625 0.4384765625 0.0078125 0.013671875
12 0.3703125 0.3896484375 0.0125 0.005859375
10 0.40390625 0.3759765625 0.0046875 0.013671875
12 0.5921875 0.404296875 0.015625 0.01953125
10 0.47421875 0.3798828125 0.0046875 0.009765625
