10 0.55 0.3916015625 0.00625 0.017578125
10 0.6 0.3974609375 0.00625 0.017578125
10 0.55078125 0.404296875 0.0046875 0.0078125
10 0.48359375 0.36328125 0.0046875 0.01171875
10 0.44375 0.361328125 0.00625 0.015625
10 0.36953125 0.337890625 0.0078125 0.01953125
10 0.31484375 0.341796875 0.0109375 0.0234375
12 0.734375 0.38671875 0.021875 0.0390625
12 0.4359375 0.41796875 0.009375 0.01171875
12 0.36796875 0.4365234375 0.0078125 0.013671875
3 0.48359375 0.40625 0.0078125 0.0078125
3 0.4421875 0.3994140625 0.00625 0.005859375
3 0.43671875 0.3974609375 0.0046875 0.005859375
3 0.01640625 0.4990234375 0.0328125 0.068359375
11 0.5890625 0.4404296875 0.00625 0.013671875
11 0.52421875 0.4267578125 0.0046875 0.009765625
