6 0.8265625 0.4052734375 0.259375 0.068359375
6 0.51953125 0.447265625 0.0671875 0.08203125
6 0.4328125 0.4521484375 0.096875 0.037109375
1 0.94921875 0.701171875 0.0984375 0.59375
1 0.72421875 0.4521484375 0.0390625 0.087890625
1 0.65703125 0.45703125 0.0328125 0.109375
1 0.684375 0.462890625 0.03125 0.08984375
1 0.696875 0.4521484375 0.028125 0.091796875
1 0.63359375 0.447265625 0.0078125 0.03515625
1 0.62734375 0.4599609375 0.0109375 0.056640625
1 0.61796875 0.45703125 0.0109375 0.0546875
1 0.609375 0.4609375 0.009375 0.05078125
1 0.59609375 0.462890625 0.0140625 0.0546875
1 0.6015625 0.4609375 0.009375 0.0546875
1 0.5859375 0.458984375 0.009375 0.04296875
1 0.5765625 0.458984375 0.009375 0.04296875
1 0.56953125 0.453125 0.0046875 0.03125
1 0.55390625 0.4580078125 0.0109375 0.041015625
1 0.55078125 0.458984375 0.0109375 0.0390625
1 0.40546875 0.470703125 0.0171875 0.046875
1 0.39453125 0.47265625 0.0203125 0.04296875
1 0.37734375 0.46484375 0.0078125 0.0234375
1 0.371875 0.4658203125 0.00625 0.021484375
1 0.128125 0.490234375 0.0125 0.02734375
3 0.95 0.4072265625 0.096875 0.048828125
3 0.7859375 0.5244140625 0.36875 0.212890625
3 0.471875 0.462890625 0.028125 0.0234375
3 0.45234375 0.462890625 0.0265625 0.0234375
3 0.29921875 0.47265625 0.0296875 0.0234375
11 0.340625 0.4775390625 0.00625 0.021484375
1 0.11328125 0.50390625 0.0203125 0.0546875
