6 0.84765625 0.3828125 0.3015625 0.06640625
6 0.51796875 0.4462890625 0.0640625 0.083984375
6 0.43359375 0.455078125 0.0953125 0.046875
1 0.11484375 0.4931640625 0.0109375 0.052734375
1 0.12734375 0.4912109375 0.0140625 0.029296875
1 0.16953125 0.484375 0.0140625 0.04296875
1 0.3640625 0.4658203125 0.00625 0.021484375
1 0.375 0.46484375 0.00625 0.0234375
1 0.3828125 0.4638671875 0.00625 0.021484375
1 0.55078125 0.4599609375 0.0109375 0.041015625
1 0.5421875 0.45703125 0.00625 0.03125
1 0.55859375 0.4501953125 0.0046875 0.025390625
1 0.57109375 0.451171875 0.0078125 0.03125
1 0.578125 0.4599609375 0.009375 0.041015625
1 0.5859375 0.4638671875 0.0125 0.056640625
1 0.603125 0.4609375 0.015625 0.05859375
1 0.6140625 0.44921875 0.00625 0.03125
1 0.61953125 0.455078125 0.0109375 0.05078125
1 0.63203125 0.4453125 0.0078125 0.03125
1 0.628125 0.451171875 0.0125 0.0390625
1 0.66796875 0.4453125 0.0140625 0.05078125
1 0.65 0.47265625 0.028125 0.09375
1 0.68359375 0.4658203125 0.0203125 0.095703125
1 0.70859375 0.4755859375 0.0328125 0.134765625
1 0.73984375 0.478515625 0.0328125 0.1171875
3 0.9515625 0.486328125 0.09375 0.10546875
3 0.9125 0.4482421875 0.171875 0.138671875
3 0.85 0.4462890625 0.1375 0.099609375
3 0.434375 0.4697265625 0.04375 0.041015625
3 0.421875 0.4619140625 0.03125 0.029296875
3 0.4578125 0.4638671875 0.01875 0.025390625
3 0.47421875 0.462890625 0.0265625 0.02734375
11 0.34140625 0.4775390625 0.0046875 0.021484375
