1 0.01875 0.447265625 0.009375 0.03125
1 0.02578125 0.4462890625 0.0078125 0.033203125
1 0.41484375 0.4423828125 0.0046875 0.013671875
1 0.42421875 0.44140625 0.0078125 0.01171875
1 0.4390625 0.4404296875 0.00625 0.009765625
1 0.5890625 0.5009765625 0.028125 0.076171875
1 0.0390625 0.4423828125 0.009375 0.021484375
2 0.48984375 0.4931640625 0.0234375 0.044921875
3 0.0234375 0.5126953125 0.046875 0.083984375
3 0.21640625 0.564453125 0.1609375 0.14453125
3 0.3265625 0.5087890625 0.084375 0.087890625
3 0.365625 0.494140625 0.053125 0.0703125
3 0.39140625 0.478515625 0.0640625 0.07421875
3 0.425 0.4716796875 0.01875 0.048828125
3 0.4375 0.46875 0.025 0.04296875
3 0.4484375 0.462890625 0.021875 0.03515625
3 0.471875 0.4521484375 0.021875 0.025390625
3 0.5421875 0.4599609375 0.028125 0.025390625
3 0.50234375 0.44921875 0.0140625 0.01953125
3 0.51328125 0.447265625 0.0109375 0.01171875
3 0.5234375 0.4443359375 0.009375 0.009765625
3 0.8265625 0.576171875 0.25625 0.23828125
3 0.69375 0.5419921875 0.075 0.111328125
3 0.690625 0.517578125 0.0875 0.09375
3 0.67890625 0.5068359375 0.0796875 0.091796875
3 0.62109375 0.5068359375 0.0609375 0.060546875
3 0.57265625 0.455078125 0.0203125 0.0234375
3 0.56015625 0.453125 0.0109375 0.01953125
3 0.71484375 0.4521484375 0.0390625 0.017578125
1 0.4890625 0.47265625 0.021875 0.0703125
1 0.54375 0.4775390625 0.01875 0.064453125
12 0.44921875 0.4169921875 0.0109375 0.013671875
12 0.44921875 0.42578125 0.0078125 0.00390625
