1 0.71953125 0.529296875 0.0515625 0.203125
2 0.334375 0.55859375 0.0625 0.15234375
2 0.35859375 0.509765625 0.0171875 0.046875
3 0.09296875 0.513671875 0.1859375 0.26171875
3 0.10078125 0.5078125 0.1734375 0.19140625
3 0.22109375 0.4951171875 0.1328125 0.134765625
3 0.2875 0.490234375 0.05625 0.09375
3 0.4109375 0.4873046875 0.025 0.080078125
3 0.465625 0.48828125 0.11875 0.15234375
3 0.915625 0.552734375 0.165625 0.20703125
3 0.86171875 0.501953125 0.2359375 0.2109375
3 0.69765625 0.521484375 0.1265625 0.1484375
3 0.68359375 0.4833984375 0.1359375 0.083984375
3 0.61015625 0.4892578125 0.1328125 0.111328125
1 0.3359375 0.509765625 0.0625 0.19921875
1 0.3625 0.4814453125 0.01875 0.076171875
