1 0.44609375 0.4736328125 0.0140625 0.044921875
3 0.175 0.4814453125 0.05625 0.068359375
3 0.228125 0.478515625 0.05625 0.046875
3 0.246875 0.46875 0.0875 0.05078125
3 0.1453125 0.5986328125 0.209375 0.166015625
3 0.24375 0.552734375 0.11875 0.11328125
3 0.30546875 0.521484375 0.0921875 0.10546875
3 0.38046875 0.501953125 0.0703125 0.06640625
3 0.4078125 0.4931640625 0.0375 0.052734375
3 0.42578125 0.4814453125 0.0390625 0.041015625
3 0.50546875 0.470703125 0.0390625 0.0390625
3 0.53359375 0.4638671875 0.0234375 0.021484375
3 0.55078125 0.462890625 0.0140625 0.015625
3 0.56328125 0.4619140625 0.0109375 0.013671875
3 0.5734375 0.4599609375 0.009375 0.013671875
3 0.85546875 0.603515625 0.2453125 0.2265625
3 0.7359375 0.564453125 0.09375 0.1328125
3 0.6515625 0.4970703125 0.071875 0.072265625
3 0.63359375 0.4853515625 0.0484375 0.060546875
3 0.60625 0.4697265625 0.04375 0.048828125
3 0.58671875 0.4658203125 0.0171875 0.037109375
3 0.97109375 0.544921875 0.0546875 0.11328125
3 0.86015625 0.4775390625 0.0953125 0.044921875
3 0.91484375 0.4833984375 0.0953125 0.060546875
3 0.9578125 0.4716796875 0.08125 0.068359375
3 0.7109375 0.4814453125 0.034375 0.056640625
3 0.446875 0.4697265625 0.028125 0.037109375
3 0.46796875 0.4677734375 0.0171875 0.041015625
