10 0.49765625 0.41796875 0.0046875 0.01171875
10 0.46796875 0.4169921875 0.0046875 0.013671875
10 0.36171875 0.4453125 0.0046875 0.015625
12 0.7875 0.3603515625 0.059375 0.095703125
12 0.78203125 0.22265625 0.0703125 0.16796875
12 0.58984375 0.408203125 0.0296875 0.02734375
12 0.62265625 0.416015625 0.0203125 0.01171875
12 0.62265625 0.3935546875 0.0265625 0.033203125
12 0.48203125 0.4150390625 0.0078125 0.009765625
12 0.43359375 0.408203125 0.0109375 0.015625
12 0.38828125 0.4287109375 0.0234375 0.005859375
12 0.5140625 0.4306640625 0.01875 0.005859375
12 0.590625 0.4248046875 0.0125 0.005859375
1 0.01796875 0.4931640625 0.0203125 0.080078125
1 0.1203125 0.4814453125 0.015625 0.056640625
1 0.140625 0.4814453125 0.015625 0.060546875
1 0.15703125 0.4775390625 0.0109375 0.048828125
1 0.1875 0.48046875 0.009375 0.0390625
1 0.19765625 0.478515625 0.0078125 0.0390625
1 0.20859375 0.4775390625 0.0078125 0.041015625
1 0.228125 0.4775390625 0.009375 0.037109375
1 0.23203125 0.4755859375 0.0078125 0.041015625
1 0.24375 0.474609375 0.009375 0.0390625
1 0.26171875 0.4755859375 0.0078125 0.037109375
1 0.2703125 0.4736328125 0.009375 0.037109375
1 0.3265625 0.4755859375 0.00625 0.025390625
1 0.3328125 0.4755859375 0.00625 0.025390625
2 0.05625 0.5029296875 0.034375 0.044921875
2 0.10078125 0.50390625 0.0203125 0.03515625
3 0.50625 0.498046875 0.109375 0.12109375
3 0.4421875 0.478515625 0.015625 0.01171875
1 0.05234375 0.478515625 0.0296875 0.0703125
1 0.1 0.4873046875 0.015625 0.048828125
