12 0.68046875 0.3076171875 0.0609375 0.072265625
12 0.675 0.3623046875 0.046875 0.017578125
1 0.915625 0.462890625 0.009375 0.01953125
1 0.92578125 0.4609375 0.0109375 0.0234375
3 0.9921875 0.4560546875 0.0125 0.025390625
3 0.98046875 0.4619140625 0.0234375 0.025390625
3 0.96953125 0.4716796875 0.0234375 0.029296875
3 0.9515625 0.4755859375 0.034375 0.033203125
3 0.94140625 0.4833984375 0.0328125 0.041015625
3 0.9265625 0.4931640625 0.034375 0.041015625
3 0.9125 0.5048828125 0.053125 0.060546875
3 0.88125 0.5205078125 0.075 0.076171875
3 0.83359375 0.5458984375 0.1265625 0.115234375
