10 0.6359375 0.3330078125 0.0125 0.048828125
1 0.6734375 0.46484375 0.0375 0.1328125
1 0.8375 0.4453125 0.01875 0.06640625
1 0.98828125 0.453125 0.0203125 0.1171875
1 0.01015625 0.478515625 0.0203125 0.0859375
1 0.0265625 0.4775390625 0.021875 0.080078125
3 0.4375 0.4970703125 0.246875 0.279296875
3 0.56484375 0.4931640625 0.0484375 0.130859375
3 0.28515625 0.4765625 0.0671875 0.07421875
3 0.21015625 0.4931640625 0.1046875 0.087890625
10 0.62578125 0.3818359375 0.0203125 0.021484375
11 0.65703125 0.49609375 0.0109375 0.0625
