2 0.33671875 0.4873046875 0.0140625 0.041015625
2 0.3234375 0.4912109375 0.01875 0.048828125
2 0.30625 0.5068359375 0.028125 0.056640625
2 0.26875 0.5146484375 0.03125 0.068359375
2 0.22421875 0.513671875 0.0265625 0.07421875
2 0.1953125 0.5283203125 0.040625 0.099609375
2 0.06953125 0.5419921875 0.0703125 0.119140625
2 0.6453125 0.587890625 0.2125 0.14453125
3 0.03515625 0.505859375 0.0703125 0.1171875
3 0.16953125 0.48046875 0.0640625 0.08203125
3 0.47578125 0.47265625 0.0328125 0.02734375
3 0.49453125 0.4765625 0.0265625 0.0390625
3 0.50703125 0.4814453125 0.0265625 0.048828125
3 0.55078125 0.48046875 0.0765625 0.07421875
3 0.3890625 0.47265625 0.03125 0.02734375
1 0.3421875 0.4677734375 0.028125 0.060546875
1 0.325 0.4736328125 0.021875 0.072265625
1 0.30703125 0.4814453125 0.0296875 0.083984375
1 0.2671875 0.4833984375 0.0375 0.099609375
1 0.225 0.4970703125 0.034375 0.107421875
1 0.19375 0.486328125 0.04375 0.13671875
1 0.0671875 0.48828125 0.065625 0.1640625
1 0.6375 0.53125 0.103125 0.2265625
10 0.61796875 0.3310546875 0.0109375 0.037109375
