10 0.39140625 0.47265625 0.0109375 0.03125
10 0.61015625 0.482421875 0.0078125 0.02734375
10 0.22265625 0.490234375 0.0109375 0.03125
12 0.94453125 0.4638671875 0.0578125 0.029296875
12 0.94453125 0.435546875 0.0578125 0.02734375
12 0.94453125 0.384765625 0.0546875 0.0703125
1 0.684375 0.5537109375 0.0125 0.033203125
1 0.615625 0.5595703125 0.0125 0.033203125
1 0.06640625 0.544921875 0.0078125 0.0234375
1 0.05859375 0.5517578125 0.0140625 0.033203125
1 0.24140625 0.546875 0.0109375 0.01953125
1 0.59765625 0.5615234375 0.0046875 0.013671875
4 0.3125 0.591796875 0.03125 0.046875
4 0.85078125 0.634765625 0.1546875 0.12890625
4 0.90625 0.6533203125 0.184375 0.154296875
3 0.48046875 0.56640625 0.0359375 0.04296875
3 0.5125 0.58203125 0.05 0.0546875
3 0.54375 0.6240234375 0.1125 0.111328125
3 0.2171875 0.587890625 0.08125 0.0625
3 0.21875 0.5498046875 0.040625 0.025390625
3 0.38359375 0.5615234375 0.0234375 0.025390625
3 0.36328125 0.5625 0.0234375 0.0234375
3 0.33828125 0.568359375 0.0328125 0.03515625
3 0.37890625 0.62109375 0.1203125 0.09765625
1 0.3140625 0.5791015625 0.025 0.048828125
