2 0.4796875 0.478515625 0.015625 0.03125
2 0.509375 0.4853515625 0.015625 0.033203125
3 0.0765625 0.541015625 0.153125 0.2734375
3 0.2 0.521484375 0.125 0.140625
3 0.2625 0.4990234375 0.10625 0.126953125
3 0.334375 0.48828125 0.059375 0.078125
3 0.396875 0.4619140625 0.034375 0.033203125
3 0.4015625 0.44140625 0.01875 0.01171875
3 0.8953125 0.6328125 0.20625 0.3515625
3 0.75 0.5341796875 0.15 0.134765625
3 0.66796875 0.4990234375 0.0859375 0.087890625
3 0.5546875 0.4697265625 0.046875 0.048828125
3 0.53125 0.462890625 0.028125 0.04296875
3 0.50859375 0.4619140625 0.0265625 0.029296875
3 0.49921875 0.4541015625 0.0234375 0.029296875
3 0.4734375 0.4501953125 0.015625 0.017578125
3 0.4625 0.4462890625 0.015625 0.017578125
3 0.44765625 0.443359375 0.0140625 0.015625
3 0.43515625 0.4443359375 0.0109375 0.009765625
3 0.42109375 0.4443359375 0.0109375 0.009765625
1 0.509375 0.4716796875 0.015625 0.044921875
1 0.4796875 0.46875 0.015625 0.046875
2 0.85 0.521484375 0.059375 0.05859375
