10 0.1703125 0.259765625 0.025 0.08203125
10 0.16171875 0.3447265625 0.0234375 0.029296875
10 0.896875 0.3701171875 0.025 0.025390625
10 0.890625 0.2822265625 0.021875 0.080078125
12 0.309375 0.3486328125 0.009375 0.017578125
12 0.7515625 0.365234375 0.025 0.01953125
12 0.91796875 0.3427734375 0.0640625 0.021484375
1 0.91171875 0.51171875 0.0546875 0.12890625
2 0.7046875 0.5224609375 0.146875 0.123046875
3 0.03671875 0.513671875 0.0703125 0.12109375
3 0.59765625 0.4453125 0.0546875 0.046875
3 0.56328125 0.435546875 0.0265625 0.03515625
3 0.5578125 0.423828125 0.040625 0.046875
3 0.53359375 0.42578125 0.0171875 0.03125
3 0.5171875 0.427734375 0.015625 0.0234375
3 0.50703125 0.4296875 0.0109375 0.015625
3 0.47421875 0.4326171875 0.0078125 0.013671875
3 0.46015625 0.427734375 0.0234375 0.0234375
3 0.409375 0.4267578125 0.0375 0.033203125
3 0.37265625 0.4482421875 0.0296875 0.064453125
3 0.3328125 0.4580078125 0.0875 0.091796875
1 0.7203125 0.482421875 0.0625 0.1640625
79 0.85703125 0.5390625 0.0515625 0.0703125
