10 0.6421875 0.181640625 0.0125 0.05078125
10 0.80078125 0.181640625 0.0140625 0.046875
10 0.89921875 0.3486328125 0.0109375 0.029296875
10 0.509375 0.2412109375 0.0125 0.041015625
10 0.40078125 0.2529296875 0.0171875 0.044921875
10 0.12109375 0.369140625 0.0109375 0.03515625
10 0.06171875 0.3662109375 0.0078125 0.025390625
10 0.0375 0.39453125 0.015625 0.01953125
10 0.0265625 0.2197265625 0.0125 0.041015625
12 0.7 0.1728515625 0.04375 0.033203125
12 0.96171875 0.23046875 0.0421875 0.01171875
12 0.84296875 0.3515625 0.0171875 0.01953125
12 0.84296875 0.3671875 0.0109375 0.01171875
12 0.4609375 0.2392578125 0.03125 0.025390625
12 0.30078125 0.28515625 0.0390625 0.015625
12 0.36484375 0.3720703125 0.0109375 0.029296875
1 0.3765625 0.470703125 0.059375 0.13671875
3 0.940625 0.5166015625 0.115625 0.279296875
3 0.44375 0.4150390625 0.025 0.025390625
3 0.46796875 0.42578125 0.0328125 0.03515625
3 0.4875 0.4248046875 0.015625 0.029296875
3 0.49375 0.41796875 0.021875 0.03125
3 0.525 0.4189453125 0.04375 0.044921875
3 0.6078125 0.53515625 0.278125 0.26171875
10 0.134375 0.365234375 0.009375 0.03515625
12 0.92265625 0.345703125 0.0203125 0.03515625
10 0.9125 0.376953125 0.009375 0.0078125
12 0.1125 0.3935546875 0.01875 0.009765625
