6 0.04140625 0.51953125 0.0828125 0.32421875
10 0.9484375 0.3212890625 0.025 0.087890625
10 0.9765625 0.5205078125 0.01875 0.056640625
10 0.790625 0.47265625 0.0125 0.01953125
10 0.32890625 0.490234375 0.0109375 0.015625
10 0.2484375 0.451171875 0.0125 0.03515625
12 0.74296875 0.412109375 0.0234375 0.03515625
12 0.74375 0.4345703125 0.021875 0.009765625
12 0.740625 0.4580078125 0.021875 0.025390625
12 0.97109375 0.4013671875 0.0546875 0.068359375
12 0.48515625 0.51171875 0.0109375 0.01171875
1 0.28515625 0.5498046875 0.0265625 0.068359375
1 0.36875 0.568359375 0.0375 0.09765625
1 0.790625 0.5322265625 0.015625 0.048828125
1 0.71328125 0.5224609375 0.0140625 0.044921875
1 0.75859375 0.5283203125 0.0171875 0.048828125
1 0.778125 0.5302734375 0.015625 0.052734375
1 0.15078125 0.5283203125 0.0140625 0.033203125
1 0.21484375 0.529296875 0.0109375 0.04296875
1 0.29453125 0.52734375 0.0109375 0.0390625
1 0.321875 0.5322265625 0.009375 0.033203125
1 0.31328125 0.52734375 0.0078125 0.03125
3 0.48359375 0.6640625 0.3046875 0.32421875
3 0.6484375 0.53515625 0.059375 0.05078125
