12 0.8703125 0.3642578125 0.01875 0.052734375
1 0.50546875 0.46484375 0.0265625 0.08984375
1 0.5421875 0.4609375 0.01875 0.07421875
1 0.55625 0.462890625 0.021875 0.0859375
1 0.5734375 0.4541015625 0.028125 0.091796875
1 0.58203125 0.4990234375 0.0390625 0.158203125
1 0.6140625 0.4892578125 0.03125 0.146484375
1 0.63046875 0.4931640625 0.0359375 0.166015625
1 0.65703125 0.501953125 0.0453125 0.171875
1 0.70546875 0.4970703125 0.0484375 0.166015625
3 0.475 0.46484375 0.01875 0.046875
3 0.16640625 0.4677734375 0.1546875 0.126953125
3 0.14296875 0.4931640625 0.1015625 0.119140625
3 0.06015625 0.494140625 0.1203125 0.30078125
3 0.34453125 0.5712890625 0.3140625 0.310546875
3 0.803125 0.4853515625 0.25 0.150390625
3 0.86328125 0.517578125 0.2703125 0.2109375
3 0.91015625 0.5380859375 0.1765625 0.240234375
