10 0.8203125 0.40234375 0.0125 0.05078125
10 0.078125 0.3896484375 0.0125 0.044921875
1 0.5109375 0.638671875 0.084375 0.31640625
1 0.41171875 0.6240234375 0.1265625 0.287109375
1 0.334375 0.5009765625 0.009375 0.033203125
3 0.4078125 0.4873046875 0.08125 0.115234375
3 0.47578125 0.505859375 0.0328125 0.02734375
3 0.45703125 0.505859375 0.0171875 0.0234375
3 0.49765625 0.5048828125 0.0140625 0.021484375
3 0.62578125 0.5126953125 0.0484375 0.044921875
3 0.68359375 0.5234375 0.0609375 0.05859375
10 0.09765625 0.3896484375 0.0109375 0.044921875
12 0.08984375 0.4365234375 0.0171875 0.041015625
12 0.81171875 0.4560546875 0.0203125 0.037109375
11 0.78828125 0.5458984375 0.0171875 0.041015625
