10 0.53984375 0.296875 0.0171875 0.0625
10 0.534375 0.3564453125 0.01875 0.021484375
10 0.8078125 0.279296875 0.021875 0.08984375
10 0.82109375 0.341796875 0.0203125 0.0234375
12 0.8734375 0.3232421875 0.04375 0.013671875
1 0.6734375 0.45703125 0.046875 0.1328125
1 0.51015625 0.447265625 0.0265625 0.08984375
1 0.4625 0.462890625 0.046875 0.11328125
1 0.45078125 0.4658203125 0.0546875 0.107421875
1 0.334375 0.4599609375 0.05 0.111328125
1 0.23671875 0.46875 0.0390625 0.109375
1 0.271875 0.45703125 0.053125 0.109375
1 0.0515625 0.4677734375 0.03125 0.107421875
1 0.01171875 0.46484375 0.0234375 0.1171875
3 0.9015625 0.4892578125 0.19375 0.337890625
3 0.4296875 0.453125 0.03125 0.05078125
3 0.10234375 0.4609375 0.0890625 0.06640625
11 0.51953125 0.4697265625 0.0109375 0.044921875
