12 0.81171875 0.3681640625 0.0109375 0.021484375
2 0.0328125 0.48046875 0.065625 0.0859375
2 0.1140625 0.478515625 0.05 0.06640625
2 0.21640625 0.46875 0.0484375 0.0546875
2 0.29921875 0.462890625 0.0359375 0.046875
2 0.37578125 0.455078125 0.0203125 0.046875
2 0.4375 0.44921875 0.021875 0.04296875
2 0.465625 0.4501953125 0.021875 0.033203125
2 0.49453125 0.44921875 0.0109375 0.02734375
2 0.5734375 0.4384765625 0.009375 0.025390625
2 0.55625 0.4443359375 0.0125 0.029296875
2 0.52421875 0.4453125 0.0171875 0.03125
2 0.540625 0.4453125 0.015625 0.03125
2 0.5125 0.4404296875 0.009375 0.021484375
3 0.7796875 0.427734375 0.065625 0.07421875
3 0.06328125 0.42578125 0.1265625 0.1015625
1 0.02265625 0.44140625 0.0453125 0.11328125
1 0.11875 0.4482421875 0.034375 0.091796875
1 0.21640625 0.4423828125 0.0390625 0.083984375
1 0.29921875 0.443359375 0.0265625 0.0625
1 0.37578125 0.4345703125 0.0203125 0.064453125
1 0.4359375 0.4296875 0.025 0.0625
1 0.4640625 0.4326171875 0.01875 0.048828125
1 0.49453125 0.4365234375 0.0109375 0.041015625
1 0.57265625 0.4248046875 0.0109375 0.037109375
1 0.55546875 0.4326171875 0.0140625 0.041015625
1 0.525 0.431640625 0.015625 0.04296875
1 0.5421875 0.4345703125 0.0125 0.037109375
1 0.51171875 0.4287109375 0.0078125 0.025390625
3 0.603125 0.4287109375 0.046875 0.029296875
3 0.49296875 0.4287109375 0.0328125 0.029296875
