10 0.02109375 0.2158203125 0.0171875 0.044921875
10 0.11875 0.3681640625 0.0125 0.037109375
10 0.059375 0.3642578125 0.0125 0.041015625
10 0.03671875 0.39453125 0.0140625 0.015625
10 0.509375 0.2412109375 0.0125 0.041015625
10 0.40234375 0.2529296875 0.0171875 0.041015625
10 0.64140625 0.1796875 0.0140625 0.046875
10 0.80078125 0.181640625 0.0171875 0.05078125
10 0.88671875 0.3740234375 0.0046875 0.009765625
10 0.9 0.345703125 0.0125 0.03125
10 0.91328125 0.375 0.0109375 0.01171875
12 0.30078125 0.28515625 0.0390625 0.015625
12 0.36640625 0.373046875 0.0109375 0.0234375
12 0.4609375 0.240234375 0.03125 0.02734375
12 0.70078125 0.1728515625 0.0421875 0.033203125
12 0.9609375 0.2294921875 0.040625 0.013671875
12 0.84296875 0.3671875 0.0109375 0.01171875
12 0.84296875 0.3515625 0.0171875 0.01953125
12 0.1140625 0.3955078125 0.01875 0.009765625
1 0.76796875 0.4794921875 0.0546875 0.150390625
3 0.4375 0.41796875 0.015625 0.015625
3 0.46796875 0.42578125 0.0328125 0.03515625
3 0.4875 0.423828125 0.015625 0.02734375
3 0.49453125 0.4189453125 0.0234375 0.033203125
3 0.5171875 0.421875 0.034375 0.0390625
3 0.61015625 0.5341796875 0.2765625 0.263671875
3 0.94140625 0.517578125 0.1140625 0.28515625
3 0.828125 0.4091796875 0.053125 0.029296875
10 0.1328125 0.3662109375 0.009375 0.033203125
12 0.92109375 0.345703125 0.0203125 0.03515625
