12 0.5265625 0.4619140625 0.0125 0.025390625
12 0.0734375 0.4140625 0.01875 0.03125
12 0.07109375 0.359375 0.0296875 0.02734375
1 0.9703125 0.48828125 0.05625 0.19140625
1 0.94765625 0.49609375 0.0578125 0.17578125
1 0.865625 0.4658203125 0.01875 0.095703125
1 0.82265625 0.4697265625 0.0390625 0.103515625
1 0.8453125 0.4638671875 0.028125 0.103515625
1 0.78828125 0.482421875 0.0453125 0.1953125
1 0.7046875 0.5087890625 0.05 0.134765625
1 0.634375 0.5078125 0.071875 0.14453125
1 0.60703125 0.5068359375 0.0484375 0.138671875
1 0.55703125 0.5068359375 0.0515625 0.134765625
1 0.496875 0.4638671875 0.021875 0.068359375
1 0.47578125 0.466796875 0.0296875 0.11328125
1 0.4578125 0.4755859375 0.01875 0.087890625
1 0.4265625 0.4697265625 0.015625 0.068359375
1 0.403125 0.466796875 0.015625 0.07421875
1 0.38984375 0.46875 0.0140625 0.0703125
1 0.371875 0.458984375 0.015625 0.08203125
1 0.32109375 0.4697265625 0.0140625 0.052734375
1 0.3140625 0.4599609375 0.015625 0.068359375
1 0.29609375 0.4638671875 0.0171875 0.064453125
1 0.278125 0.4736328125 0.01875 0.044921875
1 0.228125 0.4736328125 0.025 0.099609375
1 0.1171875 0.4619140625 0.025 0.091796875
1 0.08515625 0.4833984375 0.0171875 0.080078125
1 0.053125 0.478515625 0.028125 0.09375
1 0.01484375 0.439453125 0.0265625 0.0625
3 0.628125 0.44140625 0.0375 0.046875
