12 0.265625 0.416015625 0.0125 0.015625
12 0.390625 0.43359375 0.009375 0.015625
12 0.28046875 0.4375 0.0078125 0.01171875
1 0.22890625 0.48046875 0.0203125 0.05859375
1 0.3203125 0.4599609375 0.009375 0.029296875
1 0.525 0.494140625 0.034375 0.14453125
3 0.1296875 0.46875 0.05 0.05859375
3 0.096875 0.470703125 0.090625 0.0546875
3 0.07578125 0.4775390625 0.1078125 0.060546875
3 0.2359375 0.474609375 0.14375 0.06640625
3 0.45390625 0.4658203125 0.0796875 0.052734375
3 0.50390625 0.466796875 0.1171875 0.06640625
3 0.60234375 0.4873046875 0.0640625 0.068359375
