10 0.02578125 0.1728515625 0.0171875 0.056640625
10 0.2203125 0.181640625 0.021875 0.06640625
10 0.459375 0.33203125 0.015625 0.0546875
10 0.76484375 0.3134765625 0.0234375 0.080078125
10 0.83359375 0.31640625 0.0203125 0.078125
12 0.06015625 0.1728515625 0.0203125 0.029296875
12 0.453125 0.2529296875 0.028125 0.021484375
1 0.9734375 0.458984375 0.034375 0.08984375
2 0.45703125 0.486328125 0.0640625 0.0546875
3 0.18515625 0.4609375 0.0546875 0.0625
3 0.23046875 0.484375 0.1046875 0.09375
3 0.3453125 0.4619140625 0.046875 0.044921875
3 0.3171875 0.458984375 0.021875 0.03125
3 0.29296875 0.4560546875 0.0234375 0.029296875
3 0.27265625 0.4521484375 0.0171875 0.021484375
1 0.45859375 0.47265625 0.0296875 0.08203125
