2 0.11171875 0.5009765625 0.0484375 0.083984375
2 0.9625 0.591796875 0.071875 0.16015625
2 0.84140625 0.5595703125 0.0859375 0.123046875
2 0.80703125 0.5380859375 0.0390625 0.083984375
2 0.671875 0.5205078125 0.034375 0.068359375
2 0.62109375 0.5087890625 0.0421875 0.068359375
2 0.56953125 0.501953125 0.0296875 0.05859375
2 0.50625 0.4873046875 0.015625 0.033203125
2 0.5421875 0.49609375 0.021875 0.046875
2 0.52734375 0.48828125 0.0171875 0.0390625
2 0.52578125 0.4736328125 0.0171875 0.052734375
3 0.2265625 0.4912109375 0.1125 0.115234375
3 0.3109375 0.4677734375 0.0625 0.064453125
3 0.35078125 0.4677734375 0.0265625 0.037109375
3 0.36328125 0.4638671875 0.0171875 0.033203125
1 0.9625 0.5322265625 0.071875 0.240234375
1 0.834375 0.5068359375 0.071875 0.158203125
1 0.8078125 0.49609375 0.040625 0.1171875
1 0.67109375 0.486328125 0.0328125 0.1015625
1 0.61953125 0.4775390625 0.0328125 0.099609375
1 0.56953125 0.4794921875 0.0296875 0.076171875
1 0.50625 0.4697265625 0.015625 0.056640625
1 0.54375 0.4755859375 0.021875 0.068359375
