10 0.6921875 0.326171875 0.015625 0.05859375
10 0.6953125 0.380859375 0.015625 0.01953125
10 0.76640625 0.37109375 0.0140625 0.02734375
10 0.7609375 0.310546875 0.01875 0.0625
10 0.8046875 0.3095703125 0.01875 0.056640625
10 0.9875 0.130859375 0.021875 0.12890625
10 0.36484375 0.1826171875 0.0171875 0.052734375
10 0.18515625 0.171875 0.0171875 0.0546875
10 0.41953125 0.396484375 0.0046875 0.01171875
10 0.38671875 0.3955078125 0.0046875 0.013671875
12 0.53046875 0.2587890625 0.0890625 0.021484375
12 0.15 0.443359375 0.025 0.0390625
12 0.5359375 0.41015625 0.0125 0.015625
12 0.4484375 0.41015625 0.015625 0.00390625
3 0.4359375 0.4482421875 0.021875 0.017578125
3 0.40546875 0.4462890625 0.0171875 0.013671875
