2 0.4765625 0.466796875 0.009375 0.0234375
2 0.503125 0.474609375 0.0125 0.0390625
2 0.52890625 0.4892578125 0.0234375 0.048828125
2 0.5953125 0.5087890625 0.021875 0.048828125
2 0.63515625 0.5244140625 0.0234375 0.056640625
2 0.68203125 0.5205078125 0.0421875 0.080078125
2 0.45234375 0.4619140625 0.0078125 0.021484375
3 0.303125 0.4453125 0.059375 0.0625
3 0.38515625 0.4638671875 0.0359375 0.017578125
1 0.68046875 0.4765625 0.0484375 0.12109375
1 0.63359375 0.4921875 0.0390625 0.10546875
1 0.59296875 0.4794921875 0.0296875 0.095703125
1 0.52890625 0.4658203125 0.0296875 0.087890625
1 0.50078125 0.4580078125 0.0203125 0.052734375
1 0.4765625 0.4521484375 0.015625 0.044921875
1 0.453125 0.447265625 0.0125 0.03515625
