12 0.08046875 0.408203125 0.0171875 0.01171875
12 0.084375 0.439453125 0.00625 0.01953125
1 0.9015625 0.5693359375 0.10625 0.259765625
1 0.5609375 0.4853515625 0.0375 0.130859375
1 0.5171875 0.4775390625 0.028125 0.087890625
1 0.49765625 0.46875 0.0140625 0.05078125
1 0.47421875 0.5087890625 0.0265625 0.083984375
1 0.4390625 0.4912109375 0.025 0.064453125
1 0.2359375 0.4580078125 0.009375 0.041015625
1 0.2140625 0.47265625 0.015625 0.05859375
1 0.2015625 0.46875 0.0125 0.0625
1 0.18984375 0.4677734375 0.0109375 0.048828125
1 0.178125 0.4697265625 0.0125 0.048828125
1 0.16875 0.4697265625 0.009375 0.048828125
3 0.3296875 0.5400390625 0.234375 0.220703125
3 0.0421875 0.49609375 0.084375 0.14453125
