2 0.15390625 0.5185546875 0.0328125 0.087890625
2 0.21328125 0.53515625 0.0328125 0.09375
2 0.2609375 0.5478515625 0.071875 0.111328125
2 0.5875 0.576171875 0.19375 0.16015625
2 0.9703125 0.57421875 0.05625 0.12109375
3 0.0421875 0.5068359375 0.084375 0.123046875
3 0.18125 0.4814453125 0.046875 0.080078125
3 0.30703125 0.478515625 0.0296875 0.03515625
3 0.34296875 0.4814453125 0.0578125 0.048828125
3 0.371875 0.47265625 0.04375 0.04296875
3 0.4046875 0.4716796875 0.021875 0.025390625
3 0.5453125 0.4794921875 0.06875 0.076171875
3 0.5078125 0.48046875 0.021875 0.05078125
3 0.49296875 0.478515625 0.0109375 0.0390625
3 0.4875 0.4814453125 0.009375 0.029296875
1 0.15546875 0.48828125 0.0421875 0.125
1 0.21015625 0.49609375 0.0390625 0.11328125
1 0.25859375 0.50390625 0.0546875 0.16796875
1 0.5828125 0.5263671875 0.084375 0.193359375
10 0.61640625 0.330078125 0.0140625 0.03515625
