12 0.09609375 0.322265625 0.0359375 0.0625
2 0.078125 0.4873046875 0.0625 0.091796875
2 0.10078125 0.486328125 0.0703125 0.09375
2 0.1890625 0.4892578125 0.05625 0.068359375
2 0.2609375 0.484375 0.04375 0.06640625
2 0.31484375 0.47265625 0.0609375 0.07421875
2 0.29765625 0.4736328125 0.0390625 0.076171875
2 0.35546875 0.4765625 0.0328125 0.05859375
2 0.3859375 0.4736328125 0.0375 0.048828125
2 0.44375 0.462890625 0.04375 0.05859375
2 0.45703125 0.4609375 0.0359375 0.0546875
2 0.48984375 0.45703125 0.0296875 0.05078125
2 0.5265625 0.4599609375 0.03125 0.037109375
2 0.55546875 0.453125 0.0265625 0.05078125
3 0.9234375 0.4306640625 0.075 0.080078125
3 0.74375 0.43359375 0.04375 0.0390625
3 0.8796875 0.4228515625 0.021875 0.033203125
3 0.13359375 0.427734375 0.2328125 0.10546875
3 0.6109375 0.4326171875 0.040625 0.033203125
1 0.07421875 0.447265625 0.0390625 0.1171875
1 0.09921875 0.453125 0.0578125 0.140625
1 0.18515625 0.44921875 0.0390625 0.1015625
1 0.25625 0.4560546875 0.034375 0.083984375
1 0.31953125 0.4501953125 0.0421875 0.111328125
1 0.30234375 0.4482421875 0.0328125 0.083984375
1 0.35078125 0.4482421875 0.0265625 0.095703125
1 0.3828125 0.453125 0.028125 0.07421875
1 0.4390625 0.4404296875 0.021875 0.083984375
1 0.4546875 0.4326171875 0.025 0.087890625
1 0.48984375 0.44140625 0.0265625 0.06640625
1 0.5265625 0.4404296875 0.028125 0.068359375
1 0.559375 0.4306640625 0.028125 0.083984375
