10 0.69140625 0.2685546875 0.0203125 0.064453125
10 0.69296875 0.345703125 0.0203125 0.0234375
10 0.353125 0.09765625 0.025 0.07421875
10 0.14375 0.1259765625 0.021875 0.072265625
10 0.9375 0.2412109375 0.028125 0.080078125
12 0.6703125 0.169921875 0.05 0.02734375
12 0.19921875 0.0966796875 0.0453125 0.056640625
1 0.590625 0.439453125 0.0125 0.046875
1 0.59765625 0.439453125 0.0078125 0.04296875
1 0.6046875 0.4365234375 0.009375 0.044921875
3 0.4609375 0.44140625 0.021875 0.0234375
3 0.446875 0.439453125 0.00625 0.01171875
3 0.4078125 0.4423828125 0.015625 0.013671875
3 0.38671875 0.4423828125 0.0171875 0.009765625
3 0.190625 0.4990234375 0.221875 0.169921875
