1 0.42265625 0.5048828125 0.0484375 0.185546875
1 0.465625 0.5068359375 0.053125 0.181640625
1 0.559375 0.5595703125 0.121875 0.423828125
1 0.6734375 0.5380859375 0.125 0.447265625
3 0.28515625 0.4736328125 0.0421875 0.060546875
3 0.30546875 0.470703125 0.0359375 0.05859375
3 0.33671875 0.4755859375 0.0546875 0.087890625
3 0.4 0.478515625 0.096875 0.109375
3 0.47734375 0.486328125 0.0703125 0.09765625
3 0.74453125 0.5048828125 0.2984375 0.263671875
3 0.8765625 0.556640625 0.24375 0.2734375
3 0.146875 0.5888671875 0.29375 0.361328125
