12 0.47265625 0.4150390625 0.0109375 0.013671875
12 0.47265625 0.423828125 0.0078125 0.00390625
1 0.4578125 0.443359375 0.009375 0.015625
1 0.471875 0.443359375 0.009375 0.015625
1 0.60390625 0.48828125 0.0234375 0.09375
1 0.78359375 0.6123046875 0.0796875 0.193359375
2 0.52578125 0.4609375 0.0109375 0.01953125
2 0.540625 0.5205078125 0.03125 0.068359375
3 0.1328125 0.6240234375 0.265625 0.228515625
3 0.28046875 0.5556640625 0.1296875 0.154296875
3 0.35703125 0.513671875 0.1203125 0.1328125
3 0.4234375 0.4951171875 0.0375 0.072265625
3 0.44453125 0.4873046875 0.0453125 0.064453125
3 0.4640625 0.4765625 0.0375 0.05078125
3 0.50234375 0.45703125 0.0296875 0.03125
3 0.5671875 0.4521484375 0.015625 0.017578125
3 0.58046875 0.462890625 0.0296875 0.03125
3 0.6234375 0.4638671875 0.025 0.033203125
3 0.96640625 0.6787109375 0.0640625 0.193359375
3 0.88671875 0.603515625 0.2234375 0.2421875
3 0.7515625 0.5341796875 0.078125 0.091796875
3 0.7140625 0.5146484375 0.075 0.072265625
3 0.6859375 0.5009765625 0.06875 0.064453125
3 0.6671875 0.48046875 0.053125 0.04296875
3 0.83203125 0.482421875 0.1546875 0.0546875
1 0.540625 0.48828125 0.03125 0.09375
