10 0.48125 0.1708984375 0.01875 0.064453125
10 0.69765625 0.32421875 0.0171875 0.05859375
10 0.1234375 0.330078125 0.015625 0.05859375
12 0.83984375 0.3671875 0.0484375 0.015625
12 0.83984375 0.3486328125 0.0171875 0.013671875
12 0.63359375 0.3896484375 0.0140625 0.025390625
12 0.63359375 0.41015625 0.0078125 0.015625
1 0.87265625 0.4384765625 0.0203125 0.044921875
1 0.859375 0.4345703125 0.015625 0.041015625
1 0.421875 0.4365234375 0.00625 0.017578125
1 0.2546875 0.4501953125 0.0125 0.041015625
1 0.3171875 0.4521484375 0.0125 0.041015625
1 0.06796875 0.47265625 0.0265625 0.0546875
2 0.7109375 0.599609375 0.125 0.10546875
2 0.76875 0.49609375 0.028125 0.0546875
2 0.734375 0.49609375 0.021875 0.05859375
2 0.72734375 0.49609375 0.0265625 0.05859375
2 0.765625 0.470703125 0.0375 0.03125
2 0.19375 0.4853515625 0.040625 0.044921875
2 0.15859375 0.48828125 0.0203125 0.05078125
2 0.11640625 0.5009765625 0.0265625 0.052734375
3 0.59453125 0.4814453125 0.0640625 0.068359375
3 0.56328125 0.4658203125 0.0390625 0.056640625
3 0.54140625 0.45703125 0.0234375 0.0390625
3 0.52421875 0.4462890625 0.0234375 0.025390625
3 0.51640625 0.4404296875 0.0203125 0.025390625
3 0.503125 0.4375 0.0125 0.015625
3 0.4609375 0.435546875 0.015625 0.015625
3 0.43828125 0.443359375 0.0203125 0.0234375
3 0.07734375 0.4580078125 0.0796875 0.041015625
1 0.7046875 0.552734375 0.075 0.16796875
