6 0.49453125 0.380859375 0.0234375 0.01953125
10 0.2109375 0.333984375 0.009375 0.03125
10 0.91328125 0.208984375 0.0515625 0.0703125
10 0.9578125 0.150390625 0.05 0.17578125
1 0.34453125 0.4140625 0.0171875 0.06640625
1 0.29375 0.4228515625 0.03125 0.087890625
1 0.3171875 0.4189453125 0.01875 0.060546875
1 0.3609375 0.412109375 0.0125 0.0546875
1 0.27734375 0.416015625 0.0109375 0.0625
1 0.24609375 0.4169921875 0.0140625 0.064453125
1 0.21640625 0.4208984375 0.0171875 0.064453125
1 0.17890625 0.4208984375 0.0171875 0.052734375
1 0.19296875 0.4140625 0.0203125 0.06640625
1 0.1234375 0.4140625 0.01875 0.06640625
1 0.10234375 0.4248046875 0.0109375 0.041015625
1 0.07265625 0.4150390625 0.0328125 0.076171875
1 0.040625 0.4208984375 0.021875 0.068359375
1 0.02578125 0.4775390625 0.0515625 0.232421875
1 0.0171875 0.4658203125 0.034375 0.158203125
1 0.228125 0.3955078125 0.0125 0.041015625
8 0.41796875 0.38671875 0.1078125 0.171875
3 0.75625 0.6025390625 0.484375 0.642578125
3 0.51875 0.4248046875 0.046875 0.048828125
3 0.478125 0.4267578125 0.025 0.033203125
3 0.01875 0.6845703125 0.0375 0.228515625
3 0.49375 0.41015625 0.03125 0.04296875
