12 0.39375 0.443359375 0.00625 0.0078125
12 0.43671875 0.4443359375 0.0078125 0.009765625
12 0.70703125 0.32421875 0.0203125 0.015625
1 0.40546875 0.4638671875 0.0109375 0.033203125
1 0.28828125 0.451171875 0.0140625 0.015625
2 0.93671875 0.5107421875 0.1234375 0.189453125
2 0.97109375 0.53515625 0.0546875 0.203125
2 0.33671875 0.509765625 0.0390625 0.0625
2 0.5203125 0.60546875 0.109375 0.23828125
2 0.6734375 0.60546875 0.11875 0.2578125
3 0.3890625 0.4609375 0.021875 0.0234375
3 0.475 0.4599609375 0.015625 0.025390625
1 0.33671875 0.4775390625 0.0390625 0.103515625
1 0.5203125 0.5048828125 0.10625 0.330078125
1 0.67578125 0.4814453125 0.1203125 0.357421875
