12 0.54296875 0.3837890625 0.0203125 0.029296875
1 0.625 0.431640625 0.021875 0.08203125
1 0.60390625 0.4384765625 0.0234375 0.072265625
3 0.84765625 0.55859375 0.3015625 0.5625
3 0.40859375 0.45703125 0.0734375 0.0390625
3 0.45625 0.45703125 0.03125 0.03125
3 0.05234375 0.470703125 0.0578125 0.02734375
3 0.128125 0.46875 0.08125 0.02734375
3 0.31796875 0.4541015625 0.0578125 0.048828125
3 0.28046875 0.458984375 0.0296875 0.04296875
3 0.3515625 0.4560546875 0.009375 0.029296875
3 0.359375 0.45703125 0.0125 0.0234375
3 0.36640625 0.4541015625 0.0109375 0.017578125
12 0.6890625 0.2001953125 0.05 0.060546875
12 0.18828125 0.3623046875 0.0265625 0.029296875
12 0.690625 0.2451171875 0.03125 0.013671875
