10 0.10625 0.3046875 0.015625 0.0625
10 0.1046875 0.3740234375 0.01875 0.029296875
10 0.46875 0.1494140625 0.01875 0.064453125
10 0.68359375 0.3115234375 0.0171875 0.056640625
10 0.68203125 0.38671875 0.0203125 0.03125
12 0.82421875 0.3505859375 0.0515625 0.021484375
12 0.82421875 0.33203125 0.0203125 0.015625
1 0.871875 0.4482421875 0.025 0.044921875
1 0.7265625 0.4619140625 0.025 0.076171875
1 0.62109375 0.458984375 0.0109375 0.0546875
1 0.63671875 0.4580078125 0.0109375 0.041015625
1 0.5 0.4462890625 0.00625 0.017578125
1 0.49296875 0.4482421875 0.0046875 0.013671875
1 0.16875 0.4501953125 0.01875 0.044921875
1 0.0125 0.4794921875 0.025 0.138671875
1 0.09375 0.447265625 0.0125 0.03125
1 0.07890625 0.4482421875 0.0171875 0.033203125
1 0.065625 0.435546875 0.01875 0.03515625
2 0.2015625 0.474609375 0.03125 0.04296875
2 0.77578125 0.482421875 0.0484375 0.046875
3 0.58359375 0.48046875 0.0640625 0.0625
3 0.55625 0.47265625 0.025 0.05078125
3 0.5453125 0.4697265625 0.025 0.044921875
3 0.5359375 0.4658203125 0.01875 0.041015625
3 0.5359375 0.4580078125 0.028125 0.037109375
3 0.5203125 0.453125 0.015625 0.0234375
3 0.48203125 0.44921875 0.0140625 0.01171875
3 0.50859375 0.4501953125 0.0140625 0.013671875
3 0.27734375 0.4677734375 0.1203125 0.052734375
