10 0.496875 0.3828125 0.003125 0.01171875
10 0.434375 0.3740234375 0.003125 0.009765625
10 0.46953125 0.3818359375 0.0046875 0.013671875
10 0.3953125 0.3759765625 0.00625 0.013671875
12 0.60703125 0.39453125 0.0203125 0.0234375
12 0.31796875 0.4501953125 0.0109375 0.017578125
1 0.88046875 0.4375 0.0296875 0.109375
3 0.490625 0.41796875 0.00625 0.0078125
3 0.40234375 0.4365234375 0.0140625 0.013671875
3 0.46640625 0.404296875 0.0046875 0.0078125
3 0.45 0.4033203125 0.009375 0.009765625
3 0.4625 0.400390625 0.00625 0.0078125
3 0.2375 0.47265625 0.05625 0.05078125
11 0.52734375 0.4287109375 0.0046875 0.009765625
12 0.35390625 0.4345703125 0.0109375 0.017578125
