6 0.540625 0.4169921875 0.05 0.064453125
10 0.02265625 0.248046875 0.0203125 0.0703125
10 0.18125 0.306640625 0.01875 0.05078125
10 0.68515625 0.3291015625 0.0171875 0.056640625
12 0.578125 0.3955078125 0.00625 0.013671875
12 0.44140625 0.375 0.0078125 0.015625
12 0.0421875 0.33203125 0.03125 0.0234375
12 0.0421875 0.30859375 0.028125 0.0234375
12 0.1671875 0.4853515625 0.065625 0.083984375
12 0.21953125 0.478515625 0.0578125 0.0625
12 0.23515625 0.4375 0.0171875 0.02734375
12 0.55078125 0.3759765625 0.0078125 0.009765625
12 0.17421875 0.4072265625 0.0328125 0.021484375
12 0.10078125 0.2294921875 0.0203125 0.025390625
12 0.10078125 0.2099609375 0.0234375 0.021484375
12 0.10078125 0.1943359375 0.0265625 0.021484375
12 0.0171875 0.4453125 0.01875 0.0703125
1 0.63984375 0.5693359375 0.1859375 0.396484375
2 0.75078125 0.5263671875 0.1390625 0.138671875
3 0.46796875 0.4375 0.0515625 0.05078125
3 0.4796875 0.427734375 0.046875 0.046875
3 0.55078125 0.4375 0.0390625 0.0390625
3 0.59296875 0.4345703125 0.0328125 0.029296875
3 0.5140625 0.42578125 0.01875 0.01953125
3 0.48984375 0.408203125 0.0359375 0.03125
1 0.7546875 0.4755859375 0.0875 0.193359375
