3 0.85 0.5283203125 0.296875 0.248046875
3 0.665625 0.509765625 0.121875 0.109375
3 0.59609375 0.5048828125 0.0671875 0.083984375
3 0.59296875 0.484375 0.0859375 0.0859375
3 0.54375 0.4873046875 0.0375 0.052734375
3 0.5359375 0.4814453125 0.046875 0.052734375
3 0.5015625 0.4755859375 0.03125 0.041015625
3 0.4796875 0.4736328125 0.0125 0.013671875
3 0.47734375 0.4658203125 0.0140625 0.009765625
3 0.47265625 0.4609375 0.0078125 0.0078125
3 0.4671875 0.45703125 0.009375 0.0078125
3 0.45546875 0.4609375 0.0078125 0.0078125
3 0.44453125 0.4609375 0.0078125 0.0078125
3 0.4359375 0.4599609375 0.009375 0.009765625
3 0.4328125 0.470703125 0.0125 0.01171875
3 0.4203125 0.46484375 0.0125 0.015625
3 0.26953125 0.494140625 0.0671875 0.0625
3 0.30234375 0.484375 0.0578125 0.06640625
3 0.346875 0.4833984375 0.046875 0.041015625
3 0.3796875 0.48046875 0.03125 0.03125
3 0.390625 0.4755859375 0.03125 0.029296875
