2 0.16171875 0.5888671875 0.1765625 0.205078125
2 0.203125 0.5361328125 0.16875 0.150390625
2 0.2640625 0.4970703125 0.040625 0.076171875
2 0.28984375 0.5009765625 0.0296875 0.076171875
2 0.3109375 0.4912109375 0.025 0.060546875
3 0.040625 0.5068359375 0.08125 0.119140625
3 0.54921875 0.4833984375 0.0765625 0.080078125
3 0.50703125 0.48046875 0.0234375 0.05078125
3 0.49296875 0.4794921875 0.0109375 0.037109375
3 0.48515625 0.482421875 0.0078125 0.02734375
3 0.38125 0.4765625 0.0375 0.03125
3 0.4203125 0.47265625 0.0375 0.02734375
3 0.334375 0.46875 0.0375 0.046875
1 0.1734375 0.5107421875 0.1 0.291015625
1 0.2234375 0.484375 0.059375 0.1875
1 0.259375 0.4677734375 0.025 0.083984375
1 0.28671875 0.4716796875 0.0234375 0.076171875
1 0.3109375 0.4716796875 0.025 0.076171875
10 0.61796875 0.330078125 0.0109375 0.03515625
