12 0.62421875 0.4248046875 0.0109375 0.017578125
12 0.12109375 0.3212890625 0.0359375 0.060546875
2 0.06015625 0.48828125 0.0703125 0.09375
2 0.08203125 0.48828125 0.0765625 0.1015625
2 0.1828125 0.4912109375 0.0625 0.064453125
2 0.25859375 0.4853515625 0.0640625 0.064453125
2 0.3265625 0.4755859375 0.05 0.068359375
2 0.34921875 0.4736328125 0.0671875 0.068359375
2 0.4125 0.46484375 0.05 0.0625
2 0.42578125 0.4658203125 0.0421875 0.056640625
2 0.46796875 0.462890625 0.0390625 0.0546875
2 0.4875 0.4580078125 0.0375 0.060546875
2 0.51328125 0.4560546875 0.0296875 0.044921875
2 0.553125 0.4580078125 0.028125 0.041015625
2 0.58515625 0.453125 0.0328125 0.046875
3 0.146875 0.4306640625 0.25625 0.111328125
3 0.78046875 0.4345703125 0.0453125 0.048828125
3 0.95390625 0.4306640625 0.0765625 0.080078125
3 0.6453125 0.4306640625 0.0375 0.033203125
1 0.08125 0.4501953125 0.0625 0.138671875
1 0.05703125 0.44921875 0.0609375 0.13671875
1 0.178125 0.4501953125 0.053125 0.107421875
1 0.2578125 0.45703125 0.0375 0.08203125
1 0.321875 0.447265625 0.0375 0.06640625
1 0.3453125 0.4482421875 0.046875 0.107421875
1 0.409375 0.447265625 0.03125 0.0703125
1 0.4265625 0.4365234375 0.028125 0.095703125
1 0.4671875 0.439453125 0.0375 0.0859375
1 0.5859375 0.4296875 0.03125 0.08203125
1 0.5515625 0.4404296875 0.025 0.068359375
1 0.515625 0.4404296875 0.025 0.064453125
1 0.48359375 0.4296875 0.0421875 0.0859375
