6 0.53828125 0.544921875 0.0203125 0.02734375
10 0.6203125 0.5029296875 0.00625 0.017578125
10 0.55546875 0.5234375 0.0046875 0.01171875
12 0.05546875 0.4384765625 0.0515625 0.033203125
12 0.05234375 0.3896484375 0.0734375 0.033203125
1 0.83984375 0.5634765625 0.0171875 0.052734375
1 0.828125 0.5712890625 0.01875 0.083984375
1 0.8078125 0.5732421875 0.015625 0.072265625
1 0.69453125 0.5615234375 0.0140625 0.048828125
1 0.59296875 0.5498046875 0.0078125 0.021484375
1 0.571875 0.548828125 0.009375 0.01953125
1 0.3578125 0.5576171875 0.00625 0.037109375
1 0.36328125 0.55859375 0.0078125 0.03125
1 0.39609375 0.5498046875 0.0046875 0.017578125
1 0.4359375 0.55078125 0.00625 0.01953125
4 0.37421875 0.58203125 0.0203125 0.0390625
3 0.52109375 0.5537109375 0.0109375 0.013671875
3 0.50546875 0.5556640625 0.0265625 0.029296875
3 0.41484375 0.5634765625 0.0359375 0.037109375
3 0.4640625 0.5859375 0.06875 0.07421875
3 0.46875 0.5458984375 0.021875 0.009765625
3 0.45078125 0.544921875 0.0140625 0.01171875
1 0.37265625 0.5703125 0.0203125 0.046875
