10 0.89609375 0.2568359375 0.0203125 0.060546875
10 0.9 0.3251953125 0.015625 0.021484375
10 0.6578125 0.3095703125 0.015625 0.048828125
10 0.66171875 0.3642578125 0.0171875 0.021484375
10 0.4109375 0.2001953125 0.01875 0.056640625
10 0.2203125 0.2197265625 0.015625 0.052734375
12 0.66953125 0.3466796875 0.0390625 0.013671875
12 0.64609375 0.2353515625 0.0609375 0.033203125
12 0.2546875 0.1962890625 0.03125 0.041015625
3 0.89296875 0.4140625 0.2109375 0.1484375
3 0.5703125 0.453125 0.278125 0.1171875
3 0.43515625 0.431640625 0.0140625 0.015625
3 0.49375 0.4208984375 0.03125 0.037109375
3 0.24453125 0.4443359375 0.0390625 0.033203125
