12 0.66640625 0.341796875 0.0359375 0.01171875
12 0.66640625 0.3271484375 0.0078125 0.017578125
12 0.06484375 0.3818359375 0.0296875 0.048828125
12 0.91328125 0.34375 0.0140625 0.0390625
1 0.059375 0.4970703125 0.028125 0.103515625
3 0.53125 0.484375 0.071875 0.0625
3 0.47734375 0.4736328125 0.0296875 0.029296875
3 0.471875 0.466796875 0.03125 0.03515625
3 0.45390625 0.466796875 0.0078125 0.0234375
3 0.44921875 0.4619140625 0.0078125 0.013671875
3 0.415625 0.462890625 0.021875 0.0234375
3 0.40234375 0.46484375 0.0109375 0.01953125
3 0.3796875 0.46875 0.0375 0.046875
3 0.3796875 0.4765625 0.01875 0.03125
3 0.3671875 0.4794921875 0.025 0.041015625
3 0.3515625 0.4814453125 0.021875 0.052734375
3 0.30703125 0.484375 0.0828125 0.09375
3 0.22734375 0.4873046875 0.0796875 0.080078125
79 0.5984375 0.4775390625 0.015625 0.033203125
