12 0.89609375 0.5205078125 0.0359375 0.029296875
3 0.36484375 0.421875 0.0171875 0.015625
3 0.38359375 0.4208984375 0.0140625 0.013671875
3 0.4078125 0.4169921875 0.015625 0.017578125
3 0.4390625 0.4189453125 0.015625 0.017578125
3 0.49765625 0.421875 0.0171875 0.01953125
3 0.53515625 0.42578125 0.0171875 0.01953125
3 0.5546875 0.4306640625 0.01875 0.021484375
3 0.57890625 0.4296875 0.0296875 0.03515625
3 0.61484375 0.4521484375 0.0453125 0.052734375
3 0.459375 0.4189453125 0.00625 0.005859375
11 0.32890625 0.443359375 0.0046875 0.01171875
