10 0.7375 0.3798828125 0.0125 0.017578125
10 0.7296875 0.328125 0.0125 0.0390625
10 0.68671875 0.2841796875 0.0484375 0.052734375
10 0.559375 0.3916015625 0.015625 0.017578125
10 0.5609375 0.3505859375 0.009375 0.041015625
10 0.09140625 0.369140625 0.0109375 0.04296875
10 0.115625 0.4052734375 0.01875 0.025390625
12 0.76953125 0.3681640625 0.0328125 0.009765625
12 0.73515625 0.361328125 0.0109375 0.01171875
12 0.696875 0.2373046875 0.028125 0.041015625
12 0.68203125 0.17578125 0.0421875 0.08203125
12 0.52734375 0.3896484375 0.0109375 0.017578125
1 0.79140625 0.4443359375 0.0140625 0.048828125
1 0.37421875 0.4638671875 0.0234375 0.076171875
1 0.36875 0.4619140625 0.01875 0.076171875
1 0.0140625 0.505859375 0.028125 0.1640625
3 0.67265625 0.466796875 0.1890625 0.09375
3 0.5015625 0.4599609375 0.040625 0.041015625
3 0.4796875 0.45703125 0.00625 0.0078125
3 0.4703125 0.4560546875 0.00625 0.005859375
3 0.4515625 0.453125 0.021875 0.0234375
3 0.43671875 0.4560546875 0.0109375 0.013671875
3 0.39921875 0.4580078125 0.0265625 0.013671875
3 0.24609375 0.4697265625 0.0578125 0.052734375
11 0.55078125 0.466796875 0.0109375 0.0390625
