10 0.67578125 0.3818359375 0.0078125 0.033203125
10 0.68046875 0.421875 0.0078125 0.015625
10 0.48359375 0.4013671875 0.0109375 0.029296875
10 0.50078125 0.400390625 0.0078125 0.0234375
10 0.49765625 0.4296875 0.0078125 0.01171875
10 0.1015625 0.3076171875 0.009375 0.033203125
10 0.1203125 0.32421875 0.009375 0.02734375
10 0.13046875 0.4033203125 0.0109375 0.033203125
10 0.13046875 0.4296875 0.0078125 0.01171875
12 0.5 0.419921875 0.015625 0.00390625
12 0.2203125 0.3955078125 0.01875 0.029296875
1 0.4109375 0.47265625 0.01875 0.0625
2 0.634375 0.4873046875 0.025 0.052734375
3 0.36640625 0.46875 0.0796875 0.04296875
3 0.24921875 0.4736328125 0.0921875 0.041015625
3 0.02578125 0.4638671875 0.0515625 0.041015625
1 0.63359375 0.4658203125 0.0296875 0.080078125
2 0.41171875 0.486328125 0.0171875 0.0390625
