6 0.653125 0.3935546875 0.059375 0.091796875
6 0.87109375 0.392578125 0.0671875 0.06640625
12 0.43828125 0.359375 0.0421875 0.03515625
12 0.45078125 0.3212890625 0.0140625 0.029296875
12 0.56015625 0.3720703125 0.0171875 0.005859375
12 0.56328125 0.37890625 0.0109375 0.0078125
8 0.7671875 0.40234375 0.01875 0.01953125
3 0.93046875 0.591796875 0.1359375 0.32421875
3 0.78046875 0.47265625 0.1421875 0.12109375
3 0.71796875 0.4296875 0.0609375 0.07421875
3 0.62421875 0.4345703125 0.0671875 0.072265625
3 0.96796875 0.4150390625 0.0609375 0.052734375
3 0.934375 0.4111328125 0.034375 0.041015625
3 0.8171875 0.4140625 0.04375 0.04296875
3 0.7890625 0.4033203125 0.01875 0.017578125
