12 0.80625 0.4150390625 0.01875 0.021484375
12 0.753125 0.4130859375 0.028125 0.009765625
12 0.6578125 0.388671875 0.0375 0.046875
12 0.64375 0.41796875 0.0125 0.01171875
12 0.56640625 0.4287109375 0.0140625 0.013671875
12 0.54140625 0.43359375 0.0078125 0.015625
12 0.24609375 0.4365234375 0.0109375 0.017578125
12 0.30234375 0.4326171875 0.0046875 0.009765625
1 0.88984375 0.50390625 0.0203125 0.0703125
1 0.871875 0.49609375 0.028125 0.09765625
1 0.84921875 0.494140625 0.0265625 0.10546875
1 0.82421875 0.494140625 0.0296875 0.10546875
1 0.790625 0.5009765625 0.021875 0.091796875
1 0.7765625 0.4951171875 0.01875 0.083984375
1 0.7515625 0.4970703125 0.021875 0.083984375
1 0.7375 0.494140625 0.01875 0.08203125
1 0.63671875 0.4736328125 0.0078125 0.041015625
1 0.646875 0.4833984375 0.0125 0.064453125
1 0.6796875 0.4833984375 0.015625 0.056640625
1 0.696875 0.484375 0.0125 0.0546875
1 0.71796875 0.4951171875 0.0171875 0.080078125
1 0.703125 0.49609375 0.01875 0.07421875
1 0.590625 0.4697265625 0.009375 0.033203125
1 0.62109375 0.46875 0.0078125 0.03515625
1 0.60390625 0.4697265625 0.0171875 0.044921875
2 0.66640625 0.5087890625 0.0203125 0.037109375
3 0.45625 0.4873046875 0.065625 0.064453125
3 0.4734375 0.447265625 0.015625 0.015625
3 0.45546875 0.4423828125 0.0140625 0.017578125
3 0.31171875 0.4599609375 0.0296875 0.029296875
1 0.66796875 0.4921875 0.0140625 0.05078125
