12 0.4828125 0.4423828125 0.009375 0.009765625
3 0.22109375 0.466796875 0.2609375 0.09765625
3 0.59140625 0.4755859375 0.0359375 0.048828125
3 0.61796875 0.4765625 0.0453125 0.05078125
3 0.67421875 0.482421875 0.1015625 0.05859375
3 0.73203125 0.4892578125 0.0546875 0.072265625
3 0.77734375 0.4921875 0.0796875 0.08203125
3 0.79609375 0.5048828125 0.0609375 0.068359375
3 0.871875 0.49609375 0.1375 0.09765625
3 0.93359375 0.5029296875 0.1296875 0.083984375
3 0.48828125 0.53125 0.3359375 0.15234375
