12 0.55390625 0.4033203125 0.0203125 0.025390625
12 0.553125 0.421875 0.009375 0.01171875
12 0.81328125 0.294921875 0.0171875 0.04296875
1 0.4453125 0.4521484375 0.009375 0.037109375
1 0.2375 0.4736328125 0.015625 0.052734375
3 0.91015625 0.5986328125 0.1765625 0.314453125
3 0.80078125 0.5390625 0.1953125 0.17578125
3 0.65234375 0.43359375 0.0296875 0.02734375
3 0.61484375 0.4326171875 0.0296875 0.021484375
3 0.50390625 0.45703125 0.0296875 0.03515625
3 0.51484375 0.466796875 0.0390625 0.04296875
3 0.52890625 0.4794921875 0.0421875 0.041015625
3 0.36953125 0.4521484375 0.0265625 0.029296875
3 0.3609375 0.4580078125 0.028125 0.033203125
3 0.353125 0.466796875 0.028125 0.03515625
3 0.321875 0.4765625 0.05 0.0546875
3 0.20078125 0.4501953125 0.0578125 0.041015625
3 0.06328125 0.4599609375 0.0703125 0.044921875
