2 0.43671875 0.47265625 0.0109375 0.02734375
3 0.89296875 0.7080078125 0.2109375 0.302734375
3 0.78671875 0.578125 0.2046875 0.1953125
3 0.67890625 0.53125 0.1234375 0.140625
3 0.63046875 0.513671875 0.0453125 0.09765625
3 0.628125 0.49609375 0.065625 0.08984375
3 0.596875 0.474609375 0.05 0.06640625
3 0.56953125 0.470703125 0.0203125 0.0546875
3 0.5578125 0.4638671875 0.01875 0.041015625
3 0.5453125 0.45703125 0.01875 0.0390625
3 0.5328125 0.447265625 0.015625 0.02734375
3 0.50390625 0.4453125 0.0203125 0.0234375
3 0.04453125 0.4814453125 0.0890625 0.072265625
3 0.0984375 0.4833984375 0.096875 0.076171875
3 0.1921875 0.4931640625 0.115625 0.072265625
3 0.25 0.4697265625 0.09375 0.060546875
3 0.30390625 0.458984375 0.0484375 0.05859375
3 0.36328125 0.462890625 0.0390625 0.046875
3 0.378125 0.453125 0.040625 0.0390625
3 0.42109375 0.4638671875 0.0234375 0.037109375
3 0.44921875 0.455078125 0.0203125 0.02734375
3 0.459375 0.4521484375 0.0125 0.021484375
3 0.471875 0.4423828125 0.015625 0.017578125
3 0.48203125 0.439453125 0.0109375 0.015625
3 0.48984375 0.435546875 0.0078125 0.01171875
1 0.4359375 0.462890625 0.0125 0.0390625
