12 0.284375 0.3974609375 0.009375 0.029296875
12 0.921875 0.3642578125 0.0125 0.041015625
12 0.9203125 0.396484375 0.0125 0.01171875
1 0.421875 0.4609375 0.015625 0.0546875
1 0.53515625 0.4658203125 0.0140625 0.056640625
1 0.55078125 0.4677734375 0.0140625 0.056640625
3 0.0734375 0.4658203125 0.10625 0.091796875
3 0.03671875 0.474609375 0.0734375 0.09375
3 0.1640625 0.466796875 0.0625 0.0703125
3 0.2515625 0.4697265625 0.05 0.048828125
3 0.203125 0.4619140625 0.028125 0.052734375
3 0.23359375 0.4560546875 0.0453125 0.044921875
3 0.3015625 0.458984375 0.0375 0.0390625
3 0.35234375 0.4423828125 0.0140625 0.009765625
3 0.37109375 0.4423828125 0.0140625 0.009765625
3 0.3234375 0.4814453125 0.078125 0.072265625
3 0.409375 0.443359375 0.009375 0.0078125
3 0.38125 0.4716796875 0.046875 0.048828125
3 0.40078125 0.4677734375 0.0203125 0.041015625
3 0.41328125 0.4658203125 0.0140625 0.037109375
3 0.64453125 0.45703125 0.0359375 0.0546875
3 0.6015625 0.4736328125 0.065625 0.076171875
3 0.57109375 0.4677734375 0.0171875 0.048828125
3 0.565625 0.4658203125 0.015625 0.044921875
3 0.434375 0.4619140625 0.015625 0.033203125
3 0.44140625 0.4599609375 0.0140625 0.029296875
3 0.44921875 0.458984375 0.0140625 0.02734375
3 0.45625 0.45703125 0.0125 0.0234375
3 0.45546875 0.4521484375 0.0234375 0.029296875
3 0.4671875 0.453125 0.009375 0.0234375
3 0.47265625 0.451171875 0.0109375 0.01953125
3 0.47890625 0.44921875 0.0078125 0.015625
3 0.48515625 0.4501953125 0.0078125 0.013671875
3 0.4890625 0.4482421875 0.00625 0.009765625
3 0.490625 0.447265625 0.009375 0.01171875
3 0.49765625 0.4453125 0.0078125 0.01171875
