12 0.1046875 0.4580078125 0.025 0.009765625
3 0.8125 0.5458984375 0.315625 0.220703125
3 0.465625 0.4755859375 0.021875 0.025390625
3 0.48203125 0.4765625 0.0171875 0.03125
3 0.503125 0.4775390625 0.025 0.041015625
3 0.521875 0.4833984375 0.03125 0.056640625
3 0.56640625 0.494140625 0.0953125 0.08203125
3 0.4046875 0.4775390625 0.021875 0.025390625
3 0.378125 0.4794921875 0.04375 0.037109375
3 0.334375 0.48828125 0.059375 0.05859375
3 0.2578125 0.5 0.13125 0.1171875
3 0.14296875 0.505859375 0.1046875 0.0859375
3 0.41640625 0.4716796875 0.0140625 0.017578125
