6 0.84296875 0.4189453125 0.3109375 0.150390625
6 0.4328125 0.451171875 0.096875 0.04296875
6 0.51875 0.4453125 0.0625 0.08203125
6 0.6359375 0.431640625 0.090625 0.0546875
1 0.90703125 0.4853515625 0.0765625 0.240234375
1 0.1703125 0.4892578125 0.0125 0.052734375
1 0.128125 0.490234375 0.015625 0.02734375
1 0.11484375 0.4931640625 0.0140625 0.052734375
1 0.38203125 0.46484375 0.0078125 0.0234375
1 0.67578125 0.4306640625 0.0171875 0.025390625
1 0.646875 0.4658203125 0.03125 0.111328125
1 0.62578125 0.4765625 0.0234375 0.09375
1 0.61015625 0.4580078125 0.0171875 0.064453125
1 0.54921875 0.4599609375 0.0078125 0.041015625
1 0.55625 0.45703125 0.0125 0.04296875
1 0.57265625 0.4580078125 0.0109375 0.044921875
1 0.58203125 0.4580078125 0.0140625 0.044921875
1 0.5953125 0.45703125 0.0125 0.046875
3 0.96171875 0.4873046875 0.0734375 0.111328125
3 0.9109375 0.447265625 0.175 0.13671875
3 0.84140625 0.443359375 0.1203125 0.109375
3 0.45390625 0.462890625 0.0296875 0.0234375
3 0.4765625 0.462890625 0.021875 0.0234375
11 0.34140625 0.478515625 0.0078125 0.01953125
