10 0.63671875 0.361328125 0.0078125 0.02734375
10 0.63671875 0.392578125 0.0046875 0.01171875
10 0.534375 0.3701171875 0.00625 0.021484375
10 0.534375 0.3984375 0.009375 0.01171875
10 0.28359375 0.376953125 0.0078125 0.02734375
10 0.28359375 0.404296875 0.0078125 0.01171875
12 0.70234375 0.2646484375 0.0453125 0.068359375
12 0.54296875 0.3857421875 0.0203125 0.005859375
1 0.55 0.4375 0.0125 0.03515625
3 0.40703125 0.4248046875 0.0203125 0.021484375
3 0.38515625 0.431640625 0.0265625 0.0234375
3 0.30625 0.45703125 0.103125 0.09375
3 0.05234375 0.4912109375 0.1046875 0.142578125
11 0.19609375 0.46484375 0.0078125 0.02734375
