6 0.84296875 0.408203125 0.3109375 0.125
6 0.434375 0.4541015625 0.1 0.041015625
6 0.51875 0.44921875 0.06875 0.08203125
1 0.08671875 0.4921875 0.0203125 0.0703125
1 0.10859375 0.4873046875 0.0171875 0.064453125
1 0.5515625 0.458984375 0.0125 0.0390625
1 0.5734375 0.44921875 0.0125 0.03515625
1 0.578125 0.46484375 0.0125 0.0546875
1 0.5859375 0.4541015625 0.009375 0.037109375
1 0.59296875 0.462890625 0.0109375 0.05859375
1 0.6125 0.4755859375 0.025 0.080078125
1 0.65 0.466796875 0.0125 0.06640625
1 0.63515625 0.46484375 0.0296875 0.09765625
1 0.6609375 0.4609375 0.015625 0.078125
3 0.846875 0.443359375 0.140625 0.1015625
3 0.89296875 0.51953125 0.2109375 0.20703125
