12 0.4828125 0.423828125 0.00625 0.0078125
12 0.4828125 0.4287109375 0.003125 0.001953125
1 0.5859375 0.4755859375 0.015625 0.052734375
1 0.60390625 0.470703125 0.0203125 0.0625
1 0.61796875 0.474609375 0.0171875 0.0546875
3 0.9265625 0.4755859375 0.14375 0.103515625
3 0.8515625 0.46484375 0.103125 0.0546875
3 0.0453125 0.4521484375 0.08125 0.021484375
3 0.13125 0.478515625 0.13125 0.08984375
3 0.2078125 0.47265625 0.078125 0.0703125
3 0.259375 0.4755859375 0.0375 0.044921875
3 0.2875 0.4716796875 0.034375 0.044921875
3 0.34375 0.4716796875 0.0625 0.064453125
3 0.31015625 0.4677734375 0.0203125 0.033203125
3 0.55546875 0.4599609375 0.0796875 0.041015625
3 0.384375 0.462890625 0.025 0.01953125
3 0.38515625 0.447265625 0.0203125 0.01953125
3 0.41484375 0.4345703125 0.0171875 0.013671875
3 0.41171875 0.4482421875 0.0171875 0.017578125
3 0.39453125 0.4423828125 0.0078125 0.013671875
3 0.46953125 0.4501953125 0.0203125 0.021484375
3 0.5 0.42578125 0.015625 0.015625
3 0.5078125 0.4140625 0.0125 0.01171875
3 0.47890625 0.3896484375 0.0140625 0.013671875
3 0.64453125 0.4443359375 0.0359375 0.029296875
3 0.478125 0.4345703125 0.015625 0.017578125
