12 0.42734375 0.48046875 0.0078125 0.01953125
12 0.4265625 0.4970703125 0.009375 0.017578125
12 0.4265625 0.5146484375 0.009375 0.013671875
12 0.39921875 0.4951171875 0.0109375 0.017578125
12 0.7015625 0.3857421875 0.028125 0.048828125
12 0.66875 0.423828125 0.046875 0.015625
12 0.70078125 0.4287109375 0.0390625 0.037109375
12 0.7 0.470703125 0.034375 0.04296875
12 0.7015625 0.5078125 0.028125 0.03125
1 0.47265625 0.55859375 0.0078125 0.0390625
1 0.4828125 0.556640625 0.00625 0.02734375
1 0.4515625 0.5478515625 0.00625 0.013671875
1 0.55703125 0.546875 0.0078125 0.01171875
3 0.50625 0.5625 0.0125 0.02734375
3 0.5234375 0.5615234375 0.03125 0.041015625
3 0.54453125 0.5751953125 0.0515625 0.056640625
3 0.6390625 0.6357421875 0.090625 0.119140625
3 0.70859375 0.68359375 0.1765625 0.2109375
3 0.84609375 0.783203125 0.3046875 0.41796875
