10 0.8921875 0.359375 0.025 0.03125
10 0.8890625 0.26953125 0.01875 0.0703125
10 0.17890625 0.333984375 0.0234375 0.03515625
10 0.1875 0.2431640625 0.025 0.076171875
12 0.9125 0.3330078125 0.059375 0.013671875
12 0.72734375 0.400390625 0.0109375 0.0234375
12 0.315625 0.4599609375 0.0125 0.025390625
1 0.93671875 0.541015625 0.1234375 0.40234375
1 0.69140625 0.46875 0.0609375 0.140625
1 0.284375 0.458984375 0.028125 0.0703125
1 0.265625 0.44921875 0.009375 0.03125
1 0.01484375 0.4365234375 0.0296875 0.119140625
2 0.14921875 0.4521484375 0.0484375 0.048828125
2 0.1140625 0.44921875 0.046875 0.04296875
3 0.6890625 0.470703125 0.10625 0.10546875
3 0.61953125 0.474609375 0.0546875 0.0546875
3 0.5953125 0.4677734375 0.05 0.060546875
3 0.56796875 0.4580078125 0.0515625 0.064453125
3 0.5234375 0.4580078125 0.05625 0.060546875
3 0.49375 0.458984375 0.015625 0.03515625
3 0.471875 0.4619140625 0.025 0.029296875
3 0.41015625 0.4580078125 0.0203125 0.033203125
3 0.39375 0.4638671875 0.021875 0.041015625
3 0.375 0.45703125 0.025 0.05859375
3 0.35546875 0.45703125 0.0453125 0.0703125
3 0.33203125 0.466796875 0.0703125 0.0703125
3 0.9484375 0.5126953125 0.1 0.107421875
12 0.31640625 0.4267578125 0.0109375 0.017578125
