10 0.60390625 0.431640625 0.0109375 0.01171875
10 0.596875 0.4033203125 0.00625 0.025390625
10 0.60859375 0.3798828125 0.0078125 0.037109375
10 0.553125 0.404296875 0.00625 0.02734375
10 0.55390625 0.4306640625 0.0078125 0.009765625
10 0.396875 0.3349609375 0.00625 0.025390625
10 0.3125 0.3310546875 0.00625 0.025390625
10 0.15 0.2666015625 0.009375 0.033203125
10 0.025 0.4052734375 0.00625 0.021484375
12 0.47578125 0.373046875 0.0421875 0.01171875
12 0.50703125 0.4306640625 0.0078125 0.009765625
12 0.50703125 0.4375 0.0046875 0.00390625
12 0.6140625 0.416015625 0.0125 0.015625
12 0.94453125 0.4501953125 0.0171875 0.013671875
12 0.94375 0.435546875 0.0125 0.015625
2 0.9796875 0.517578125 0.0375 0.15625
3 0.25546875 0.46484375 0.0484375 0.0625
3 0.18125 0.48828125 0.16875 0.13671875
3 0.3390625 0.4736328125 0.0625 0.052734375
3 0.43359375 0.4765625 0.0984375 0.1015625
1 0.98203125 0.4873046875 0.0328125 0.201171875
