1 0.459375 0.453125 0.009375 0.03515625
1 0.48828125 0.44140625 0.0046875 0.01953125
1 0.509375 0.4404296875 0.00625 0.017578125
1 0.26015625 0.4521484375 0.0109375 0.033203125
4 0.91640625 0.6806640625 0.1640625 0.220703125
3 0.5046875 0.4375 0.009375 0.015625
3 0.5125 0.4375 0.009375 0.01171875
3 0.5265625 0.435546875 0.009375 0.01171875
3 0.534375 0.443359375 0.0125 0.015625
3 0.5453125 0.4384765625 0.009375 0.017578125
3 0.5703125 0.439453125 0.01875 0.015625
3 0.60234375 0.443359375 0.0171875 0.01953125
3 0.6125 0.447265625 0.025 0.0234375
3 0.6296875 0.453125 0.025 0.0234375
3 0.6484375 0.455078125 0.025 0.01953125
3 0.66953125 0.453125 0.0515625 0.0234375
3 0.67890625 0.45703125 0.0515625 0.0234375
3 0.70390625 0.4560546875 0.0453125 0.029296875
3 0.5828125 0.470703125 0.040625 0.04296875
3 0.63828125 0.5048828125 0.0859375 0.080078125
3 0.76640625 0.474609375 0.0453125 0.03515625
3 0.82109375 0.501953125 0.0796875 0.08984375
3 0.73046875 0.5634765625 0.1515625 0.142578125
3 0.92265625 0.53515625 0.1515625 0.1171875
3 0.4859375 0.4375 0.0125 0.01171875
3 0.478125 0.4404296875 0.009375 0.013671875
3 0.46875 0.44140625 0.0125 0.015625
3 0.453125 0.443359375 0.009375 0.015625
3 0.440625 0.4482421875 0.021875 0.025390625
3 0.42734375 0.4580078125 0.0265625 0.037109375
3 0.40390625 0.4658203125 0.0421875 0.048828125
3 0.3953125 0.4775390625 0.03125 0.048828125
3 0.3546875 0.48046875 0.071875 0.07421875
3 0.334375 0.498046875 0.059375 0.07421875
3 0.303125 0.51171875 0.071875 0.08984375
3 0.25078125 0.5322265625 0.1390625 0.115234375
3 0.0828125 0.607421875 0.165625 0.19921875
1 0.53125 0.4453125 0.00625 0.0234375
1 0.4703125 0.447265625 0.00625 0.01953125
