10 0.75859375 0.3115234375 0.0203125 0.052734375
10 0.8171875 0.30859375 0.0125 0.046875
10 0.2328125 0.4609375 0.028125 0.1015625
10 0.0609375 0.3779296875 0.0125 0.037109375
10 0.34921875 0.3564453125 0.0203125 0.052734375
10 0.85703125 0.3759765625 0.0109375 0.029296875
10 0.48828125 0.3388671875 0.0171875 0.041015625
10 0.48671875 0.4208984375 0.0078125 0.021484375
10 0.7640625 0.4521484375 0.009375 0.029296875
12 0.3484375 0.4130859375 0.028125 0.037109375
12 0.2171875 0.18359375 0.109375 0.15625
12 0.659375 0.2939453125 0.053125 0.025390625
12 0.6859375 0.2890625 0.053125 0.0234375
12 0.70625 0.322265625 0.071875 0.02734375
12 0.82109375 0.3857421875 0.0484375 0.017578125
12 0.8046875 0.400390625 0.0375 0.01171875
12 0.77421875 0.3857421875 0.0296875 0.041015625
3 0.090625 0.560546875 0.18125 0.109375
3 0.19375 0.5234375 0.109375 0.0625
3 0.45546875 0.4677734375 0.1109375 0.044921875
3 0.48984375 0.46875 0.0796875 0.0234375
3 0.56640625 0.541015625 0.3015625 0.13671875
3 0.87890625 0.556640625 0.1765625 0.1953125
3 0.9875 0.482421875 0.021875 0.07421875
3 0.9859375 0.4541015625 0.025 0.044921875
3 0.6046875 0.4638671875 0.0625 0.025390625
3 0.6484375 0.4619140625 0.071875 0.029296875
3 0.69375 0.455078125 0.059375 0.03125
3 0.734375 0.4560546875 0.046875 0.029296875
3 0.9203125 0.4736328125 0.05625 0.060546875
3 0.78828125 0.4521484375 0.0203125 0.033203125
3 0.821875 0.4462890625 0.01875 0.029296875
