2 0.515625 0.4345703125 0.021875 0.052734375
2 0.45 0.4296875 0.025 0.0625
3 0.65859375 0.4619140625 0.1421875 0.150390625
3 0.61953125 0.435546875 0.0953125 0.10546875
3 0.5828125 0.4228515625 0.05625 0.091796875
3 0.54375 0.423828125 0.034375 0.0546875
3 0.53203125 0.4052734375 0.0265625 0.041015625
3 0.503125 0.404296875 0.015625 0.03125
3 0.49375 0.400390625 0.01875 0.0234375
3 0.48671875 0.3974609375 0.0140625 0.021484375
3 0.47734375 0.39453125 0.0109375 0.015625
3 0.4671875 0.3955078125 0.00625 0.009765625
3 0.4328125 0.3955078125 0.009375 0.017578125
3 0.42109375 0.396484375 0.0140625 0.01953125
3 0.40546875 0.3935546875 0.0171875 0.025390625
3 0.39296875 0.3955078125 0.0171875 0.029296875
3 0.3828125 0.400390625 0.01875 0.03515625
3 0.36328125 0.4033203125 0.0359375 0.044921875
3 0.346875 0.4091796875 0.0375 0.044921875
3 0.31796875 0.4150390625 0.0421875 0.060546875
3 0.26875 0.4228515625 0.084375 0.076171875
1 0.51640625 0.4130859375 0.0203125 0.072265625
1 0.45 0.408203125 0.028125 0.078125
