10 0.02109375 0.3974609375 0.0140625 0.017578125
10 0.6015625 0.34765625 0.009375 0.0390625
10 0.59375 0.392578125 0.015625 0.01953125
10 0.01015625 0.345703125 0.0203125 0.06640625
1 0.74140625 0.4482421875 0.0234375 0.068359375
1 0.84453125 0.4501953125 0.0390625 0.130859375
1 0.8859375 0.4833984375 0.05625 0.197265625
1 0.8984375 0.46875 0.040625 0.234375
1 0.94609375 0.46484375 0.0484375 0.2109375
1 0.98515625 0.4658203125 0.0265625 0.224609375
1 0.621875 0.4619140625 0.025 0.111328125
1 0.1953125 0.4638671875 0.009375 0.044921875
1 0.20234375 0.462890625 0.0109375 0.04296875
1 0.1765625 0.4638671875 0.0125 0.048828125
1 0.02890625 0.4755859375 0.0203125 0.076171875
1 0.08515625 0.4609375 0.0140625 0.046875
3 0.5328125 0.4921875 0.059375 0.1015625
3 0.42734375 0.4892578125 0.1765625 0.201171875
3 0.26328125 0.4814453125 0.0734375 0.068359375
3 0.2984375 0.47265625 0.05625 0.05859375
79 0.67734375 0.48046875 0.0484375 0.07421875
11 0.6125 0.4921875 0.00625 0.04296875
