12 0.18828125 0.375 0.0234375 0.015625
12 0.1875 0.34765625 0.03125 0.03515625
12 0.53671875 0.3564453125 0.0234375 0.013671875
12 0.5375 0.3369140625 0.015625 0.021484375
12 0.71484375 0.345703125 0.0171875 0.03125
12 0.1703125 0.37109375 0.015625 0.01953125
2 0.56328125 0.4697265625 0.0265625 0.052734375
3 0.0984375 0.4755859375 0.196875 0.197265625
3 0.2203125 0.4501953125 0.065625 0.048828125
3 0.434375 0.4501953125 0.16875 0.111328125
3 0.8296875 0.4501953125 0.134375 0.076171875
3 0.74765625 0.466796875 0.0484375 0.03515625
3 0.73203125 0.451171875 0.0859375 0.0546875
3 0.678125 0.451171875 0.109375 0.046875
1 0.5625 0.4453125 0.025 0.07421875
