12 0.7171875 0.29296875 0.028125 0.0390625
1 0.83203125 0.4716796875 0.0390625 0.134765625
1 0.77109375 0.46484375 0.0234375 0.1015625
1 0.753125 0.4521484375 0.01875 0.091796875
1 0.58203125 0.4521484375 0.0140625 0.033203125
1 0.56640625 0.4521484375 0.0140625 0.033203125
2 0.8265625 0.4990234375 0.05 0.087890625
3 0.50546875 0.4736328125 0.0515625 0.048828125
3 0.496875 0.462890625 0.046875 0.0625
3 0.47265625 0.4609375 0.0203125 0.046875
3 0.45703125 0.462890625 0.0203125 0.02734375
3 0.4234375 0.46484375 0.025 0.02734375
3 0.39921875 0.4638671875 0.0203125 0.025390625
3 0.36875 0.466796875 0.015625 0.0234375
3 0.3546875 0.4677734375 0.025 0.021484375
3 0.33046875 0.470703125 0.0140625 0.03125
3 0.32109375 0.46875 0.0140625 0.04296875
3 0.284375 0.4638671875 0.059375 0.060546875
3 0.26796875 0.4765625 0.0578125 0.0546875
