10 0.2296875 0.1494140625 0.021875 0.064453125
10 0.38671875 0.162109375 0.0234375 0.06640625
10 0.590625 0.3310546875 0.015625 0.048828125
10 0.596875 0.3896484375 0.009375 0.021484375
10 0.78671875 0.11328125 0.0328125 0.125
10 0.83359375 0.087890625 0.0671875 0.171875
10 0.8484375 0.2705078125 0.0375 0.068359375
10 0.4640625 0.431640625 0.003125 0.0078125
10 0.478125 0.43359375 0.003125 0.0078125
10 0.43125 0.4326171875 0.003125 0.009765625
12 0.6046875 0.2353515625 0.075 0.025390625
12 0.6015625 0.326171875 0.025 0.06640625
12 0.846875 0.201171875 0.034375 0.046875
12 0.54765625 0.4638671875 0.0234375 0.033203125
12 0.50625 0.4326171875 0.00625 0.009765625
12 0.41484375 0.4384765625 0.0078125 0.001953125
12 0.82890625 0.4462890625 0.0140625 0.033203125
12 0.06484375 0.427734375 0.0046875 0.0078125
12 0.06484375 0.4404296875 0.0046875 0.005859375
12 0.06484375 0.4560546875 0.0046875 0.009765625
8 0.3265625 0.4482421875 0.065625 0.072265625
3 0.465625 0.4599609375 0.0125 0.017578125
1 0.0875 0.572265625 0.071875 0.0625
