1 0.39921875 0.4736328125 0.0203125 0.076171875
1 0.7609375 0.4931640625 0.025 0.103515625
2 0.50390625 0.4658203125 0.0109375 0.029296875
3 0.2578125 0.517578125 0.09375 0.09375
3 0.3046875 0.5 0.053125 0.0703125
3 0.32734375 0.48828125 0.0546875 0.0625
3 0.37734375 0.47265625 0.0328125 0.06640625
3 0.4484375 0.46484375 0.04375 0.046875
3 0.6109375 0.4970703125 0.1 0.103515625
3 0.86953125 0.724609375 0.2578125 0.3515625
1 0.50390625 0.455078125 0.0109375 0.0390625
1 0.76875 0.4267578125 0.00625 0.021484375
1 0.77578125 0.4267578125 0.0078125 0.021484375
18 0.79140625 0.537109375 0.0203125 0.02734375
