10 0.13046875 0.3515625 0.0234375 0.08203125
10 0.125 0.5234375 0.0125 0.04296875
10 0.9359375 0.3701171875 0.025 0.072265625
10 0.95859375 0.5322265625 0.0140625 0.041015625
10 0.32109375 0.4453125 0.0171875 0.0390625
12 0.12734375 0.431640625 0.0484375 0.0546875
12 0.95546875 0.4384765625 0.0421875 0.056640625
12 0.85234375 0.447265625 0.0234375 0.03515625
1 0.184375 0.5673828125 0.025 0.064453125
1 0.19921875 0.5625 0.0109375 0.0546875
3 0.16328125 0.5712890625 0.0703125 0.056640625
3 0.3234375 0.5634765625 0.053125 0.037109375
3 0.45390625 0.546875 0.0203125 0.0234375
3 0.4859375 0.5458984375 0.021875 0.021484375
3 0.46953125 0.544921875 0.0140625 0.01953125
3 0.36796875 0.5498046875 0.0140625 0.021484375
3 0.41484375 0.5439453125 0.0109375 0.013671875
3 0.384375 0.546875 0.021875 0.01953125
3 0.3515625 0.5517578125 0.028125 0.033203125
3 0.0203125 0.595703125 0.040625 0.08203125
