2 0.68515625 0.5576171875 0.2109375 0.169921875
2 0.36484375 0.552734375 0.1359375 0.1328125
2 0.3234375 0.541015625 0.0875 0.11328125
2 0.22265625 0.529296875 0.0359375 0.08203125
2 0.1296875 0.5224609375 0.034375 0.080078125
3 0.0421875 0.5048828125 0.084375 0.123046875
3 0.18125 0.4794921875 0.078125 0.087890625
3 0.5484375 0.4814453125 0.078125 0.076171875
3 0.5078125 0.48046875 0.025 0.05078125
3 0.4984375 0.4775390625 0.021875 0.044921875
3 0.4875 0.4814453125 0.0125 0.029296875
3 0.29609375 0.4853515625 0.0390625 0.064453125
1 0.12734375 0.4921875 0.0359375 0.12109375
1 0.22578125 0.494140625 0.0421875 0.12109375
1 0.31640625 0.4755859375 0.0546875 0.177734375
1 0.359375 0.5009765625 0.078125 0.193359375
1 0.66953125 0.5 0.1046875 0.2578125
10 0.61640625 0.328125 0.0109375 0.03515625
