10 0.74921875 0.3291015625 0.0203125 0.064453125
10 0.74765625 0.4375 0.0171875 0.0234375
12 0.7296875 0.3994140625 0.03125 0.044921875
12 0.3328125 0.3818359375 0.034375 0.041015625
12 0.334375 0.4091796875 0.03125 0.013671875
1 0.5328125 0.537109375 0.040625 0.15625
1 0.6734375 0.5166015625 0.028125 0.091796875
1 0.68828125 0.5146484375 0.0234375 0.087890625
1 0.71328125 0.5166015625 0.0234375 0.083984375
1 0.8484375 0.5068359375 0.028125 0.091796875
1 0.8640625 0.5302734375 0.04375 0.115234375
1 0.98828125 0.494140625 0.0203125 0.1015625
1 0.95703125 0.470703125 0.0234375 0.046875
1 0.8640625 0.46875 0.015625 0.03515625
4 0.93046875 0.578125 0.1046875 0.1953125
4 0.190625 0.5966796875 0.06875 0.162109375
4 0.2546875 0.587890625 0.065625 0.13671875
4 0.31796875 0.5966796875 0.0703125 0.146484375
4 0.39375 0.5732421875 0.084375 0.158203125
4 0.45 0.5625 0.065625 0.12890625
4 0.496875 0.55859375 0.075 0.12890625
4 0.615625 0.5546875 0.090625 0.09375
1 0.9265625 0.521484375 0.08125 0.19140625
1 0.31953125 0.546875 0.0578125 0.1328125
1 0.39375 0.5380859375 0.05 0.146484375
1 0.6 0.5341796875 0.04375 0.095703125
