1 0.721875 0.412109375 0.0125 0.05078125
1 0.340625 0.3828125 0.0125 0.015625
1 0.34765625 0.3828125 0.0078125 0.015625
1 0.48203125 0.40234375 0.0109375 0.03125
1 0.4890625 0.3994140625 0.00625 0.025390625
1 0.31875 0.37890625 0.00625 0.01171875
1 0.46015625 0.4091796875 0.0109375 0.029296875
4 0.49375 0.421875 0.01875 0.0390625
3 0.78125 0.4462890625 0.121875 0.134765625
3 0.68203125 0.427734375 0.0671875 0.08203125
3 0.57109375 0.412109375 0.0515625 0.0625
3 0.14375 0.5234375 0.2875 0.26171875
3 0.30234375 0.4619140625 0.1609375 0.154296875
3 0.37421875 0.4462890625 0.0890625 0.119140625
3 0.6390625 0.4169921875 0.046875 0.056640625
3 0.609375 0.4052734375 0.03125 0.044921875
3 0.4296875 0.4140625 0.0375 0.0390625
1 0.509375 0.4052734375 0.009375 0.033203125
1 0.49375 0.408203125 0.015625 0.03125
