12 0.32578125 0.4326171875 0.0109375 0.017578125
1 0.69453125 0.4931640625 0.0390625 0.142578125
1 0.35234375 0.4765625 0.0171875 0.0625
1 0.24375 0.4892578125 0.028125 0.083984375
1 0.2109375 0.4736328125 0.01875 0.095703125
3 0.87890625 0.484375 0.2390625 0.15625
3 0.4703125 0.47265625 0.028125 0.03515625
3 0.44296875 0.4833984375 0.0515625 0.052734375
3 0.34375 0.4697265625 0.065625 0.044921875
3 0.125 0.4658203125 0.09375 0.072265625
3 0.05078125 0.484375 0.1015625 0.10546875
79 0.35 0.4853515625 0.028125 0.044921875
