10 0.22421875 0.4189453125 0.0078125 0.029296875
10 0.234375 0.4482421875 0.009375 0.017578125
10 0.609375 0.4248046875 0.009375 0.029296875
1 0.13125 0.4931640625 0.015625 0.052734375
1 0.2109375 0.4912109375 0.0125 0.033203125
1 0.1859375 0.486328125 0.01875 0.04296875
1 0.2578125 0.4990234375 0.015625 0.052734375
1 0.24375 0.484375 0.0125 0.0234375
1 0.36953125 0.4873046875 0.0078125 0.017578125
1 0.29140625 0.486328125 0.0109375 0.0390625
1 0.30625 0.4912109375 0.009375 0.037109375
1 0.75703125 0.4873046875 0.0234375 0.044921875
1 0.73828125 0.490234375 0.0203125 0.04296875
1 0.72265625 0.48828125 0.0234375 0.0390625
1 0.8265625 0.4873046875 0.01875 0.041015625
1 0.86953125 0.486328125 0.0234375 0.0546875
1 0.68828125 0.4833984375 0.0109375 0.044921875
3 0.43046875 0.5029296875 0.0359375 0.029296875
3 0.55390625 0.505859375 0.0484375 0.0546875
3 0.51875 0.494140625 0.01875 0.015625
3 0.50859375 0.4873046875 0.0109375 0.009765625
11 0.6078125 0.521484375 0.009375 0.03515625
