6 0.7078125 0.423828125 0.15 0.15625
10 0.51640625 0.3349609375 0.0109375 0.029296875
10 0.6375 0.3935546875 0.00625 0.017578125
10 0.253125 0.3974609375 0.00625 0.029296875
10 0.3203125 0.3994140625 0.00625 0.017578125
10 0.31953125 0.4189453125 0.0046875 0.009765625
12 0.34140625 0.4013671875 0.0140625 0.017578125
12 0.91640625 0.296875 0.0328125 0.0546875
12 0.91484375 0.3740234375 0.0328125 0.048828125
3 0.47890625 0.4462890625 0.0109375 0.013671875
3 0.45859375 0.453125 0.0265625 0.02734375
3 0.50625 0.44921875 0.01875 0.01953125
3 0.56875 0.453125 0.05625 0.05859375
3 0.3796875 0.451171875 0.028125 0.03125
3 0.04296875 0.45703125 0.0828125 0.0546875
3 0.82734375 0.458984375 0.0421875 0.0390625
3 0.865625 0.4619140625 0.05625 0.048828125
3 0.9171875 0.458984375 0.0625 0.05078125
3 0.971875 0.466796875 0.053125 0.0546875
11 0.2296875 0.458984375 0.00625 0.0234375
