6 0.5625 0.3447265625 0.115625 0.185546875
10 0.70625 0.3681640625 0.00625 0.021484375
10 0.8921875 0.3740234375 0.009375 0.021484375
10 0.49765625 0.3564453125 0.0078125 0.037109375
10 0.4765625 0.3603515625 0.00625 0.021484375
10 0.4671875 0.3330078125 0.0125 0.048828125
1 0.94296875 0.4365234375 0.0171875 0.064453125
1 0.96171875 0.4345703125 0.0140625 0.052734375
1 0.975 0.439453125 0.015625 0.05078125
1 0.89375 0.4228515625 0.015625 0.052734375
1 0.8703125 0.421875 0.0125 0.046875
1 0.84140625 0.4248046875 0.0140625 0.048828125
1 0.83125 0.4169921875 0.009375 0.029296875
1 0.80859375 0.421875 0.0109375 0.0390625
1 0.7828125 0.431640625 0.0125 0.05078125
1 0.7625 0.4326171875 0.015625 0.048828125
1 0.73828125 0.42578125 0.0078125 0.03515625
1 0.71640625 0.41796875 0.0078125 0.03515625
1 0.08125 0.431640625 0.040625 0.11328125
1 0.0421875 0.43359375 0.034375 0.125
1 0.0125 0.4208984375 0.025 0.095703125
3 0.64765625 0.419921875 0.0140625 0.046875
3 0.57890625 0.4609375 0.1515625 0.1953125
3 0.29296875 0.5302734375 0.4359375 0.439453125
