6 0.6703125 0.4482421875 0.0375 0.017578125
6 0.7265625 0.4482421875 0.040625 0.017578125
6 0.55234375 0.451171875 0.0703125 0.0234375
12 0.69765625 0.4228515625 0.0109375 0.021484375
1 0.365625 0.4560546875 0.0125 0.048828125
1 0.37421875 0.4609375 0.0171875 0.05859375
1 0.40703125 0.4599609375 0.0078125 0.037109375
1 0.41328125 0.462890625 0.0109375 0.0390625
1 0.4234375 0.4658203125 0.0125 0.033203125
1 0.46875 0.455078125 0.003125 0.01171875
1 0.49609375 0.4541015625 0.0046875 0.013671875
1 0.50234375 0.455078125 0.0046875 0.015625
1 0.5078125 0.453125 0.003125 0.0078125
1 0.61015625 0.47265625 0.0171875 0.06640625
1 0.65859375 0.46484375 0.0078125 0.0234375
1 0.6484375 0.4765625 0.015625 0.06640625
1 0.67421875 0.470703125 0.0078125 0.03125
1 0.6875 0.4736328125 0.0125 0.044921875
1 0.7078125 0.4736328125 0.0125 0.044921875
1 0.72890625 0.46875 0.0109375 0.03515625
1 0.73984375 0.462890625 0.0109375 0.01953125
3 0.56796875 0.458984375 0.0171875 0.01171875
3 0.5828125 0.4599609375 0.01875 0.013671875
3 0.6296875 0.4697265625 0.021875 0.025390625
3 0.74609375 0.51953125 0.0890625 0.109375
3 0.83515625 0.529296875 0.1765625 0.19140625
3 0.90546875 0.5947265625 0.1859375 0.326171875
11 0.4125 0.4794921875 0.00625 0.013671875
