6 0.85546875 0.40625 0.2859375 0.12109375
6 0.51953125 0.4462890625 0.0671875 0.083984375
6 0.43359375 0.4521484375 0.0953125 0.041015625
1 0.1171875 0.494140625 0.015625 0.0546875
1 0.128125 0.490234375 0.0125 0.02734375
1 0.1703125 0.482421875 0.0125 0.0390625
1 0.34921875 0.4599609375 0.0046875 0.013671875
1 0.36328125 0.466796875 0.0046875 0.01953125
1 0.36875 0.4638671875 0.00625 0.017578125
1 0.5578125 0.453125 0.00625 0.02734375
1 0.5515625 0.4609375 0.0125 0.04296875
1 0.57109375 0.4521484375 0.0078125 0.029296875
1 0.58984375 0.455078125 0.0109375 0.0390625
1 0.58046875 0.458984375 0.0140625 0.046875
1 0.6078125 0.4501953125 0.009375 0.037109375
1 0.59765625 0.4541015625 0.0046875 0.044921875
1 0.61796875 0.466796875 0.0140625 0.06640625
1 0.62734375 0.455078125 0.0109375 0.04296875
1 0.6390625 0.462890625 0.025 0.08984375
1 0.65703125 0.4677734375 0.0234375 0.080078125
1 0.6703125 0.431640625 0.009375 0.01953125
3 0.95078125 0.486328125 0.0953125 0.109375
3 0.9078125 0.4462890625 0.18125 0.138671875
3 0.83828125 0.4423828125 0.1921875 0.107421875
3 0.3890625 0.46484375 0.028125 0.0234375
3 0.453125 0.46484375 0.028125 0.0234375
3 0.471875 0.4638671875 0.028125 0.025390625
11 0.340625 0.478515625 0.00625 0.01953125
