12 0.06171875 0.37109375 0.0140625 0.02734375
12 0.503125 0.4326171875 0.009375 0.017578125
12 0.58515625 0.361328125 0.0171875 0.02734375
12 0.58515625 0.3291015625 0.0234375 0.037109375
1 0.234375 0.443359375 0.009375 0.0390625
1 0.24609375 0.4423828125 0.0109375 0.041015625
1 0.2609375 0.4453125 0.009375 0.03515625
1 0.2734375 0.4453125 0.009375 0.03515625
1 0.28515625 0.447265625 0.0078125 0.02734375
1 0.30078125 0.447265625 0.0078125 0.02734375
1 0.51328125 0.43359375 0.0140625 0.0390625
1 0.5359375 0.42578125 0.0125 0.03515625
1 0.546875 0.4267578125 0.0125 0.037109375
1 0.55859375 0.42578125 0.0109375 0.03515625
1 0.57109375 0.4267578125 0.0109375 0.044921875
1 0.58125 0.4287109375 0.009375 0.037109375
1 0.625 0.4248046875 0.015625 0.052734375
1 0.60859375 0.421875 0.0171875 0.05078125
1 0.6546875 0.4423828125 0.01875 0.068359375
1 0.66875 0.443359375 0.015625 0.0703125
1 0.68671875 0.4375 0.0203125 0.06640625
1 0.70859375 0.4560546875 0.0265625 0.091796875
3 0.15390625 0.486328125 0.1296875 0.1015625
3 0.4484375 0.4443359375 0.028125 0.021484375
3 0.79921875 0.451171875 0.0859375 0.078125
3 0.8765625 0.466796875 0.06875 0.05078125
3 0.9453125 0.462890625 0.075 0.06640625
3 0.965625 0.4677734375 0.065625 0.068359375
