12 0.94140625 0.3984375 0.0296875 0.01953125
12 0.9421875 0.3349609375 0.08125 0.107421875
12 0.29609375 0.4091796875 0.0109375 0.029296875
1 0.421875 0.4658203125 0.015625 0.048828125
1 0.54140625 0.4697265625 0.0171875 0.052734375
1 0.5296875 0.470703125 0.0125 0.0546875
3 0.103125 0.466796875 0.090625 0.0703125
3 0.05859375 0.4775390625 0.1171875 0.083984375
3 0.88671875 0.70703125 0.2234375 0.53515625
3 0.18125 0.4716796875 0.059375 0.060546875
3 0.18515625 0.46484375 0.0796875 0.046875
3 0.24453125 0.458984375 0.0359375 0.03515625
3 0.26640625 0.4755859375 0.0515625 0.044921875
3 0.30546875 0.4658203125 0.0359375 0.037109375
3 0.3328125 0.4833984375 0.06875 0.068359375
3 0.38203125 0.474609375 0.0453125 0.046875
3 0.403125 0.47265625 0.01875 0.04296875
3 0.41171875 0.4697265625 0.0171875 0.037109375
3 0.3671875 0.4501953125 0.0125 0.009765625
3 0.43359375 0.466796875 0.0109375 0.02734375
3 0.4375 0.46484375 0.0125 0.02734375
3 0.44453125 0.4638671875 0.0140625 0.025390625
3 0.45078125 0.4619140625 0.0109375 0.021484375
3 0.45078125 0.45703125 0.0265625 0.02734375
3 0.4640625 0.4619140625 0.00625 0.017578125
3 0.465625 0.45703125 0.0125 0.01953125
3 0.471875 0.455078125 0.009375 0.01953125
3 0.47890625 0.455078125 0.0078125 0.015625
3 0.4828125 0.453125 0.00625 0.015625
3 0.4859375 0.4521484375 0.00625 0.013671875
3 0.490625 0.451171875 0.00625 0.01171875
3 0.6265625 0.4609375 0.0375 0.0546875
3 0.58828125 0.4755859375 0.0578125 0.072265625
3 0.5546875 0.470703125 0.015625 0.0390625
3 0.5609375 0.4697265625 0.01875 0.048828125
