10 0.39375 0.43359375 0.003125 0.0078125
12 0.33515625 0.44140625 0.0234375 0.01171875
12 0.4171875 0.439453125 0.0125 0.00390625
12 0.528125 0.44140625 0.00625 0.01171875
12 0.23828125 0.44921875 0.0078125 0.01171875
4 0.42734375 0.4892578125 0.0265625 0.044921875
3 0.11640625 0.4599609375 0.0703125 0.060546875
3 0.23671875 0.458984375 0.0234375 0.0234375
3 0.3953125 0.47265625 0.015625 0.01953125
3 0.34765625 0.4716796875 0.0390625 0.044921875
3 0.30703125 0.482421875 0.0734375 0.06640625
3 0.43515625 0.4716796875 0.0484375 0.052734375
1 0.428125 0.4677734375 0.028125 0.056640625
