12 0.0625 0.3564453125 0.05 0.060546875
12 0.06171875 0.39453125 0.0328125 0.01171875
1 0.54140625 0.513671875 0.0328125 0.125
2 0.45390625 0.5478515625 0.0359375 0.076171875
2 0.484375 0.46875 0.009375 0.01953125
3 0.2734375 0.51171875 0.115625 0.10546875
3 0.2625 0.45703125 0.05 0.01953125
3 0.3203125 0.453125 0.040625 0.02734375
3 0.340625 0.5087890625 0.0375 0.072265625
3 0.3578125 0.4990234375 0.04375 0.060546875
3 0.38203125 0.4921875 0.0296875 0.05078125
3 0.39140625 0.4755859375 0.0484375 0.060546875
3 0.4265625 0.478515625 0.025 0.046875
3 0.46171875 0.4580078125 0.0296875 0.025390625
3 0.6875 0.55859375 0.134375 0.1328125
3 0.61328125 0.5048828125 0.0515625 0.091796875
3 0.5875 0.498046875 0.040625 0.078125
3 0.58203125 0.482421875 0.0484375 0.05859375
3 0.50078125 0.45703125 0.0328125 0.01953125
1 0.453125 0.5087890625 0.0375 0.115234375
1 0.484375 0.4580078125 0.009375 0.025390625
