10 0.7125 0.2802734375 0.046875 0.052734375
10 0.67734375 0.2900390625 0.0171875 0.044921875
10 0.32109375 0.056640625 0.0421875 0.0625
10 0.10234375 0.0576171875 0.0421875 0.056640625
12 0.4 0.0634765625 0.034375 0.064453125
12 0.17109375 0.07421875 0.0359375 0.06640625
3 0.4875 0.5546875 0.3875 0.39453125
3 0.1671875 0.4892578125 0.0375 0.048828125
3 0.13125 0.494140625 0.05 0.0546875
3 0.065625 0.4970703125 0.1 0.060546875
3 0.01953125 0.494140625 0.0390625 0.0703125
3 0.225 0.48046875 0.09375 0.078125
10 0.553125 0.2314453125 0.025 0.080078125
