10 0.33359375 0.4375 0.0109375 0.03515625
10 0.3390625 0.482421875 0.009375 0.01953125
10 0.08671875 0.4677734375 0.0078125 0.021484375
10 0.11640625 0.4619140625 0.0078125 0.033203125
10 0.1359375 0.466796875 0.00625 0.01953125
12 0.01015625 0.4130859375 0.0203125 0.013671875
12 0.04140625 0.4384765625 0.0296875 0.009765625
3 0.19140625 0.5634765625 0.1078125 0.083984375
3 0.26328125 0.52734375 0.0734375 0.03515625
3 0.3484375 0.5234375 0.06875 0.03125
3 0.753125 0.47265625 0.159375 0.0390625
3 0.02890625 0.5400390625 0.0578125 0.064453125
3 0.18203125 0.49609375 0.0265625 0.01953125
3 0.0671875 0.5185546875 0.03125 0.037109375
3 0.103125 0.5146484375 0.04375 0.033203125
