6 0.6234375 0.53515625 0.06875 0.07421875
10 0.9640625 0.5166015625 0.009375 0.029296875
10 0.77265625 0.5283203125 0.0109375 0.037109375
10 0.77578125 0.4697265625 0.0078125 0.021484375
12 0.88359375 0.4501953125 0.0234375 0.029296875
12 0.98515625 0.4921875 0.0171875 0.02734375
12 0.98359375 0.546875 0.0203125 0.04296875
12 0.95390625 0.4375 0.0328125 0.015625
12 0.69375 0.5126953125 0.009375 0.017578125
12 0.69375 0.4921875 0.009375 0.0234375
12 0.7609375 0.4541015625 0.0375 0.009765625
1 0.0125 0.5703125 0.025 0.1328125
1 0.14765625 0.5654296875 0.0296875 0.107421875
1 0.175 0.56640625 0.03125 0.109375
1 0.22421875 0.54296875 0.0171875 0.06640625
1 0.30234375 0.5419921875 0.0109375 0.048828125
1 0.33671875 0.5390625 0.0109375 0.04296875
1 0.3703125 0.53515625 0.0125 0.0390625
1 0.38671875 0.5419921875 0.0109375 0.041015625
1 0.396875 0.533203125 0.009375 0.0390625
1 0.4109375 0.5400390625 0.0125 0.029296875
1 0.41796875 0.537109375 0.0109375 0.03515625
1 0.4328125 0.54296875 0.00625 0.01953125
1 0.4390625 0.537109375 0.009375 0.03515625
1 0.4734375 0.5341796875 0.00625 0.025390625
1 0.4796875 0.5322265625 0.00625 0.029296875
1 0.4875 0.53515625 0.00625 0.0234375
1 0.49375 0.53515625 0.00625 0.0234375
1 0.67578125 0.537109375 0.0078125 0.02734375
1 0.7046875 0.548828125 0.01875 0.05078125
1 0.81875 0.578125 0.0375 0.09375
1 0.8484375 0.576171875 0.025 0.09765625
1 0.875 0.576171875 0.025 0.109375
1 0.93515625 0.5771484375 0.0234375 0.103515625
1 0.97265625 0.5732421875 0.0265625 0.099609375
1 0.91796875 0.564453125 0.0140625 0.06640625
8 0.52890625 0.5078125 0.0640625 0.06640625
3 0.58046875 0.52734375 0.0203125 0.0234375
3 0.515625 0.6318359375 0.16875 0.173828125
3 0.515625 0.541015625 0.034375 0.01171875
3 0.5578125 0.5341796875 0.01875 0.021484375
