3 0.0921875 0.5126953125 0.184375 0.134765625
3 0.2859375 0.4892578125 0.071875 0.056640625
3 0.3265625 0.482421875 0.05 0.0546875
3 0.35390625 0.4814453125 0.0265625 0.041015625
3 0.36953125 0.4775390625 0.0296875 0.044921875
3 0.3875 0.4794921875 0.01875 0.033203125
3 0.39375 0.4697265625 0.015625 0.033203125
3 0.4140625 0.47265625 0.021875 0.0234375
3 0.4328125 0.4736328125 0.015625 0.017578125
3 0.459375 0.47265625 0.028125 0.0234375
3 0.4921875 0.47265625 0.0125 0.01171875
3 0.51484375 0.4736328125 0.0171875 0.021484375
3 0.5625 0.5 0.10625 0.09765625
3 0.67265625 0.4892578125 0.0484375 0.056640625
3 0.7296875 0.4912109375 0.1 0.087890625
