6 0.32109375 0.4365234375 0.0703125 0.044921875
10 0.6390625 0.34375 0.0125 0.05078125
10 0.46640625 0.322265625 0.0078125 0.03125
10 0.6390625 0.400390625 0.015625 0.01953125
10 0.69375 0.3740234375 0.009375 0.029296875
10 0.68515625 0.396484375 0.0078125 0.01171875
10 0.2515625 0.2685546875 0.0125 0.044921875
10 0.090625 0.3037109375 0.015625 0.048828125
10 0.03203125 0.419921875 0.0140625 0.03125
10 0.0265625 0.4580078125 0.009375 0.013671875
10 0.0046875 0.4111328125 0.009375 0.068359375
10 0.4828125 0.4453125 0.00625 0.015625
10 0.56171875 0.42578125 0.0046875 0.01171875
10 0.45625 0.4306640625 0.003125 0.005859375
10 0.46953125 0.4287109375 0.0015625 0.005859375
10 0.4890625 0.4287109375 0.003125 0.005859375
10 0.50390625 0.4287109375 0.0015625 0.005859375
12 0.675 0.296875 0.034375 0.05078125
12 0.678125 0.337890625 0.015625 0.03125
12 0.49140625 0.3056640625 0.0109375 0.013671875
12 0.7046875 0.404296875 0.021875 0.0078125
12 0.20234375 0.2509765625 0.0390625 0.033203125
12 0.009375 0.3193359375 0.01875 0.017578125
12 0.04765625 0.4443359375 0.0203125 0.009765625
12 0.25234375 0.4189453125 0.0203125 0.025390625
12 0.253125 0.400390625 0.028125 0.03515625
12 0.25390625 0.4365234375 0.0296875 0.033203125
12 0.409375 0.431640625 0.0125 0.01953125
12 0.5078125 0.439453125 0.00625 0.0078125
12 0.49765625 0.4404296875 0.0078125 0.009765625
12 0.62578125 0.4169921875 0.0171875 0.021484375
1 0.65625 0.47265625 0.021875 0.09765625
2 0.6328125 0.5341796875 0.0375 0.099609375
3 0.2296875 0.478515625 0.028125 0.03515625
3 0.271875 0.478515625 0.021875 0.04296875
3 0.3390625 0.4873046875 0.115625 0.111328125
3 0.39609375 0.478515625 0.0359375 0.08203125
3 0.41640625 0.478515625 0.0109375 0.0234375
3 0.4546875 0.474609375 0.021875 0.02734375
3 0.496875 0.4716796875 0.03125 0.029296875
1 0.63359375 0.486328125 0.0453125 0.125
3 0.5703125 0.458984375 0.078125 0.0546875
