1 0.8109375 0.5009765625 0.01875 0.064453125
1 0.8296875 0.5048828125 0.01875 0.068359375
1 0.86640625 0.537109375 0.0328125 0.1171875
3 0.62890625 0.4931640625 0.1140625 0.052734375
3 0.54765625 0.5087890625 0.2046875 0.080078125
3 0.54296875 0.462890625 0.0328125 0.01171875
3 0.5765625 0.4599609375 0.025 0.013671875
3 0.50390625 0.4619140625 0.0328125 0.009765625
3 0.46953125 0.4599609375 0.0359375 0.017578125
3 0.30546875 0.45703125 0.0234375 0.01953125
3 0.2671875 0.4560546875 0.025 0.017578125
3 0.1328125 0.4794921875 0.178125 0.103515625
