1 0.65078125 0.474609375 0.0171875 0.0625
1 0.8625 0.4912109375 0.03125 0.087890625
3 0.1234375 0.552734375 0.246875 0.20703125
3 0.27734375 0.484375 0.1390625 0.1484375
3 0.35546875 0.4794921875 0.0265625 0.029296875
3 0.375 0.4775390625 0.015625 0.029296875
3 0.38671875 0.474609375 0.0203125 0.02734375
3 0.42265625 0.4716796875 0.0203125 0.021484375
3 0.46953125 0.46875 0.0140625 0.015625
3 0.4796875 0.4765625 0.015625 0.0234375
3 0.49453125 0.484375 0.0171875 0.03125
3 0.5265625 0.478515625 0.0625 0.07421875
3 0.5453125 0.4912109375 0.065625 0.072265625
3 0.41015625 0.4697265625 0.0109375 0.021484375
3 0.46328125 0.458984375 0.0140625 0.015625
11 0.67265625 0.49609375 0.0140625 0.05078125
