10 0.50390625 0.416015625 0.0046875 0.01171875
10 0.67421875 0.4150390625 0.0046875 0.013671875
12 0.675 0.4287109375 0.00625 0.009765625
12 0.815625 0.4091796875 0.025 0.025390625
12 0.7609375 0.408203125 0.009375 0.015625
1 0.93125 0.4716796875 0.0125 0.048828125
1 0.90703125 0.48828125 0.0203125 0.0703125
1 0.9140625 0.4853515625 0.0125 0.060546875
1 0.63671875 0.4345703125 0.0046875 0.017578125
3 0.3484375 0.5087890625 0.1 0.072265625
3 0.5796875 0.4580078125 0.025 0.025390625
3 0.55859375 0.4453125 0.0171875 0.015625
3 0.60078125 0.4423828125 0.0140625 0.017578125
3 0.61015625 0.4306640625 0.0078125 0.009765625
3 0.59296875 0.4296875 0.0109375 0.01171875
3 0.61484375 0.4248046875 0.0046875 0.005859375
3 0.6265625 0.4306640625 0.00625 0.005859375
