10 0.77109375 0.2275390625 0.0140625 0.056640625
10 0.2078125 0.361328125 0.015625 0.05078125
10 0.20546875 0.421875 0.0171875 0.01953125
12 0.86171875 0.4189453125 0.0140625 0.025390625
12 0.834375 0.443359375 0.021875 0.03125
12 0.2125 0.39453125 0.028125 0.01171875
1 0.14921875 0.4931640625 0.0265625 0.091796875
1 0.2171875 0.490234375 0.01875 0.09375
1 0.2328125 0.49609375 0.021875 0.08203125
1 0.24609375 0.4931640625 0.0203125 0.080078125
1 0.26328125 0.478515625 0.0140625 0.0625
1 0.27578125 0.474609375 0.0109375 0.0546875
1 0.28984375 0.4755859375 0.0109375 0.048828125
1 0.2984375 0.47265625 0.009375 0.03515625
1 0.6234375 0.4853515625 0.00625 0.017578125
3 0.55078125 0.4814453125 0.0109375 0.013671875
12 0.66796875 0.4609375 0.0203125 0.0078125
12 0.7 0.4697265625 0.009375 0.009765625
12 0.4953125 0.474609375 0.009375 0.01171875
