6 0.5484375 0.380859375 0.046875 0.09375
10 0.965625 0.212890625 0.04375 0.2109375
10 0.15 0.1083984375 0.06875 0.216796875
10 0.3546875 0.240234375 0.04375 0.109375
10 0.93671875 0.203125 0.0296875 0.16015625
10 0.959375 0.3662109375 0.0125 0.048828125
10 0.87421875 0.365234375 0.0109375 0.046875
10 0.3015625 0.3125 0.0125 0.03125
10 0.6765625 0.3408203125 0.0125 0.044921875
10 0.621875 0.365234375 0.00625 0.02734375
10 0.51484375 0.359375 0.0078125 0.02734375
12 0.9828125 0.353515625 0.0125 0.0234375
12 0.36171875 0.322265625 0.0140625 0.03515625
1 0.38671875 0.3896484375 0.0109375 0.048828125
3 0.2484375 0.400390625 0.1375 0.07421875
3 0.71953125 0.4150390625 0.0453125 0.060546875
3 0.60078125 0.40234375 0.0453125 0.05859375
