12 0.79453125 0.0244140625 0.1140625 0.048828125
12 0.790625 0.0859375 0.0875 0.0625
12 0.97265625 0.3671875 0.0109375 0.015625
12 0.9734375 0.3359375 0.015625 0.04296875
12 0.70078125 0.359375 0.0171875 0.02734375
12 0.20625 0.3876953125 0.021875 0.013671875
12 0.20546875 0.361328125 0.0265625 0.03515625
12 0.534375 0.3515625 0.015625 0.01953125
12 0.53359375 0.3701171875 0.0234375 0.013671875
1 0.9890625 0.5234375 0.01875 0.17578125
3 0.07265625 0.484375 0.1453125 0.16015625
3 0.25546875 0.45703125 0.0765625 0.0546875
3 0.47265625 0.458984375 0.2015625 0.109375
3 0.8171875 0.4521484375 0.134375 0.064453125
3 0.7359375 0.470703125 0.04375 0.03125
