1 0.6234375 0.462890625 0.0125 0.0390625
1 0.65546875 0.478515625 0.0140625 0.046875
1 0.35078125 0.435546875 0.0109375 0.01953125
1 0.06328125 0.443359375 0.0453125 0.0625
3 0.11328125 0.548828125 0.2140625 0.1796875
3 0.0234375 0.6005859375 0.046875 0.169921875
3 0.22890625 0.51953125 0.1140625 0.125
3 0.2109375 0.4375 0.14375 0.0390625
3 0.3015625 0.4970703125 0.1 0.111328125
3 0.3546875 0.4912109375 0.05 0.095703125
3 0.384375 0.4814453125 0.04375 0.080078125
3 0.434375 0.46484375 0.05 0.05078125
3 0.46484375 0.4599609375 0.0234375 0.033203125
3 0.46640625 0.4560546875 0.0296875 0.033203125
3 0.471875 0.451171875 0.028125 0.03515625
3 0.4890625 0.4541015625 0.009375 0.021484375
3 0.49375 0.4501953125 0.015625 0.021484375
3 0.4921875 0.451171875 0.009375 0.01953125
3 0.5015625 0.4462890625 0.015625 0.021484375
3 0.51328125 0.447265625 0.0078125 0.01171875
3 0.51484375 0.4462890625 0.0109375 0.013671875
3 0.52109375 0.447265625 0.0046875 0.0078125
3 0.9171875 0.5205078125 0.140625 0.107421875
3 0.88203125 0.5009765625 0.1984375 0.115234375
3 0.79375 0.4951171875 0.075 0.080078125
3 0.7546875 0.4921875 0.06875 0.07421875
3 0.68203125 0.478515625 0.0390625 0.046875
3 0.6703125 0.46484375 0.065625 0.04296875
3 0.63515625 0.4599609375 0.0203125 0.029296875
3 0.58671875 0.4580078125 0.0296875 0.029296875
3 0.57421875 0.455078125 0.0109375 0.0234375
3 0.56875 0.4541015625 0.009375 0.021484375
3 0.56171875 0.4482421875 0.0109375 0.013671875
3 0.5546875 0.447265625 0.00625 0.01171875
3 0.60859375 0.4560546875 0.0140625 0.025390625
1 0.70625 0.5166015625 0.03125 0.142578125
1 0.734375 0.5361328125 0.04375 0.177734375
