10 0.465625 0.3955078125 0.003125 0.009765625
10 0.44921875 0.39453125 0.0046875 0.0078125
10 0.4296875 0.3935546875 0.00625 0.009765625
10 0.140625 0.41796875 0.00625 0.0234375
12 0.48359375 0.4013671875 0.0078125 0.029296875
12 0.4734375 0.40234375 0.009375 0.00390625
12 0.45703125 0.3935546875 0.0046875 0.005859375
12 0.40546875 0.404296875 0.0140625 0.00390625
12 0.18984375 0.4189453125 0.0109375 0.013671875
12 0.290625 0.4169921875 0.009375 0.013671875
12 0.2828125 0.4208984375 0.00625 0.013671875
1 0.0171875 0.466796875 0.015625 0.0625
1 0.35 0.4306640625 0.00625 0.013671875
1 0.3546875 0.4306640625 0.003125 0.013671875
1 0.359375 0.431640625 0.00625 0.015625
1 0.36953125 0.4296875 0.0046875 0.015625
1 0.3765625 0.4296875 0.00625 0.01953125
2 0.22734375 0.4658203125 0.0171875 0.017578125
8 0.4578125 0.4169921875 0.015625 0.017578125
3 0.46640625 0.482421875 0.1078125 0.1171875
3 0.284375 0.4599609375 0.04375 0.041015625
3 0.4046875 0.4287109375 0.0125 0.013671875
1 0.225 0.4560546875 0.009375 0.025390625
