10 0.80625 0.3544921875 0.0125 0.048828125
10 0.54765625 0.376953125 0.0109375 0.03515625
10 0.14609375 0.3818359375 0.0109375 0.037109375
12 0.54765625 0.4072265625 0.0140625 0.021484375
12 0.83515625 0.375 0.0203125 0.0078125
1 0.6671875 0.4560546875 0.015625 0.056640625
1 0.65625 0.462890625 0.021875 0.0703125
1 0.63515625 0.4609375 0.0171875 0.0703125
1 0.01640625 0.4638671875 0.0171875 0.072265625
1 0.03203125 0.46875 0.0203125 0.06640625
1 0.04921875 0.4619140625 0.0171875 0.072265625
1 0.0625 0.466796875 0.015625 0.0625
1 0.0875 0.4677734375 0.01875 0.068359375
1 0.10546875 0.470703125 0.0203125 0.0703125
1 0.12109375 0.46484375 0.0171875 0.05859375
1 0.1875 0.453125 0.0125 0.01953125
1 0.203125 0.45703125 0.015625 0.01953125
2 0.24453125 0.4892578125 0.0203125 0.041015625
3 0.5078125 0.470703125 0.046875 0.0390625
3 0.475 0.4599609375 0.021875 0.025390625
3 0.4578125 0.45703125 0.0125 0.015625
3 0.44921875 0.4609375 0.0140625 0.015625
3 0.43828125 0.4599609375 0.0046875 0.009765625
3 0.4296875 0.4580078125 0.00625 0.009765625
3 0.4140625 0.4619140625 0.01875 0.013671875
3 0.40546875 0.4580078125 0.0140625 0.013671875
3 0.3875 0.4658203125 0.021875 0.044921875
3 0.3609375 0.470703125 0.05 0.0546875
3 0.3140625 0.4677734375 0.0375 0.037109375
1 0.24453125 0.4658203125 0.0203125 0.048828125
