12 0.1625 0.388671875 0.0375 0.01171875
1 0.746875 0.4892578125 0.025 0.080078125
1 0.3375 0.4755859375 0.015625 0.068359375
1 0.303125 0.474609375 0.01875 0.0625
1 0.290625 0.4736328125 0.0125 0.056640625
1 0.27734375 0.47265625 0.0171875 0.05859375
3 0.65546875 0.4990234375 0.0765625 0.076171875
3 0.61171875 0.4794921875 0.0484375 0.048828125
3 0.596875 0.47265625 0.040625 0.04296875
3 0.58046875 0.466796875 0.0234375 0.03515625
3 0.5671875 0.462890625 0.021875 0.03125
3 0.54765625 0.453125 0.0203125 0.01953125
3 0.53828125 0.44921875 0.0140625 0.01953125
3 0.53125 0.447265625 0.0125 0.01953125
3 0.50234375 0.4482421875 0.0203125 0.021484375
3 0.4453125 0.4560546875 0.0375 0.041015625
37 0.33671875 0.5126953125 0.0109375 0.005859375
12 0.1625 0.3759765625 0.015625 0.013671875
