10 0.64453125 0.291015625 0.0109375 0.046875
10 0.8453125 0.2685546875 0.021875 0.060546875
10 0.890625 0.345703125 0.021875 0.0234375
10 0.84921875 0.3447265625 0.0171875 0.025390625
12 0.50859375 0.3974609375 0.0046875 0.009765625
12 0.50859375 0.384765625 0.0078125 0.01171875
12 0.50859375 0.3671875 0.0078125 0.015625
12 0.65078125 0.3388671875 0.0359375 0.009765625
2 0.75234375 0.462890625 0.1046875 0.0703125
2 0.84609375 0.45703125 0.0859375 0.06640625
8 0.61875 0.416015625 0.0625 0.07421875
3 0.32109375 0.4482421875 0.0828125 0.072265625
3 0.32265625 0.41015625 0.0671875 0.0390625
3 0.3640625 0.43359375 0.028125 0.05078125
3 0.37890625 0.4287109375 0.0296875 0.052734375
3 0.390625 0.396484375 0.0125 0.01171875
3 0.42265625 0.373046875 0.0109375 0.01171875
3 0.425 0.3984375 0.0125 0.015625
3 0.4453125 0.3974609375 0.0125 0.017578125
3 0.453125 0.412109375 0.01875 0.01953125
3 0.459375 0.4287109375 0.015625 0.025390625
3 0.4828125 0.4306640625 0.040625 0.044921875
1 0.7328125 0.443359375 0.03125 0.08984375
1 0.76171875 0.4423828125 0.0390625 0.091796875
1 0.85390625 0.4326171875 0.0296875 0.099609375
11 0.125 0.458984375 0.0125 0.046875
