3 0.9296875 0.798828125 0.1375 0.27734375
3 0.86328125 0.6298828125 0.2703125 0.275390625
3 0.70703125 0.5673828125 0.1546875 0.138671875
3 0.9453125 0.46484375 0.10625 0.046875
3 0.715625 0.4501953125 0.021875 0.037109375
3 0.7078125 0.4453125 0.04375 0.05078125
3 0.578125 0.4619140625 0.04375 0.044921875
3 0.58984375 0.4462890625 0.0359375 0.041015625
3 0.57265625 0.4287109375 0.0140625 0.017578125
3 0.55546875 0.431640625 0.0203125 0.015625
3 0.5375 0.43359375 0.015625 0.01953125
3 0.5234375 0.4375 0.021875 0.0234375
3 0.50546875 0.4404296875 0.0203125 0.025390625
3 0.4859375 0.4423828125 0.021875 0.025390625
3 0.46015625 0.4443359375 0.0421875 0.037109375
3 0.44375 0.451171875 0.0375 0.03515625
3 0.4109375 0.45703125 0.046875 0.0390625
3 0.346875 0.490234375 0.03125 0.05859375
3 0.325 0.4990234375 0.05 0.080078125
3 0.25234375 0.5048828125 0.1078125 0.119140625
3 0.1546875 0.546875 0.140625 0.16796875
3 0.05625 0.6103515625 0.1125 0.283203125
