10 0.49296875 0.40625 0.0109375 0.03125
10 0.43359375 0.486328125 0.0078125 0.03125
10 0.48828125 0.4443359375 0.0078125 0.021484375
10 0.5359375 0.4384765625 0.009375 0.021484375
10 0.62578125 0.4384765625 0.0078125 0.025390625
10 0.76953125 0.47265625 0.0078125 0.02734375
12 0.47734375 0.400390625 0.0140625 0.015625
12 0.43125 0.4951171875 0.015625 0.021484375
12 0.70546875 0.47265625 0.0109375 0.01171875
12 0.70625 0.484375 0.009375 0.00390625
12 0.78125 0.4990234375 0.015625 0.013671875
12 0.97109375 0.359375 0.0328125 0.04296875
12 0.97265625 0.4013671875 0.0359375 0.037109375
12 0.971875 0.4345703125 0.03125 0.029296875
1 0.765625 0.533203125 0.0125 0.0390625
2 0.68515625 0.544921875 0.0140625 0.02734375
2 0.71796875 0.5439453125 0.0234375 0.044921875
2 0.8125 0.5556640625 0.03125 0.076171875
2 0.87890625 0.572265625 0.0578125 0.10546875
3 0.40390625 0.5458984375 0.0765625 0.037109375
3 0.5859375 0.5458984375 0.18125 0.173828125
1 0.68515625 0.52734375 0.0140625 0.04296875
1 0.71796875 0.5146484375 0.0234375 0.068359375
1 0.81328125 0.5126953125 0.0296875 0.115234375
1 0.88125 0.51171875 0.059375 0.16015625
