10 0.778125 0.0859375 0.06875 0.171875
10 0.73828125 0.40234375 0.0140625 0.015625
10 0.7109375 0.3583984375 0.0125 0.033203125
10 0.51640625 0.3740234375 0.0109375 0.033203125
10 0.34921875 0.27734375 0.0109375 0.03515625
10 0.23359375 0.26953125 0.0109375 0.03515625
10 0.98984375 0.0947265625 0.0171875 0.091796875
12 0.803125 0.36328125 0.028125 0.046875
12 0.509375 0.3154296875 0.01875 0.013671875
12 0.259375 0.263671875 0.015625 0.01953125
1 0.9828125 0.46484375 0.03125 0.16015625
1 0.93203125 0.47265625 0.0359375 0.15625
1 0.89140625 0.470703125 0.0390625 0.16015625
1 0.5609375 0.4658203125 0.015625 0.044921875
1 0.540625 0.4560546875 0.0125 0.041015625
2 0.6765625 0.5966796875 0.096875 0.216796875
3 0.81484375 0.4580078125 0.1296875 0.076171875
3 0.35390625 0.6220703125 0.5015625 0.466796875
1 0.7203125 0.4931640625 0.053125 0.236328125
1 0.70625 0.5244140625 0.153125 0.298828125
1 0.01640625 0.4765625 0.0203125 0.05078125
2 0.01640625 0.4873046875 0.0234375 0.037109375
