12 0.63828125 0.447265625 0.0109375 0.01171875
12 0.6375 0.4326171875 0.009375 0.005859375
1 0.4828125 0.548828125 0.04375 0.12890625
2 0.8640625 0.5283203125 0.03125 0.044921875
3 0.8125 0.478515625 0.015625 0.015625
3 0.78984375 0.4794921875 0.0296875 0.017578125
3 0.27890625 0.490234375 0.1171875 0.05078125
3 0.20859375 0.4619140625 0.0328125 0.017578125
3 0.1671875 0.4609375 0.04375 0.0234375
3 0.15078125 0.5185546875 0.3015625 0.091796875
3 0.81484375 0.5078125 0.0734375 0.05859375
3 0.9296875 0.517578125 0.10625 0.09375
1 0.86484375 0.50390625 0.0296875 0.0703125
79 0.48046875 0.6240234375 0.0453125 0.021484375
