10 0.7296875 0.3095703125 0.01875 0.076171875
10 0.7421875 0.3603515625 0.015625 0.009765625
10 0.49140625 0.3232421875 0.0140625 0.052734375
10 0.48828125 0.3759765625 0.0171875 0.017578125
10 0.45390625 0.3828125 0.0140625 0.01953125
12 0.7890625 0.3505859375 0.034375 0.009765625
12 0.4203125 0.3837890625 0.0125 0.017578125
1 0.11953125 0.458984375 0.0140625 0.046875
1 0.3828125 0.4375 0.0125 0.046875
2 0.35703125 0.5791015625 0.1921875 0.166015625
3 0.05546875 0.478515625 0.1109375 0.1640625
3 0.403125 0.4677734375 0.028125 0.048828125
3 0.98046875 0.482421875 0.0359375 0.078125
3 0.715625 0.4970703125 0.5625 0.279296875
1 0.34921875 0.498046875 0.1046875 0.2890625
