12 0.50625 0.4169921875 0.015625 0.005859375
1 0.55625 0.45703125 0.0125 0.04296875
1 0.5453125 0.458984375 0.009375 0.0390625
1 0.3734375 0.455078125 0.009375 0.03125
1 0.36640625 0.455078125 0.0078125 0.03125
1 0.2078125 0.4716796875 0.015625 0.056640625
1 0.18984375 0.4716796875 0.0140625 0.056640625
1 0.04453125 0.5048828125 0.0359375 0.111328125
1 0.0703125 0.4970703125 0.028125 0.130859375
1 0.7921875 0.4716796875 0.0125 0.033203125
1 0.75859375 0.4677734375 0.0203125 0.033203125
2 0.74375 0.6162109375 0.053125 0.130859375
2 0.66640625 0.5458984375 0.0328125 0.083984375
2 0.18125 0.5244140625 0.021875 0.056640625
3 0.815625 0.5498046875 0.109375 0.126953125
3 0.73359375 0.5283203125 0.0921875 0.103515625
3 0.69453125 0.5 0.0859375 0.08984375
3 0.61015625 0.484375 0.0765625 0.0546875
3 0.575 0.4580078125 0.03125 0.029296875
3 0.5046875 0.466796875 0.053125 0.04296875
3 0.46484375 0.4658203125 0.0484375 0.037109375
3 0.43203125 0.45703125 0.0515625 0.02734375
3 0.3390625 0.4443359375 0.0375 0.021484375
3 0.21875 0.44921875 0.03125 0.03125
3 0.18984375 0.447265625 0.0296875 0.03515625
3 0.028125 0.47265625 0.05625 0.05859375
3 0.896875 0.4892578125 0.1375 0.068359375
3 0.9765625 0.5009765625 0.04375 0.107421875
1 0.746875 0.568359375 0.053125 0.16796875
1 0.66875 0.515625 0.0375 0.125
11 0.265625 0.49609375 0.0125 0.0390625
12 0.93515625 0.373046875 0.0609375 0.0234375
