10 0.52578125 0.48828125 0.0015625 0.00390625
12 0.60234375 0.4794921875 0.0109375 0.017578125
12 0.6015625 0.4970703125 0.009375 0.017578125
1 0.69453125 0.537109375 0.0359375 0.11328125
1 0.43515625 0.501953125 0.0109375 0.046875
1 0.44765625 0.505859375 0.0109375 0.0390625
1 0.475 0.4970703125 0.00625 0.021484375
1 0.4828125 0.4970703125 0.00625 0.021484375
1 0.50390625 0.4970703125 0.0046875 0.013671875
1 0.5078125 0.49609375 0.003125 0.015625
3 0.54296875 0.5048828125 0.0171875 0.017578125
