10 0.9484375 0.3564453125 0.01875 0.033203125
10 0.6484375 0.3759765625 0.021875 0.025390625
10 0.6515625 0.310546875 0.01875 0.0625
10 0.43671875 0.3896484375 0.0078125 0.021484375
10 0.49921875 0.416015625 0.0046875 0.015625
10 0.2796875 0.4169921875 0.00625 0.017578125
12 0.98828125 0.33984375 0.0203125 0.015625
12 0.97890625 0.2978515625 0.0359375 0.044921875
12 0.6515625 0.3515625 0.04375 0.01953125
12 0.41328125 0.4052734375 0.0078125 0.009765625
1 0.9046875 0.4638671875 0.0375 0.146484375
1 0.875 0.4736328125 0.03125 0.134765625
1 0.86171875 0.46875 0.0296875 0.1328125
1 0.771875 0.4814453125 0.034375 0.134765625
1 0.7890625 0.4736328125 0.028125 0.126953125
1 0.75078125 0.4755859375 0.0328125 0.123046875
1 0.7203125 0.4404296875 0.021875 0.037109375
1 0.70859375 0.45703125 0.0171875 0.078125
1 0.6875 0.435546875 0.025 0.04296875
1 0.48046875 0.484375 0.0390625 0.12890625
1 0.46484375 0.4794921875 0.0265625 0.119140625
1 0.315625 0.46484375 0.009375 0.03125
1 0.0046875 0.4638671875 0.009375 0.060546875
1 0.0109375 0.4638671875 0.0125 0.064453125
1 0.02109375 0.4658203125 0.0171875 0.060546875
2 0.0171875 0.4833984375 0.034375 0.052734375
2 0.02265625 0.482421875 0.0453125 0.05078125
3 0.41171875 0.466796875 0.0296875 0.03125
3 0.39609375 0.4638671875 0.0078125 0.017578125
3 0.3875 0.4638671875 0.009375 0.021484375
3 0.37421875 0.4658203125 0.0234375 0.021484375
3 0.2890625 0.47265625 0.028125 0.0546875
3 0.2625 0.4716796875 0.0625 0.068359375
3 0.190625 0.48046875 0.096875 0.0859375
