12 0.0546875 0.337890625 0.040625 0.06640625
12 0.56796875 0.396484375 0.0078125 0.01953125
12 0.59375 0.3740234375 0.021875 0.005859375
12 0.528125 0.39453125 0.00625 0.0078125
1 0.3390625 0.4306640625 0.00625 0.017578125
1 0.35 0.4267578125 0.00625 0.021484375
1 0.68515625 0.4541015625 0.0203125 0.068359375
1 0.70859375 0.4560546875 0.0171875 0.060546875
1 0.734375 0.4541015625 0.01875 0.064453125
3 0.39375 0.4189453125 0.01875 0.021484375
3 0.4796875 0.4140625 0.015625 0.015625
3 0.4734375 0.408203125 0.0125 0.01171875
3 0.559375 0.474609375 0.19375 0.0859375
3 0.934375 0.4580078125 0.128125 0.099609375
79 0.415625 0.3955078125 0.015625 0.021484375
