10 0.221875 0.4638671875 0.015625 0.048828125
10 0.228125 0.51953125 0.0125 0.015625
10 0.2203125 0.552734375 0.00625 0.01953125
10 0.81640625 0.4443359375 0.0140625 0.044921875
10 0.821875 0.505859375 0.009375 0.01953125
10 0.828125 0.541015625 0.00625 0.02734375
1 0.79140625 0.58203125 0.0171875 0.0859375
1 0.846875 0.5732421875 0.015625 0.072265625
1 0.8375 0.5693359375 0.015625 0.076171875
1 0.94609375 0.5380859375 0.0109375 0.041015625
1 0.93125 0.5341796875 0.015625 0.056640625
1 0.9203125 0.53125 0.015625 0.0546875
1 0.72578125 0.5595703125 0.0078125 0.029296875
1 0.71484375 0.5546875 0.0109375 0.03515625
1 0.69609375 0.55859375 0.0078125 0.02734375
2 0.24375 0.6025390625 0.078125 0.060546875
4 0.5546875 0.630859375 0.0375 0.0703125
4 0.48671875 0.5810546875 0.0140625 0.029296875
4 0.43828125 0.59375 0.0390625 0.06640625
3 0.38828125 0.5869140625 0.0671875 0.068359375
3 0.6328125 0.5791015625 0.046875 0.044921875
3 0.54765625 0.5830078125 0.0640625 0.068359375
3 0.48515625 0.5673828125 0.0359375 0.033203125
1 0.24609375 0.583984375 0.0234375 0.08203125
1 0.55546875 0.5927734375 0.0390625 0.095703125
1 0.4859375 0.56640625 0.0125 0.03125
1 0.43828125 0.5703125 0.0328125 0.06640625
