10 0.6421875 0.3193359375 0.015625 0.060546875
10 0.6359375 0.3798828125 0.01875 0.021484375
10 0.50390625 0.4130859375 0.0046875 0.017578125
12 0.646875 0.3564453125 0.0375 0.017578125
1 0.7265625 0.4599609375 0.021875 0.087890625
1 0.74765625 0.4560546875 0.0234375 0.083984375
1 0.90390625 0.4638671875 0.0359375 0.103515625
1 0.83828125 0.46484375 0.0296875 0.1015625
1 0.8640625 0.462890625 0.028125 0.10546875
1 0.8765625 0.462890625 0.021875 0.09765625
1 0.5234375 0.458984375 0.0125 0.05078125
1 0.0125 0.458984375 0.021875 0.078125
1 0.046875 0.462890625 0.015625 0.05859375
1 0.11953125 0.466796875 0.0140625 0.06640625
1 0.134375 0.46484375 0.015625 0.0625
1 0.20078125 0.4638671875 0.0140625 0.048828125
1 0.20859375 0.4638671875 0.0140625 0.048828125
1 0.33359375 0.4521484375 0.0078125 0.021484375
1 0.340625 0.4521484375 0.00625 0.021484375
1 0.26953125 0.455078125 0.0078125 0.02734375
1 0.29296875 0.4482421875 0.0078125 0.017578125
1 0.2421875 0.458984375 0.009375 0.0390625
1 0.5 0.45703125 0.009375 0.0390625
1 0.5078125 0.455078125 0.00625 0.03515625
2 0.478125 0.486328125 0.028125 0.046875
3 0.44375 0.4638671875 0.040625 0.044921875
3 0.409375 0.4541015625 0.015625 0.017578125
3 0.39453125 0.4609375 0.0234375 0.0234375
1 0.47734375 0.4677734375 0.0265625 0.068359375
1 0.60078125 0.4345703125 0.0171875 0.021484375
10 0.3078125 0.4150390625 0.00625 0.017578125
