12 0.796875 0.380859375 0.053125 0.06640625
12 0.79765625 0.4208984375 0.0171875 0.013671875
12 0.33203125 0.4140625 0.0078125 0.02734375
1 0.52734375 0.4677734375 0.0109375 0.044921875
1 0.53671875 0.4677734375 0.0109375 0.044921875
1 0.4390625 0.4638671875 0.0125 0.041015625
3 0.07890625 0.5478515625 0.1578125 0.169921875
3 0.228125 0.466796875 0.05 0.0546875
3 0.16796875 0.462890625 0.0734375 0.0546875
3 0.1265625 0.474609375 0.115625 0.078125
3 0.27734375 0.458984375 0.0234375 0.0390625
3 0.29765625 0.4697265625 0.0453125 0.041015625
3 0.3296875 0.4619140625 0.03125 0.037109375
3 0.35546875 0.4462890625 0.0171875 0.009765625
3 0.371875 0.447265625 0.0125 0.0078125
3 0.36171875 0.478515625 0.0578125 0.0546875
3 0.40078125 0.470703125 0.0359375 0.04296875
3 0.41640625 0.4697265625 0.0140625 0.037109375
3 0.428125 0.466796875 0.01875 0.03515625
3 0.43828125 0.4638671875 0.0203125 0.029296875
3 0.4515625 0.4619140625 0.0125 0.025390625
3 0.45625 0.4609375 0.009375 0.0234375
3 0.45625 0.4560546875 0.021875 0.029296875
3 0.46953125 0.45703125 0.0109375 0.01953125
3 0.47578125 0.4560546875 0.0078125 0.017578125
3 0.48359375 0.455078125 0.0078125 0.015625
3 0.4859375 0.453125 0.009375 0.01171875
3 0.49140625 0.451171875 0.0109375 0.01171875
3 0.5046875 0.4482421875 0.00625 0.005859375
3 0.61796875 0.4619140625 0.0359375 0.048828125
3 0.5828125 0.470703125 0.05 0.05859375
3 0.553125 0.46875 0.0125 0.03515625
3 0.559375 0.4677734375 0.015625 0.044921875
3 0.55078125 0.4619140625 0.0171875 0.037109375
3 0.88046875 0.6845703125 0.2359375 0.380859375
3 0.784375 0.556640625 0.234375 0.21875
