10 0.77734375 0.0859375 0.0703125 0.171875
10 0.73828125 0.4033203125 0.0140625 0.017578125
10 0.71171875 0.3583984375 0.0140625 0.037109375
10 0.51640625 0.373046875 0.0109375 0.03515625
10 0.34921875 0.2763671875 0.0109375 0.037109375
10 0.23359375 0.2685546875 0.0109375 0.037109375
12 0.803125 0.36328125 0.028125 0.046875
12 0.51015625 0.3154296875 0.0203125 0.013671875
12 0.26015625 0.2646484375 0.0171875 0.021484375
1 0.98125 0.466796875 0.034375 0.16015625
1 0.9265625 0.47265625 0.046875 0.15625
1 0.8890625 0.47265625 0.0375 0.16015625
1 0.55703125 0.46875 0.0171875 0.046875
1 0.54140625 0.45703125 0.0140625 0.04296875
2 0.68671875 0.5947265625 0.0859375 0.212890625
3 0.8125 0.4580078125 0.121875 0.076171875
3 0.3546875 0.6181640625 0.5 0.458984375
1 0.71484375 0.5224609375 0.1359375 0.294921875
2 0.015625 0.490234375 0.021875 0.03125
1 0.015625 0.474609375 0.01875 0.05078125
