10 0.721875 0.2412109375 0.025 0.095703125
10 0.71484375 0.3408203125 0.0296875 0.033203125
10 0.40703125 0.390625 0.0046875 0.01953125
12 0.71875 0.302734375 0.06875 0.03125
1 0.95703125 0.5087890625 0.0578125 0.236328125
1 0.75234375 0.4365234375 0.0265625 0.048828125
1 0.77421875 0.4384765625 0.0171875 0.044921875
1 0.54609375 0.46484375 0.0140625 0.05078125
1 0.56015625 0.46484375 0.0109375 0.04296875
1 0.5703125 0.4619140625 0.009375 0.044921875
1 0.64375 0.470703125 0.021875 0.046875
2 0.0453125 0.5029296875 0.028125 0.044921875
3 0.3203125 0.4755859375 0.03125 0.037109375
3 0.28046875 0.4794921875 0.0515625 0.044921875
3 0.2078125 0.4873046875 0.059375 0.068359375
3 0.1390625 0.494140625 0.11875 0.1015625
1 0.0453125 0.4892578125 0.025 0.072265625
10 0.2328125 0.421875 0.009375 0.0234375
10 0.47578125 0.421875 0.0078125 0.01953125
1 0.99140625 0.4658203125 0.0140625 0.158203125
