12 0.0734375 0.3876953125 0.028125 0.052734375
2 0.2921875 0.5029296875 0.025 0.048828125
2 0.3296875 0.5068359375 0.025 0.044921875
3 0.3625 0.482421875 0.034375 0.02734375
3 0.54453125 0.4853515625 0.0515625 0.052734375
3 0.3078125 0.48046875 0.065625 0.05078125
3 0.23125 0.490234375 0.0875 0.0625
3 0.05625 0.4833984375 0.1125 0.080078125
3 0.51640625 0.4853515625 0.0140625 0.033203125
1 0.29296875 0.486328125 0.0234375 0.06640625
1 0.328125 0.484375 0.028125 0.08203125
1 0.3625 0.482421875 0.01875 0.05078125
1 0.38125 0.482421875 0.01875 0.0546875
