12 0.61171875 0.4482421875 0.0078125 0.021484375
12 0.56796875 0.4462890625 0.0140625 0.029296875
12 0.58046875 0.443359375 0.0078125 0.015625
12 0.06953125 0.4072265625 0.0328125 0.041015625
1 0.55234375 0.490234375 0.0109375 0.0390625
1 0.56171875 0.4921875 0.0078125 0.0390625
1 0.865625 0.4892578125 0.00625 0.013671875
1 0.9359375 0.4912109375 0.00625 0.021484375
1 0.9515625 0.4873046875 0.00625 0.017578125
1 0.959375 0.490234375 0.00625 0.015625
3 0.49375 0.51953125 0.134375 0.1328125
3 0.61796875 0.4951171875 0.1078125 0.072265625
3 0.64765625 0.4794921875 0.0265625 0.017578125
3 0.6765625 0.4814453125 0.03125 0.025390625
3 0.69453125 0.482421875 0.0265625 0.01953125
3 0.7078125 0.4833984375 0.025 0.021484375
3 0.7796875 0.5 0.065625 0.03125
3 0.8140625 0.498046875 0.04375 0.03515625
3 0.884375 0.4912109375 0.01875 0.021484375
3 0.90859375 0.490234375 0.0140625 0.015625
3 0.9234375 0.4892578125 0.0125 0.013671875
3 0.76328125 0.4853515625 0.0296875 0.017578125
3 0.78984375 0.4794921875 0.0234375 0.013671875
