6 0.3828125 0.4423828125 0.021875 0.025390625
1 0.31484375 0.470703125 0.0171875 0.04296875
1 0.49453125 0.4521484375 0.0078125 0.029296875
1 0.51640625 0.4609375 0.0078125 0.03125
1 0.946875 0.4462890625 0.021875 0.083984375
1 0.93046875 0.423828125 0.0109375 0.02734375
3 0.70078125 0.5166015625 0.1828125 0.158203125
3 0.625 0.48046875 0.128125 0.14453125
3 0.2703125 0.4794921875 0.05625 0.048828125
3 0.4734375 0.453125 0.01875 0.0234375
3 0.371875 0.4541015625 0.01875 0.017578125
3 0.43515625 0.4423828125 0.0140625 0.013671875
3 0.40390625 0.443359375 0.0109375 0.01171875
3 0.45078125 0.4453125 0.0140625 0.015625
79 0.11171875 0.4267578125 0.1984375 0.228515625
