10 0.7453125 0.4560546875 0.015625 0.048828125
10 0.01015625 0.466796875 0.0171875 0.04296875
12 0.08359375 0.5029296875 0.0328125 0.009765625
12 0.084375 0.4912109375 0.009375 0.013671875
12 0.01171875 0.5068359375 0.0234375 0.029296875
12 0.21875 0.484375 0.028125 0.0078125
12 0.21796875 0.4951171875 0.0296875 0.009765625
12 0.75546875 0.5029296875 0.0265625 0.029296875
1 0.73515625 0.5830078125 0.0265625 0.087890625
1 0.70078125 0.572265625 0.0203125 0.0546875
1 0.66171875 0.568359375 0.0140625 0.03515625
1 0.646875 0.56640625 0.0125 0.03515625
1 0.62109375 0.568359375 0.0046875 0.01953125
1 0.62734375 0.56640625 0.0078125 0.0234375
1 0.03125 0.5634765625 0.009375 0.017578125
1 0.33671875 0.5703125 0.0109375 0.03125
1 0.7296875 0.564453125 0.01875 0.05078125
4 0.4625 0.64453125 0.04375 0.08984375
4 0.5265625 0.5771484375 0.009375 0.013671875
3 0.4046875 0.57421875 0.03125 0.03125
3 0.4390625 0.576171875 0.034375 0.04296875
3 0.45546875 0.599609375 0.0640625 0.0625
3 0.4859375 0.56640625 0.01875 0.03125
3 0.5046875 0.556640625 0.0125 0.015625
3 0.5140625 0.5537109375 0.009375 0.013671875
3 0.52265625 0.5478515625 0.0109375 0.013671875
3 0.53203125 0.544921875 0.0078125 0.015625
3 0.5359375 0.55078125 0.0125 0.015625
3 0.5609375 0.5546875 0.015625 0.015625
3 0.56015625 0.57421875 0.0265625 0.02734375
3 0.0625 0.580078125 0.078125 0.046875
3 0.165625 0.59765625 0.09375 0.10546875
3 0.2296875 0.6279296875 0.165625 0.138671875
1 0.4609375 0.5947265625 0.040625 0.087890625
1 0.5265625 0.56640625 0.009375 0.01953125
