6 0.575 0.4453125 0.328125 0.12890625
6 0.86953125 0.4228515625 0.2578125 0.150390625
6 0.39765625 0.45703125 0.0328125 0.0390625
1 0.2203125 0.490234375 0.028125 0.0703125
1 0.19609375 0.5009765625 0.0265625 0.060546875
1 0.1703125 0.48828125 0.0125 0.05078125
1 0.1109375 0.494140625 0.015625 0.0546875
1 0.12890625 0.4892578125 0.0140625 0.029296875
1 0.37890625 0.4638671875 0.0078125 0.025390625
1 0.3578125 0.4609375 0.00625 0.015625
1 0.6015625 0.4619140625 0.021875 0.087890625
1 0.625 0.4619140625 0.01875 0.076171875
1 0.68203125 0.4658203125 0.0296875 0.111328125
3 0.9515625 0.4892578125 0.09375 0.111328125
3 0.95078125 0.4423828125 0.0953125 0.099609375
3 0.9109375 0.4462890625 0.175 0.138671875
11 0.340625 0.4775390625 0.00625 0.017578125
