6 0.66328125 0.5576171875 0.1171875 0.119140625
10 0.38125 0.50390625 0.00625 0.01953125
1 0.85390625 0.5732421875 0.0203125 0.068359375
1 0.75546875 0.572265625 0.0171875 0.0703125
1 0.74296875 0.576171875 0.0140625 0.0625
1 0.72890625 0.5751953125 0.0171875 0.064453125
1 0.88125 0.5478515625 0.0125 0.033203125
1 0.82109375 0.544921875 0.0078125 0.0234375
1 0.83046875 0.5439453125 0.0109375 0.029296875
1 0.7921875 0.5751953125 0.015625 0.060546875
1 0.5921875 0.548828125 0.00625 0.02734375
1 0.58828125 0.5478515625 0.0046875 0.025390625
3 0.63125 0.6484375 0.178125 0.17578125
3 0.534375 0.552734375 0.025 0.0234375
3 0.49453125 0.5517578125 0.0203125 0.025390625
3 0.45390625 0.5498046875 0.0203125 0.021484375
3 0.51875 0.5498046875 0.009375 0.017578125
3 0.50234375 0.546875 0.0171875 0.015625
1 0.975 0.580078125 0.03125 0.09765625
