12 0.2484375 0.330078125 0.028125 0.046875
3 0.20234375 0.44921875 0.1609375 0.1015625
3 0.071875 0.431640625 0.125 0.08984375
3 0.91484375 0.4892578125 0.1453125 0.119140625
3 0.84296875 0.46875 0.1109375 0.10546875
3 0.7203125 0.4697265625 0.053125 0.052734375
3 0.47578125 0.4609375 0.0796875 0.06640625
3 0.5203125 0.4599609375 0.03125 0.044921875
3 0.540625 0.4609375 0.034375 0.04296875
3 0.5515625 0.4453125 0.028125 0.02734375
3 0.57734375 0.45703125 0.0390625 0.03515625
3 0.6015625 0.4560546875 0.01875 0.033203125
3 0.640625 0.4541015625 0.009375 0.025390625
1 0.665625 0.498046875 0.04375 0.12890625
1 0.61171875 0.46484375 0.0203125 0.06640625
1 0.62578125 0.46875 0.0234375 0.08984375
2 0.1453125 0.4609375 0.040625 0.08203125
