10 0.5140625 0.2939453125 0.015625 0.083984375
10 0.403125 0.2080078125 0.015625 0.068359375
10 0.5109375 0.369140625 0.015625 0.01953125
10 0.95390625 0.330078125 0.0203125 0.0703125
1 0.9015625 0.482421875 0.040625 0.14453125
1 0.8640625 0.46875 0.046875 0.16796875
1 0.83515625 0.46875 0.0421875 0.13671875
1 0.9890625 0.4873046875 0.01875 0.169921875
2 0.07578125 0.4423828125 0.0234375 0.037109375
2 0.0546875 0.4443359375 0.021875 0.048828125
3 0.4015625 0.4453125 0.028125 0.046875
3 0.38046875 0.447265625 0.0328125 0.0625
3 0.31640625 0.4580078125 0.1328125 0.130859375
3 0.23828125 0.4326171875 0.0484375 0.052734375
3 0.15390625 0.4365234375 0.0921875 0.064453125
3 0.02578125 0.4296875 0.0515625 0.0703125
1 0.0765625 0.4248046875 0.021875 0.064453125
1 0.05546875 0.427734375 0.0203125 0.07421875
