10 0.75078125 0.42578125 0.0078125 0.01953125
1 0.85546875 0.466796875 0.0171875 0.0546875
1 0.87265625 0.45703125 0.0171875 0.04296875
2 0.8015625 0.482421875 0.05 0.04296875
3 0.94921875 0.44921875 0.0984375 0.1328125
3 0.053125 0.541015625 0.078125 0.0703125
3 0.14296875 0.541015625 0.0796875 0.0546875
3 0.24921875 0.5302734375 0.0703125 0.041015625
3 0.325 0.51953125 0.06875 0.04296875
3 0.4015625 0.5185546875 0.075 0.064453125
3 0.43359375 0.5068359375 0.0296875 0.037109375
3 0.58125 0.501953125 0.065625 0.05078125
3 0.48125 0.501953125 0.065625 0.0390625
3 0.66328125 0.4794921875 0.0515625 0.033203125
1 0.63125 0.4921875 0.015625 0.05078125
1 0.61796875 0.4931640625 0.0140625 0.052734375
1 0.8078125 0.4755859375 0.028125 0.056640625
