10 0.5765625 0.33203125 0.009375 0.0546875
10 0.62890625 0.337890625 0.0078125 0.046875
10 0.6484375 0.3359375 0.009375 0.0546875
10 0.584375 0.3388671875 0.00625 0.029296875
10 0.27890625 0.2958984375 0.0140625 0.064453125
10 0.2890625 0.3134765625 0.00625 0.029296875
10 0.45234375 0.3388671875 0.0078125 0.041015625
12 0.5953125 0.3466796875 0.01875 0.025390625
12 0.26328125 0.28515625 0.0171875 0.0234375
12 0.359375 0.3427734375 0.015625 0.005859375
12 0.359375 0.3515625 0.00625 0.0078125
1 0.34921875 0.365234375 0.0078125 0.01953125
2 0.3734375 0.3740234375 0.01875 0.017578125
4 0.690625 0.498046875 0.08125 0.140625
3 0.33203125 0.5478515625 0.4953125 0.318359375
3 0.13984375 0.509765625 0.1734375 0.1953125
3 0.53046875 0.4736328125 0.1515625 0.185546875
3 0.4859375 0.3857421875 0.096875 0.037109375
3 0.72109375 0.4560546875 0.1421875 0.130859375
3 0.54140625 0.375 0.0328125 0.015625
1 0.68984375 0.4658203125 0.0671875 0.173828125
1 0.37421875 0.3662109375 0.0109375 0.021484375
