12 0.0140625 0.4296875 0.015625 0.01953125
12 0.01484375 0.4111328125 0.0109375 0.005859375
12 0.146875 0.44140625 0.015625 0.01171875
12 0.47109375 0.431640625 0.0109375 0.01171875
12 0.5484375 0.431640625 0.003125 0.0078125
12 0.51875 0.431640625 0.0125 0.0078125
12 0.5953125 0.41796875 0.003125 0.0078125
12 0.62578125 0.423828125 0.0109375 0.01171875
3 0.06484375 0.4775390625 0.0234375 0.021484375
3 0.11328125 0.4765625 0.0140625 0.01953125
3 0.44609375 0.470703125 0.0609375 0.0625
3 0.578125 0.4443359375 0.0125 0.013671875
3 0.55859375 0.4443359375 0.0140625 0.013671875
