6 0.47109375 0.3388671875 0.1296875 0.072265625
6 0.7 0.3828125 0.109375 0.04296875
12 0.15546875 0.2939453125 0.0296875 0.037109375
1 0.2203125 0.4111328125 0.01875 0.076171875
1 0.246875 0.38671875 0.01875 0.02734375
1 0.77109375 0.408203125 0.0078125 0.01953125
1 0.77890625 0.41015625 0.0078125 0.0234375
1 0.7921875 0.412109375 0.00625 0.01953125
1 0.80546875 0.412109375 0.0078125 0.01953125
1 0.8109375 0.4140625 0.009375 0.0234375
8 0.60546875 0.376953125 0.0609375 0.0859375
3 0.634375 0.4248046875 0.071875 0.072265625
3 0.6703125 0.455078125 0.0875 0.1015625
3 0.71953125 0.4765625 0.1453125 0.13671875
3 0.7328125 0.4013671875 0.065625 0.029296875
3 0.875 0.537109375 0.246875 0.23046875
3 0.41640625 0.5966796875 0.4671875 0.486328125
3 0.0703125 0.4013671875 0.08125 0.072265625
