12 0.1953125 0.265625 0.021875 0.06640625
1 0.5046875 0.40625 0.00625 0.0234375
1 0.5140625 0.4091796875 0.00625 0.017578125
1 0.509375 0.4052734375 0.00625 0.021484375
1 0.53515625 0.4052734375 0.0046875 0.017578125
1 0.57890625 0.4072265625 0.0046875 0.013671875
8 0.63203125 0.404296875 0.0484375 0.078125
8 0.59921875 0.404296875 0.0171875 0.03125
3 0.55546875 0.412109375 0.0234375 0.0234375
3 0.8953125 0.453125 0.20625 0.26953125
3 0.74453125 0.451171875 0.1015625 0.09765625
3 0.6765625 0.4287109375 0.059375 0.068359375
