1 0.62421875 0.453125 0.0140625 0.046875
1 0.6109375 0.4423828125 0.009375 0.029296875
1 0.6765625 0.44921875 0.009375 0.02734375
1 0.63671875 0.453125 0.0109375 0.0390625
1 0.21875 0.458984375 0.015625 0.05859375
1 0.37109375 0.4462890625 0.0109375 0.033203125
2 0.91484375 0.5634765625 0.0703125 0.095703125
2 0.9671875 0.5771484375 0.0625 0.123046875
2 0.859375 0.521484375 0.034375 0.0703125
2 0.83515625 0.5224609375 0.0296875 0.068359375
3 0.75390625 0.533203125 0.1484375 0.15234375
3 0.67578125 0.505859375 0.0734375 0.0859375
3 0.6453125 0.4912109375 0.040625 0.060546875
3 0.47890625 0.4345703125 0.0234375 0.029296875
3 0.50078125 0.431640625 0.0078125 0.0078125
3 0.55546875 0.443359375 0.0296875 0.03125
3 0.53203125 0.4365234375 0.0109375 0.017578125
3 0.5234375 0.4345703125 0.009375 0.017578125
1 0.8546875 0.4853515625 0.025 0.080078125
12 0.62109375 0.3974609375 0.0171875 0.005859375
12 0.621875 0.3916015625 0.00625 0.005859375
1 0.2453125 0.4560546875 0.009375 0.044921875
