2 0.1875 0.5078125 0.025 0.0703125
2 0.11796875 0.5380859375 0.0453125 0.095703125
2 0.22109375 0.541015625 0.0609375 0.125
2 0.409375 0.560546875 0.146875 0.12890625
2 0.76171875 0.5751953125 0.1921875 0.142578125
3 0.04296875 0.505859375 0.0859375 0.125
3 0.1671875 0.4814453125 0.059375 0.080078125
3 0.32890625 0.484375 0.0640625 0.0546875
3 0.359375 0.47265625 0.034375 0.04296875
3 0.55 0.4814453125 0.075 0.080078125
3 0.50859375 0.4814453125 0.0234375 0.048828125
3 0.49453125 0.4794921875 0.0140625 0.041015625
3 0.48671875 0.48046875 0.0109375 0.03125
1 0.11875 0.4951171875 0.05625 0.150390625
1 0.22109375 0.486328125 0.0703125 0.19140625
1 0.40703125 0.51171875 0.0859375 0.171875
1 0.75234375 0.51953125 0.0890625 0.21484375
10 0.61640625 0.3291015625 0.0109375 0.033203125
