1 0.5484375 0.46875 0.015625 0.04296875
1 0.45546875 0.5146484375 0.0265625 0.099609375
1 0.26171875 0.46484375 0.0203125 0.03515625
1 0.2875 0.4677734375 0.01875 0.056640625
1 0.30703125 0.46484375 0.0171875 0.05078125
1 0.35390625 0.443359375 0.0046875 0.015625
1 0.453125 0.4560546875 0.0125 0.013671875
1 0.4421875 0.4521484375 0.009375 0.013671875
3 0.8515625 0.4677734375 0.090625 0.044921875
3 0.70625 0.46484375 0.059375 0.0546875
3 0.66015625 0.466796875 0.0421875 0.05078125
3 0.63359375 0.4453125 0.0578125 0.03515625
3 0.59765625 0.4697265625 0.0828125 0.041015625
3 0.0453125 0.5859375 0.090625 0.16015625
3 0.046875 0.4775390625 0.09375 0.056640625
3 0.09140625 0.546875 0.1109375 0.109375
3 0.134375 0.5205078125 0.08125 0.091796875
3 0.16953125 0.505859375 0.0671875 0.078125
3 0.21953125 0.490234375 0.0953125 0.0546875
3 0.2359375 0.4541015625 0.0375 0.029296875
3 0.271875 0.4638671875 0.01875 0.029296875
3 0.29375 0.451171875 0.015625 0.02734375
3 0.3390625 0.431640625 0.00625 0.0078125
3 0.35 0.4296875 0.00625 0.0078125
3 0.3171875 0.439453125 0.009375 0.01171875
3 0.3203125 0.435546875 0.009375 0.01171875
3 0.325 0.4326171875 0.00625 0.009765625
3 0.409375 0.46875 0.03125 0.03515625
3 0.39921875 0.458984375 0.0359375 0.04296875
3 0.38203125 0.4521484375 0.0140625 0.025390625
3 0.83203125 0.7509765625 0.3328125 0.365234375
3 0.66953125 0.6162109375 0.2171875 0.193359375
3 0.5828125 0.55859375 0.14375 0.1328125
3 0.50625 0.505859375 0.09375 0.1015625
3 0.55 0.451171875 0.053125 0.01953125
3 0.44609375 0.49609375 0.0390625 0.0625
3 0.4265625 0.4794921875 0.04375 0.044921875
3 0.37734375 0.447265625 0.0140625 0.0234375
3 0.37109375 0.4443359375 0.0109375 0.021484375
3 0.3671875 0.4384765625 0.009375 0.013671875
3 0.4671875 0.443359375 0.053125 0.02734375
