10 0.71015625 0.359375 0.0109375 0.0390625
10 0.9890625 0.09375 0.01875 0.09375
10 0.7390625 0.40234375 0.0125 0.015625
10 0.515625 0.373046875 0.009375 0.03515625
10 0.34921875 0.27734375 0.0109375 0.03515625
10 0.2328125 0.267578125 0.009375 0.03125
12 0.77734375 0.0849609375 0.0671875 0.169921875
12 0.51015625 0.3154296875 0.0171875 0.013671875
12 0.259375 0.2646484375 0.0125 0.017578125
1 0.7 0.49609375 0.084375 0.20703125
1 0.5375 0.4384765625 0.034375 0.107421875
1 0.5796875 0.4560546875 0.015625 0.060546875
1 0.05859375 0.494140625 0.0515625 0.17578125
1 0.02734375 0.5 0.0546875 0.1953125
1 0.1140625 0.486328125 0.04375 0.1953125
1 0.09609375 0.4560546875 0.0296875 0.134765625
3 0.88671875 0.4541015625 0.1421875 0.076171875
3 0.35703125 0.6201171875 0.5046875 0.466796875
