1 0.36796875 0.455078125 0.0109375 0.03515625
1 0.37421875 0.4482421875 0.0078125 0.029296875
1 0.390625 0.4443359375 0.00625 0.021484375
1 0.39609375 0.4423828125 0.0046875 0.017578125
1 0.4296875 0.447265625 0.00625 0.01953125
1 0.665625 0.4599609375 0.01875 0.044921875
1 0.64921875 0.4609375 0.0140625 0.05078125
1 0.9078125 0.4892578125 0.01875 0.091796875
3 0.765625 0.5244140625 0.1625 0.158203125
3 0.53671875 0.4873046875 0.1484375 0.068359375
3 0.4078125 0.4755859375 0.05625 0.052734375
3 0.45 0.453125 0.03125 0.03125
3 0.471875 0.4443359375 0.01875 0.017578125
3 0.48828125 0.443359375 0.0171875 0.015625
3 0.51484375 0.4453125 0.0203125 0.015625
3 0.54296875 0.4453125 0.0234375 0.015625
3 0.5703125 0.4541015625 0.028125 0.029296875
3 0.63671875 0.4482421875 0.0359375 0.025390625
3 0.8609375 0.4794921875 0.075 0.064453125
12 0.98828125 0.36328125 0.0203125 0.05078125
