1 0.33203125 0.544921875 0.0046875 0.015625
1 0.30078125 0.5439453125 0.0046875 0.013671875
1 0.30546875 0.5439453125 0.0046875 0.013671875
1 0.3109375 0.54296875 0.00625 0.015625
1 0.31796875 0.54296875 0.0046875 0.015625
1 0.32109375 0.5419921875 0.0046875 0.013671875
1 0.34765625 0.5419921875 0.0046875 0.013671875
1 0.35859375 0.5439453125 0.0046875 0.017578125
2 0.92578125 0.6240234375 0.0484375 0.076171875
3 0.0421875 0.6015625 0.084375 0.09375
3 0.2546875 0.623046875 0.165625 0.15234375
3 0.5640625 0.5302734375 0.03125 0.041015625
3 0.565625 0.5478515625 0.015625 0.025390625
3 0.57890625 0.5517578125 0.0203125 0.044921875
3 0.6078125 0.560546875 0.0625 0.06640625
3 0.5390625 0.556640625 0.025 0.0390625
3 0.52890625 0.53125 0.0265625 0.01171875
3 0.515625 0.55859375 0.0375 0.0390625
3 0.4890625 0.544921875 0.0125 0.0234375
3 0.4671875 0.548828125 0.034375 0.03125
3 0.4390625 0.544921875 0.01875 0.015625
3 0.4140625 0.5458984375 0.028125 0.017578125
3 0.43359375 0.5341796875 0.0296875 0.017578125
1 0.92890625 0.5888671875 0.0453125 0.099609375
