10 0.83671875 0.33203125 0.0109375 0.03515625
10 0.7671875 0.2275390625 0.015625 0.041015625
10 0.7 0.3779296875 0.021875 0.021484375
10 0.55546875 0.37109375 0.0078125 0.0234375
10 0.53125 0.3681640625 0.00625 0.021484375
10 0.55625 0.40625 0.0125 0.01171875
10 0.93359375 0.3544921875 0.0140625 0.052734375
12 0.32421875 0.4375 0.0109375 0.01171875
12 0.31875 0.3896484375 0.0125 0.017578125
12 0.2046875 0.4404296875 0.0125 0.021484375
1 0.51796875 0.4541015625 0.0140625 0.056640625
1 0.54140625 0.455078125 0.0109375 0.0390625
1 0.50625 0.44140625 0.009375 0.0234375
1 0.39921875 0.4384765625 0.0140625 0.017578125
1 0.25859375 0.4521484375 0.0109375 0.056640625
1 0.23671875 0.4541015625 0.0171875 0.056640625
1 0.03515625 0.46875 0.0203125 0.0859375
1 0.02265625 0.478515625 0.0265625 0.06640625
1 0.55703125 0.4599609375 0.0171875 0.044921875
2 0.52890625 0.4658203125 0.0171875 0.037109375
2 0.5 0.4658203125 0.01875 0.033203125
2 0.45390625 0.46484375 0.0171875 0.03515625
3 0.89375 0.5703125 0.209375 0.28515625
3 0.76015625 0.5166015625 0.2109375 0.162109375
11 0.04921875 0.5107421875 0.0171875 0.056640625
