3 0.53984375 0.4560546875 0.0234375 0.025390625
3 0.55625 0.45703125 0.009375 0.015625
3 0.6203125 0.45703125 0.015625 0.015625
10 0.84375 0.3994140625 0.009375 0.037109375
10 0.13515625 0.353515625 0.0171875 0.046875
10 0.1890625 0.353515625 0.0125 0.046875
12 0.15703125 0.4033203125 0.0328125 0.013671875
3 0.6265625 0.44921875 0.009375 0.01171875
3 0.603125 0.44140625 0.00625 0.0078125
3 0.5625 0.455078125 0.009375 0.015625
10 0.83125 0.3974609375 0.009375 0.037109375
12 0.83984375 0.435546875 0.0359375 0.01171875
12 0.8640625 0.4130859375 0.03125 0.013671875
3 0.078125 0.509765625 0.15625 0.1015625
