6 0.56796875 0.4677734375 0.0578125 0.025390625
10 0.25 0.4208984375 0.03125 0.048828125
10 0.2859375 0.482421875 0.021875 0.05859375
10 0.2703125 0.2490234375 0.0375 0.115234375
10 0.4328125 0.4814453125 0.00625 0.013671875
10 0.42734375 0.4228515625 0.0078125 0.021484375
10 0.278125 0.41796875 0.021875 0.04296875
12 0.840625 0.427734375 0.01875 0.03125
12 0.95 0.404296875 0.025 0.0234375
12 0.94921875 0.3759765625 0.0265625 0.025390625
12 0.95 0.349609375 0.025 0.015625
12 0.42890625 0.4580078125 0.0171875 0.017578125
12 0.45078125 0.482421875 0.0140625 0.01953125
12 0.409375 0.3056640625 0.04375 0.068359375
12 0.409375 0.34765625 0.04375 0.015625
12 0.41015625 0.3701171875 0.0453125 0.029296875
12 0.41015625 0.3994140625 0.0484375 0.029296875
12 0.35234375 0.43359375 0.0203125 0.02734375
12 0.171875 0.34765625 0.1125 0.125
12 0.415625 0.515625 0.0375 0.05078125
1 0.8140625 0.48046875 0.009375 0.03515625
3 0.64609375 0.474609375 0.0171875 0.01171875
3 0.66328125 0.474609375 0.0140625 0.01953125
3 0.68984375 0.4970703125 0.0484375 0.052734375
3 0.54765625 0.6650390625 0.3421875 0.376953125
3 0.91171875 0.6689453125 0.1734375 0.345703125
