10 0.08046875 0.384765625 0.0140625 0.046875
10 0.8203125 0.4033203125 0.0125 0.048828125
12 0.0921875 0.43359375 0.01875 0.04296875
12 0.81171875 0.4560546875 0.0203125 0.041015625
1 0.0203125 0.6220703125 0.040625 0.283203125
1 0.33515625 0.5 0.0109375 0.03125
3 0.684375 0.5224609375 0.0625 0.060546875
3 0.6265625 0.513671875 0.04375 0.046875
3 0.540625 0.5 0.015625 0.0234375
3 0.52265625 0.5068359375 0.0296875 0.029296875
3 0.48984375 0.5048828125 0.0203125 0.021484375
3 0.465625 0.50390625 0.01875 0.01953125
3 0.35390625 0.5087890625 0.0296875 0.029296875
3 0.41015625 0.4873046875 0.0828125 0.115234375
11 0.78828125 0.5439453125 0.0109375 0.037109375
10 0.096875 0.384765625 0.0125 0.04296875
