10 0.68203125 0.3154296875 0.0296875 0.029296875
10 0.66796875 0.2236328125 0.0296875 0.087890625
10 0.3234375 0.2587890625 0.015625 0.072265625
10 0.31875 0.3359375 0.025 0.03125
12 0.6765625 0.2841796875 0.0375 0.025390625
12 0.721875 0.26171875 0.021875 0.0546875
12 0.74609375 0.298828125 0.0578125 0.01953125
12 0.26328125 0.3603515625 0.0140625 0.025390625
1 0.7359375 0.47265625 0.065625 0.26171875
1 0.6796875 0.4921875 0.09375 0.34765625
1 0.596875 0.484375 0.090625 0.3671875
1 0.553125 0.4892578125 0.0625 0.298828125
1 0.28828125 0.447265625 0.0171875 0.046875
1 0.428125 0.453125 0.04375 0.125
1 0.3640625 0.44921875 0.034375 0.13671875
1 0.0578125 0.447265625 0.00625 0.02734375
1 0.071875 0.4462890625 0.009375 0.025390625
1 0.065625 0.4462890625 0.00625 0.025390625
3 0.88125 0.490234375 0.234375 0.15625
3 0.22578125 0.45703125 0.0578125 0.05859375
3 0.18125 0.4443359375 0.021875 0.025390625
3 0.16640625 0.4453125 0.0109375 0.01953125
3 0.128125 0.447265625 0.028125 0.02734375
3 0.02421875 0.4521484375 0.0484375 0.041015625
11 0.2984375 0.4736328125 0.015625 0.064453125
