3 0.484375 0.4501953125 0.028125 0.029296875
3 0.5015625 0.4501953125 0.009375 0.017578125
3 0.56875 0.44921875 0.015625 0.015625
10 0.8453125 0.3828125 0.009375 0.046875
10 0.0171875 0.318359375 0.0125 0.0703125
3 0.5765625 0.44140625 0.009375 0.01171875
3 0.5578125 0.43359375 0.00625 0.0078125
3 0.50625 0.4482421875 0.0125 0.017578125
10 0.8296875 0.3798828125 0.009375 0.037109375
12 0.84296875 0.427734375 0.0359375 0.01171875
12 0.8703125 0.4033203125 0.03125 0.013671875
3 0.8421875 0.5615234375 0.3125 0.134765625
