6 0.4453125 0.5126953125 0.040625 0.060546875
6 0.52265625 0.51953125 0.1109375 0.08984375
12 0.6390625 0.439453125 0.034375 0.0078125
12 0.59296875 0.451171875 0.0265625 0.0078125
12 0.65078125 0.4541015625 0.0109375 0.017578125
12 0.60390625 0.46484375 0.0078125 0.015625
12 0.03203125 0.47265625 0.0234375 0.015625
1 0.8328125 0.5595703125 0.028125 0.099609375
1 0.853125 0.56640625 0.01875 0.1171875
1 0.8640625 0.5654296875 0.01875 0.091796875
1 0.7078125 0.54296875 0.025 0.07421875
1 0.6609375 0.5361328125 0.015625 0.056640625
1 0.67578125 0.5419921875 0.0203125 0.052734375
1 0.62734375 0.53515625 0.0171875 0.05859375
1 0.64375 0.54296875 0.01875 0.05078125
1 0.69140625 0.5390625 0.0171875 0.0703125
1 0.72890625 0.525390625 0.0140625 0.0546875
1 0.5921875 0.5361328125 0.015625 0.052734375
1 0.0234375 0.55859375 0.028125 0.09375
1 0.046875 0.537109375 0.015625 0.046875
1 0.121875 0.5517578125 0.021875 0.072265625
1 0.2375 0.5400390625 0.0125 0.041015625
1 0.221875 0.5400390625 0.015625 0.041015625
1 0.25078125 0.5400390625 0.0109375 0.037109375
1 0.26171875 0.5390625 0.0109375 0.0390625
1 0.2703125 0.53515625 0.009375 0.03125
1 0.2875 0.51953125 0.009375 0.01953125
3 0.28984375 0.537109375 0.0296875 0.02734375
3 0.35703125 0.583984375 0.1109375 0.12109375
3 0.48671875 0.5625 0.0796875 0.0859375
3 0.4265625 0.5390625 0.04375 0.04296875
3 0.37890625 0.5166015625 0.0140625 0.013671875
3 0.3375 0.5166015625 0.028125 0.017578125
3 0.41328125 0.51171875 0.0140625 0.01171875
3 0.40078125 0.5107421875 0.0109375 0.013671875
