6 0.4359375 0.451171875 0.096875 0.0390625
6 0.51171875 0.4453125 0.0546875 0.08203125
6 0.84765625 0.4130859375 0.3015625 0.126953125
1 0.04140625 0.4931640625 0.0203125 0.076171875
1 0.05859375 0.48828125 0.0203125 0.06640625
1 0.1125 0.5 0.009375 0.04296875
1 0.12890625 0.494140625 0.0109375 0.0234375
1 0.146875 0.4775390625 0.0125 0.025390625
1 0.55078125 0.4599609375 0.0109375 0.041015625
1 0.59140625 0.4716796875 0.0234375 0.072265625
1 0.61796875 0.4638671875 0.0296875 0.080078125
1 0.63515625 0.46484375 0.0171875 0.06640625
1 0.80390625 0.5185546875 0.0671875 0.224609375
1 0.87421875 0.4970703125 0.0703125 0.228515625
1 0.978125 0.51953125 0.040625 0.34375
3 0.9375 0.4296875 0.09375 0.08984375
3 0.621875 0.455078125 0.125 0.06640625
