12 0.4890625 0.3916015625 0.009375 0.025390625
12 0.315625 0.4228515625 0.00625 0.013671875
1 0.5078125 0.5107421875 0.05 0.189453125
1 0.36015625 0.478515625 0.0203125 0.109375
1 0.09453125 0.494140625 0.0703125 0.203125
2 0.1734375 0.486328125 0.021875 0.05078125
2 0.20703125 0.486328125 0.0203125 0.04296875
79 0.925 0.46875 0.146875 0.5390625
3 0.80703125 0.5224609375 0.1421875 0.263671875
3 0.71953125 0.5146484375 0.1328125 0.189453125
3 0.65859375 0.501953125 0.1296875 0.16796875
3 0.57421875 0.51171875 0.0828125 0.12109375
3 0.53671875 0.48828125 0.1578125 0.109375
3 0.4515625 0.4912109375 0.05 0.087890625
3 0.42421875 0.48046875 0.1109375 0.0859375
3 0.02890625 0.470703125 0.0578125 0.18359375
3 0.34453125 0.4765625 0.0703125 0.0625
3 0.296875 0.4755859375 0.053125 0.052734375
3 0.2625 0.4736328125 0.04375 0.044921875
1 0.1734375 0.470703125 0.021875 0.06640625
1 0.20625 0.46875 0.021875 0.0625
