10 0.23359375 0.2666015625 0.0140625 0.041015625
10 0.35 0.2744140625 0.015625 0.044921875
10 0.515625 0.373046875 0.009375 0.03515625
10 0.71171875 0.357421875 0.0109375 0.03515625
10 0.7140625 0.4033203125 0.009375 0.017578125
10 0.73828125 0.40234375 0.0140625 0.015625
10 0.98828125 0.095703125 0.0203125 0.08984375
10 0.7765625 0.0859375 0.06875 0.171875
12 0.25859375 0.2626953125 0.0140625 0.017578125
12 0.509375 0.3154296875 0.01875 0.013671875
12 0.80234375 0.3623046875 0.0265625 0.044921875
1 0.184375 0.4375 0.040625 0.09765625
1 0.58125 0.4580078125 0.015625 0.060546875
1 0.54765625 0.45703125 0.0171875 0.046875
1 0.559375 0.4609375 0.009375 0.03515625
1 0.64140625 0.44921875 0.0109375 0.046875
1 0.94453125 0.4619140625 0.0640625 0.173828125
1 0.96171875 0.4580078125 0.0734375 0.193359375
3 0.06875 0.47265625 0.1375 0.0859375
3 0.35703125 0.6220703125 0.5046875 0.462890625
3 0.82265625 0.458984375 0.1359375 0.07421875
3 0.93984375 0.4619140625 0.1171875 0.103515625
