1 0.39765625 0.482421875 0.0203125 0.05859375
1 0.37578125 0.482421875 0.0203125 0.0546875
3 0.83984375 0.6630859375 0.3171875 0.595703125
3 0.7015625 0.5712890625 0.171875 0.267578125
3 0.60390625 0.4970703125 0.0671875 0.076171875
3 0.4859375 0.47265625 0.034375 0.0234375
3 0.1515625 0.4970703125 0.165625 0.134765625
3 0.27421875 0.4970703125 0.0828125 0.072265625
3 0.31875 0.486328125 0.05625 0.0703125
3 0.3546875 0.4853515625 0.0375 0.044921875
3 0.40234375 0.4697265625 0.0390625 0.033203125
3 0.0328125 0.640625 0.065625 0.24609375
1 0.55234375 0.517578125 0.0609375 0.17578125
1 0.521875 0.4892578125 0.028125 0.107421875
79 0.5484375 0.6044921875 0.021875 0.017578125
79 0.52265625 0.5458984375 0.0140625 0.009765625
