10 0.4984375 0.3857421875 0.00625 0.013671875
10 0.5359375 0.3896484375 0.003125 0.009765625
12 0.471875 0.37890625 0.025 0.015625
1 0.3609375 0.419921875 0.00625 0.03515625
1 0.365625 0.4208984375 0.00625 0.033203125
1 0.36953125 0.4189453125 0.0078125 0.041015625
1 0.3796875 0.419921875 0.0125 0.04296875
1 0.415625 0.412109375 0.00625 0.02734375
1 0.42578125 0.4130859375 0.0078125 0.025390625
1 0.46953125 0.4150390625 0.0078125 0.025390625
1 0.52109375 0.4140625 0.0078125 0.01953125
8 0.65234375 0.3896484375 0.1890625 0.267578125
3 0.75078125 0.439453125 0.0265625 0.07421875
3 0.78046875 0.443359375 0.0609375 0.078125
3 0.81953125 0.4560546875 0.0734375 0.091796875
3 0.909375 0.4658203125 0.15 0.130859375
3 0.97421875 0.4873046875 0.0484375 0.126953125
