10 0.06875 0.3720703125 0.0125 0.041015625
10 0.09296875 0.4111328125 0.0140625 0.017578125
10 0.5265625 0.353515625 0.0125 0.0390625
10 0.525 0.39453125 0.0125 0.015625
10 0.690625 0.3330078125 0.0125 0.041015625
10 0.6984375 0.3837890625 0.0125 0.017578125
10 0.63984375 0.2998046875 0.0453125 0.048828125
12 0.49375 0.3935546875 0.009375 0.017578125
12 0.73203125 0.3720703125 0.0296875 0.009765625
12 0.6953125 0.3662109375 0.0125 0.013671875
12 0.65234375 0.2568359375 0.0140625 0.033203125
12 0.6359375 0.19921875 0.0375 0.078125
1 0.5125 0.455078125 0.015625 0.0625
1 0.46875 0.4658203125 0.028125 0.068359375
1 0.43828125 0.466796875 0.0234375 0.0703125
1 0.4234375 0.443359375 0.009375 0.02734375
1 0.40859375 0.44140625 0.0171875 0.02734375
3 0.21640625 0.46875 0.0546875 0.046875
3 0.3359375 0.48046875 0.203125 0.08203125
3 0.0484375 0.515625 0.096875 0.09765625
3 0.46953125 0.4609375 0.0390625 0.0390625
11 0.5171875 0.470703125 0.00625 0.03125
