10 0.3703125 0.4541015625 0.00625 0.025390625
10 0.4140625 0.40234375 0.0125 0.0234375
10 0.45859375 0.412109375 0.0109375 0.01953125
10 0.49375 0.4140625 0.00625 0.015625
10 0.32421875 0.4501953125 0.0078125 0.021484375
12 0.40078125 0.4833984375 0.0046875 0.005859375
12 0.35546875 0.4287109375 0.0328125 0.009765625
12 0.3453125 0.4580078125 0.00625 0.005859375
12 0.3453125 0.4619140625 0.003125 0.001953125
12 0.39921875 0.400390625 0.0078125 0.01171875
12 0.47421875 0.4111328125 0.0078125 0.013671875
12 0.51328125 0.4296875 0.0234375 0.0078125
12 0.553125 0.4287109375 0.00625 0.025390625
12 0.56953125 0.435546875 0.0140625 0.01171875
12 0.5921875 0.423828125 0.009375 0.01953125
12 0.70546875 0.3525390625 0.0640625 0.060546875
12 0.70703125 0.388671875 0.0234375 0.01171875
12 0.975 0.2138671875 0.046875 0.115234375
12 0.98203125 0.294921875 0.0328125 0.046875
1 0.003125 0.5009765625 0.00625 0.056640625
1 0.01875 0.5 0.01875 0.078125
1 0.028125 0.501953125 0.009375 0.06640625
1 0.03828125 0.5 0.0171875 0.07421875
1 0.04921875 0.498046875 0.0140625 0.0703125
1 0.06484375 0.498046875 0.0203125 0.06640625
1 0.07734375 0.4951171875 0.0171875 0.068359375
1 0.09375 0.49609375 0.015625 0.05078125
1 0.1203125 0.4931640625 0.0125 0.048828125
1 0.1375 0.5009765625 0.0125 0.044921875
1 0.13046875 0.4921875 0.0109375 0.046875
1 0.1515625 0.494140625 0.0125 0.04296875
1 0.16171875 0.4951171875 0.0140625 0.052734375
1 0.17578125 0.494140625 0.0171875 0.05078125
1 0.190625 0.4921875 0.015625 0.046875
1 0.2046875 0.4921875 0.015625 0.046875
1 0.2171875 0.490234375 0.0125 0.05078125
1 0.2390625 0.4921875 0.0125 0.03515625
1 0.25078125 0.4892578125 0.0109375 0.037109375
1 0.2609375 0.4912109375 0.0125 0.033203125
1 0.2765625 0.4921875 0.009375 0.02734375
1 0.28671875 0.4892578125 0.0109375 0.033203125
1 0.328125 0.490234375 0.00625 0.0234375
1 0.309375 0.48828125 0.00625 0.0234375
1 0.64375 0.455078125 0.009375 0.02734375
1 0.65703125 0.458984375 0.0078125 0.02734375
8 0.4796875 0.470703125 0.0375 0.0625
3 0.37734375 0.486328125 0.0359375 0.0390625
3 0.534375 0.4951171875 0.10625 0.107421875
3 0.453125 0.4892578125 0.015625 0.021484375
3 0.4390625 0.4931640625 0.0125 0.013671875
