2 0.5265625 0.5302734375 0.0375 0.083984375
2 0.57734375 0.5380859375 0.0328125 0.076171875
4 0.69765625 0.54296875 0.0859375 0.1328125
3 0.49296875 0.4755859375 0.0078125 0.013671875
3 0.49921875 0.4755859375 0.0078125 0.013671875
3 0.4765625 0.474609375 0.015625 0.015625
3 0.4421875 0.4765625 0.03125 0.0390625
3 0.459375 0.4775390625 0.015625 0.029296875
3 0.43515625 0.4814453125 0.0265625 0.037109375
3 0.40703125 0.4833984375 0.0453125 0.052734375
3 0.38203125 0.490234375 0.0453125 0.05078125
3 0.32734375 0.498046875 0.0765625 0.08984375
3 0.26015625 0.45703125 0.0703125 0.02734375
3 0.2375 0.5185546875 0.140625 0.107421875
3 0.02734375 0.466796875 0.0546875 0.0625
3 0.0359375 0.5703125 0.071875 0.19140625
3 0.81484375 0.5966796875 0.2359375 0.193359375
3 0.6828125 0.53125 0.109375 0.1015625
3 0.640625 0.505859375 0.084375 0.09765625
3 0.6015625 0.48046875 0.015625 0.015625
3 0.56328125 0.4853515625 0.0171875 0.029296875
3 0.55546875 0.48046875 0.0203125 0.02734375
1 0.52578125 0.5 0.0390625 0.1171875
1 0.57890625 0.5078125 0.0390625 0.11328125
