12 0.7625 0.3974609375 0.015625 0.013671875
12 0.7625 0.412109375 0.015625 0.01171875
12 0.76328125 0.4248046875 0.0140625 0.013671875
12 0.79765625 0.4140625 0.0234375 0.03125
1 0.97265625 0.55078125 0.0515625 0.25390625
1 0.8828125 0.54296875 0.046875 0.17578125
1 0.09375 0.5556640625 0.025 0.087890625
1 0.0953125 0.5478515625 0.01875 0.083984375
1 0.03203125 0.6396484375 0.0640625 0.275390625
1 0.0609375 0.587890625 0.05625 0.15625
1 0.03984375 0.611328125 0.0734375 0.234375
1 0.12265625 0.5439453125 0.0234375 0.091796875
1 0.125 0.55078125 0.021875 0.08203125
1 0.19296875 0.6064453125 0.0453125 0.173828125
1 0.85625 0.6259765625 0.159375 0.322265625
1 0.95 0.4599609375 0.0125 0.060546875
1 0.740625 0.611328125 0.10625 0.3203125
1 0.66875 0.587890625 0.090625 0.34375
1 0.5421875 0.6005859375 0.13125 0.271484375
1 0.628125 0.5947265625 0.05625 0.240234375
1 0.603125 0.5712890625 0.065625 0.232421875
1 0.57578125 0.5732421875 0.0296875 0.244140625
1 0.4703125 0.5869140625 0.075 0.228515625
1 0.45078125 0.5712890625 0.0546875 0.193359375
1 0.5109375 0.5703125 0.053125 0.20703125
1 0.41015625 0.5888671875 0.0921875 0.224609375
1 0.38828125 0.6220703125 0.1359375 0.267578125
1 0.325 0.5810546875 0.065625 0.232421875
1 0.27890625 0.642578125 0.0578125 0.27734375
1 0.240625 0.6142578125 0.053125 0.236328125
1 0.24453125 0.5888671875 0.0578125 0.205078125
1 0.40546875 0.478515625 0.0078125 0.015625
1 0.41875 0.4833984375 0.009375 0.009765625
1 0.7859375 0.462890625 0.0125 0.03515625
3 0.4140625 0.5107421875 0.0375 0.052734375
3 0.63671875 0.4853515625 0.0265625 0.025390625
3 0.62890625 0.4716796875 0.0171875 0.009765625
3 0.7359375 0.4921875 0.071875 0.0703125
3 0.6734375 0.474609375 0.015625 0.0234375
