10 0.74375 0.4892578125 0.009375 0.009765625
10 0.796875 0.478515625 0.0125 0.015625
10 0.74375 0.4384765625 0.009375 0.033203125
10 0.2390625 0.453125 0.0125 0.03125
10 0.240625 0.4990234375 0.009375 0.013671875
12 0.9328125 0.427734375 0.121875 0.04296875
12 0.8078125 0.330078125 0.0625 0.0234375
1 0.47421875 0.51953125 0.0078125 0.03515625
1 0.48203125 0.5185546875 0.0078125 0.037109375
1 0.66015625 0.5341796875 0.0171875 0.068359375
1 0.6828125 0.537109375 0.01875 0.0625
1 0.7 0.5361328125 0.0125 0.056640625
1 0.71640625 0.5361328125 0.0203125 0.068359375
1 0.2609375 0.5224609375 0.009375 0.025390625
8 0.38671875 0.494140625 0.0359375 0.05859375
3 0.4265625 0.6298828125 0.146875 0.158203125
3 0.415625 0.541015625 0.0625 0.0390625
