10 0.6390625 0.33203125 0.034375 0.04296875
10 0.36484375 0.1728515625 0.0359375 0.048828125
10 0.21015625 0.1748046875 0.0328125 0.044921875
10 0.615625 0.3349609375 0.0125 0.033203125
10 0.63671875 0.3837890625 0.0109375 0.025390625
10 0.11171875 0.140625 0.0359375 0.046875
10 0.3984375 0.4072265625 0.003125 0.009765625
10 0.37734375 0.3994140625 0.0046875 0.013671875
10 0.33359375 0.4052734375 0.0046875 0.013671875
10 0.340625 0.4462890625 0.003125 0.009765625
12 0.83203125 0.296875 0.0546875 0.09765625
12 0.41796875 0.177734375 0.0234375 0.04296875
12 0.2546875 0.1826171875 0.021875 0.044921875
12 0.0421875 0.1494140625 0.025 0.052734375
12 0.58125 0.4453125 0.009375 0.01953125
12 0.40625 0.408203125 0.00625 0.0078125
12 0.36796875 0.4013671875 0.0078125 0.009765625
12 0.365625 0.453125 0.00625 0.0078125
3 0.96640625 0.43359375 0.0515625 0.01953125
3 0.93828125 0.4296875 0.0453125 0.02734375
3 0.47890625 0.4990234375 0.1796875 0.197265625
3 0.38203125 0.466796875 0.0328125 0.02734375
3 0.35390625 0.47265625 0.0234375 0.01171875
3 0.31796875 0.47265625 0.0109375 0.0078125
3 0.22109375 0.48046875 0.0359375 0.04296875
3 0.1953125 0.484375 0.034375 0.046875
3 0.15234375 0.486328125 0.0703125 0.0546875
3 0.0921875 0.4892578125 0.071875 0.064453125
3 0.028125 0.5 0.05625 0.05078125
79 0.27109375 0.4619140625 0.0671875 0.083984375
