2 0.265625 0.6845703125 0.10625 0.181640625
2 0.45 0.48828125 0.021875 0.0390625
3 0.115625 0.5966796875 0.23125 0.193359375
3 0.240625 0.533203125 0.128125 0.11328125
3 0.34375 0.4990234375 0.084375 0.091796875
3 0.37734375 0.482421875 0.0546875 0.07421875
3 0.40625 0.474609375 0.028125 0.0625
3 0.4140625 0.466796875 0.05 0.0625
3 0.45234375 0.46875 0.0265625 0.046875
3 0.478125 0.451171875 0.03125 0.03125
3 0.4984375 0.447265625 0.021875 0.02734375
3 0.5078125 0.4423828125 0.025 0.029296875
3 0.51953125 0.4443359375 0.0109375 0.021484375
3 0.5296875 0.44140625 0.015625 0.01953125
3 0.5375 0.4404296875 0.0125 0.017578125
3 0.54375 0.4404296875 0.0125 0.017578125
3 0.5515625 0.439453125 0.0125 0.015625
3 0.5609375 0.4375 0.015625 0.015625
3 0.57109375 0.4365234375 0.0078125 0.013671875
3 0.575 0.43359375 0.0125 0.015625
3 0.58515625 0.4326171875 0.0140625 0.013671875
3 0.59140625 0.4541015625 0.0296875 0.029296875
3 0.603125 0.4443359375 0.028125 0.029296875
3 0.62578125 0.4296875 0.0140625 0.02734375
3 0.6265625 0.4482421875 0.025 0.017578125
3 0.60703125 0.4853515625 0.0328125 0.052734375
3 0.63984375 0.4833984375 0.0765625 0.064453125
79 0.71015625 0.4365234375 0.0453125 0.029296875
3 0.67890625 0.4384765625 0.0203125 0.025390625
3 0.65078125 0.5068359375 0.0703125 0.076171875
3 0.70390625 0.5234375 0.1078125 0.1015625
3 0.86484375 0.62109375 0.2671875 0.265625
1 0.4515625 0.474609375 0.021875 0.05859375
1 0.94375 0.751953125 0.109375 0.44921875
1 0.2734375 0.603515625 0.103125 0.234375
79 0.94140625 0.9609375 0.0890625 0.07421875
