1 0.7921875 0.5380859375 0.065625 0.232421875
2 0.33671875 0.5546875 0.0515625 0.1328125
2 0.35859375 0.505859375 0.0203125 0.0546875
3 0.075 0.552734375 0.15 0.21875
3 0.08046875 0.5068359375 0.1609375 0.212890625
3 0.171875 0.5224609375 0.06875 0.130859375
3 0.2015625 0.4990234375 0.14375 0.138671875
3 0.46015625 0.484375 0.1171875 0.1484375
3 0.940625 0.56640625 0.115625 0.21875
3 0.88359375 0.501953125 0.2296875 0.23046875
3 0.71796875 0.5234375 0.1453125 0.16015625
3 0.6984375 0.490234375 0.15 0.109375
3 0.615625 0.48828125 0.140625 0.11328125
1 0.33828125 0.5048828125 0.0578125 0.185546875
1 0.3671875 0.48046875 0.040625 0.0859375
