1 0.1609375 0.4423828125 0.0375 0.056640625
1 0.62578125 0.458984375 0.0109375 0.03515625
1 0.65078125 0.4736328125 0.0140625 0.044921875
1 0.35546875 0.431640625 0.0109375 0.015625
3 0.09140625 0.560546875 0.1828125 0.20703125
3 0.24765625 0.4375 0.1234375 0.03515625
3 0.215625 0.525390625 0.146875 0.140625
3 0.2953125 0.5068359375 0.075 0.103515625
3 0.3390625 0.4873046875 0.084375 0.099609375
3 0.3828125 0.4833984375 0.04375 0.080078125
3 0.4078125 0.4755859375 0.034375 0.068359375
3 0.44921875 0.4609375 0.0453125 0.046875
3 0.47734375 0.45703125 0.0234375 0.03125
3 0.478125 0.453125 0.028125 0.03125
3 0.48203125 0.4501953125 0.0296875 0.033203125
3 0.49765625 0.4501953125 0.0109375 0.021484375
3 0.50234375 0.44921875 0.0109375 0.01953125
3 0.5046875 0.4482421875 0.009375 0.017578125
3 0.51015625 0.4443359375 0.0140625 0.021484375
3 0.52265625 0.4443359375 0.0109375 0.013671875
3 0.53046875 0.4453125 0.0046875 0.0078125
3 0.53125 0.443359375 0.00625 0.0078125
3 0.93125 0.501953125 0.075 0.1328125
3 0.8640625 0.5068359375 0.096875 0.091796875
3 0.8375 0.490234375 0.153125 0.1015625
3 0.77890625 0.494140625 0.0734375 0.08203125
3 0.74453125 0.4794921875 0.0671875 0.060546875
3 0.67421875 0.4736328125 0.0390625 0.044921875
3 0.653125 0.458984375 0.040625 0.03515625
3 0.59375 0.453125 0.03125 0.03515625
3 0.57578125 0.44921875 0.0078125 0.01953125
3 0.58125 0.4501953125 0.0125 0.021484375
3 0.56796875 0.447265625 0.0109375 0.01171875
3 0.5625 0.4453125 0.00625 0.01171875
1 0.96484375 0.5859375 0.0671875 0.3203125
1 0.7140625 0.5234375 0.04375 0.16015625
1 0.69140625 0.50390625 0.0203125 0.1328125
