10 0.48125 0.41015625 0.003125 0.0078125
10 0.4609375 0.4091796875 0.003125 0.009765625
12 0.878125 0.310546875 0.059375 0.05078125
12 0.87734375 0.3671875 0.0265625 0.0625
1 0.58515625 0.44140625 0.0078125 0.02734375
3 0.878125 0.4130859375 0.025 0.025390625
3 0.90390625 0.4150390625 0.0265625 0.029296875
3 0.434375 0.419921875 0.009375 0.0078125
3 0.44296875 0.419921875 0.0078125 0.0078125
3 0.44140625 0.4404296875 0.0078125 0.009765625
3 0.425 0.447265625 0.009375 0.0078125
3 0.4703125 0.4462890625 0.009375 0.009765625
3 0.37109375 0.4580078125 0.0234375 0.021484375
3 0.3078125 0.4697265625 0.028125 0.029296875
3 0.02265625 0.509765625 0.0453125 0.0625
3 0.06875 0.5078125 0.1125 0.07421875
3 0.21328125 0.4794921875 0.0609375 0.056640625
3 0.9296875 0.4111328125 0.028125 0.021484375
3 0.6671875 0.4453125 0.0375 0.03125
