10 0.85625 0.2685546875 0.0375 0.072265625
10 0.84140625 0.0810546875 0.0390625 0.150390625
10 0.79453125 0.107421875 0.0328125 0.12890625
10 0.6015625 0.326171875 0.015625 0.05859375
10 0.58828125 0.330078125 0.0109375 0.046875
10 0.38671875 0.1630859375 0.0140625 0.060546875
10 0.22890625 0.1494140625 0.0171875 0.060546875
12 0.60703125 0.2353515625 0.0734375 0.021484375
12 0.5484375 0.466796875 0.028125 0.03515625
12 0.50625 0.4345703125 0.00625 0.009765625
12 0.06328125 0.4580078125 0.0046875 0.013671875
12 0.0640625 0.4306640625 0.00625 0.009765625
12 0.8546875 0.2001953125 0.03125 0.044921875
1 0.853125 0.5322265625 0.0875 0.302734375
1 0.78359375 0.4599609375 0.0046875 0.021484375
3 0.52421875 0.466796875 0.0234375 0.02734375
3 0.2421875 0.46875 0.015625 0.015625
3 0.10703125 0.4755859375 0.0546875 0.025390625
