10 0.57890625 0.271484375 0.0203125 0.06640625
12 0.57578125 0.3466796875 0.0390625 0.064453125
1 0.96640625 0.451171875 0.0546875 0.14453125
1 0.98125 0.443359375 0.034375 0.1328125
1 0.93359375 0.44921875 0.0296875 0.13671875
1 0.9078125 0.4443359375 0.040625 0.126953125
1 0.87421875 0.4541015625 0.0453125 0.142578125
1 0.85234375 0.4482421875 0.0328125 0.130859375
1 0.81171875 0.455078125 0.0390625 0.1328125
1 0.78984375 0.44921875 0.0265625 0.12109375
1 0.746875 0.44921875 0.0375 0.1328125
1 0.721875 0.4501953125 0.03125 0.119140625
1 0.51796875 0.439453125 0.0140625 0.03515625
1 0.37890625 0.443359375 0.0046875 0.01953125
1 0.6953125 0.439453125 0.0125 0.06640625
1 0.275 0.4345703125 0.0125 0.025390625
3 0.33359375 0.443359375 0.0171875 0.015625
3 0.35859375 0.4423828125 0.0171875 0.013671875
3 0.3703125 0.4423828125 0.009375 0.013671875
3 0.38671875 0.44140625 0.0109375 0.01171875
3 0.39453125 0.443359375 0.0109375 0.015625
