10 0.59921875 0.326171875 0.0140625 0.0546875
10 0.5875 0.330078125 0.0125 0.05078125
10 0.84765625 0.267578125 0.0390625 0.0703125
10 0.8328125 0.0859375 0.034375 0.140625
10 0.78828125 0.11328125 0.0421875 0.12890625
10 0.3859375 0.1640625 0.015625 0.05859375
10 0.23046875 0.1494140625 0.0140625 0.056640625
10 0.48125 0.43359375 0.003125 0.0078125
10 0.4640625 0.431640625 0.003125 0.0078125
12 0.84609375 0.201171875 0.0328125 0.046875
12 0.60625 0.2353515625 0.075 0.021484375
12 0.54765625 0.4638671875 0.0234375 0.033203125
12 0.50625 0.4326171875 0.00625 0.009765625
12 0.41484375 0.439453125 0.0078125 0.00390625
1 0.8421875 0.5556640625 0.121875 0.337890625
1 0.7375 0.45703125 0.00625 0.01953125
8 0.27265625 0.443359375 0.1015625 0.1015625
3 0.5234375 0.4658203125 0.021875 0.025390625
3 0.465625 0.4599609375 0.0125 0.017578125
3 0.11640625 0.4697265625 0.0359375 0.025390625
3 0.478125 0.4619140625 0.0125 0.017578125
