1 0.690625 0.466796875 0.01875 0.06640625
1 0.6703125 0.4658203125 0.021875 0.072265625
1 0.67734375 0.4697265625 0.0140625 0.064453125
1 0.6453125 0.4697265625 0.021875 0.064453125
1 0.58359375 0.443359375 0.0109375 0.0234375
1 0.54375 0.443359375 0.009375 0.0234375
1 0.1875 0.4794921875 0.015625 0.056640625
1 0.165625 0.478515625 0.015625 0.05859375
3 0.915625 0.5009765625 0.165625 0.068359375
3 0.6203125 0.4619140625 0.059375 0.044921875
3 0.6765625 0.4658203125 0.090625 0.052734375
3 0.56640625 0.478515625 0.1171875 0.0546875
3 0.3515625 0.513671875 0.115625 0.078125
3 0.3046875 0.4775390625 0.046875 0.048828125
3 0.234375 0.474609375 0.053125 0.06640625
3 0.42109375 0.474609375 0.0453125 0.04296875
2 0.97734375 0.5634765625 0.0421875 0.080078125
12 0.85625 0.31640625 0.065625 0.09375
