12 0.8390625 0.4775390625 0.08125 0.138671875
12 0.76484375 0.478515625 0.0671875 0.12890625
12 0.62265625 0.494140625 0.0296875 0.0625
12 0.5953125 0.4921875 0.025 0.0625
8 0.3875 0.4765625 0.071875 0.09765625
8 0.1359375 0.4599609375 0.11875 0.095703125
8 0.29296875 0.48046875 0.0171875 0.03125
8 0.31484375 0.4794921875 0.0328125 0.041015625
8 0.215625 0.4765625 0.028125 0.05078125
3 0.11640625 0.6259765625 0.2328125 0.251953125
3 0.4390625 0.556640625 0.109375 0.11328125
3 0.0234375 0.4921875 0.046875 0.04296875
3 0.2 0.509765625 0.059375 0.0625
3 0.25078125 0.4990234375 0.0265625 0.029296875
3 0.31875 0.4990234375 0.034375 0.037109375
