6 0.25625 0.5341796875 0.096875 0.068359375
10 0.15703125 0.2998046875 0.0296875 0.103515625
10 0.1765625 0.294921875 0.0125 0.08984375
10 0.15625 0.537109375 0.015625 0.0546875
10 0.32421875 0.4951171875 0.0046875 0.013671875
10 0.36171875 0.490234375 0.0046875 0.015625
10 0.5671875 0.466796875 0.009375 0.02734375
10 0.95 0.5087890625 0.0125 0.025390625
10 0.96484375 0.390625 0.0265625 0.08203125
10 0.96796875 0.5615234375 0.0140625 0.041015625
12 0.31640625 0.4853515625 0.0203125 0.005859375
12 0.353125 0.4794921875 0.025 0.005859375
12 0.55078125 0.4453125 0.0421875 0.01171875
12 0.76796875 0.447265625 0.0359375 0.046875
12 0.76796875 0.4794921875 0.0265625 0.013671875
12 0.76875 0.5 0.028125 0.02734375
12 0.3125 0.4658203125 0.01875 0.025390625
1 0.01171875 0.572265625 0.0234375 0.15625
1 0.028125 0.5400390625 0.00625 0.029296875
1 0.0359375 0.5400390625 0.00625 0.029296875
1 0.05546875 0.5361328125 0.0109375 0.041015625
1 0.0921875 0.595703125 0.053125 0.21875
1 0.125 0.587890625 0.034375 0.1640625
1 0.425 0.5634765625 0.01875 0.064453125
1 0.47109375 0.564453125 0.0140625 0.06640625
1 0.48125 0.5654296875 0.009375 0.064453125
1 0.68046875 0.5830078125 0.0296875 0.095703125
1 0.71328125 0.59375 0.0296875 0.0859375
1 0.7328125 0.595703125 0.03125 0.1015625
1 0.7578125 0.6025390625 0.021875 0.099609375
1 0.8828125 0.625 0.040625 0.13671875
1 0.38828125 0.53515625 0.0140625 0.01953125
1 0.04296875 0.5380859375 0.0078125 0.029296875
4 0.178125 0.5634765625 0.021875 0.044921875
4 0.2140625 0.5595703125 0.025 0.041015625
4 0.2421875 0.5615234375 0.015625 0.029296875
3 0.1984375 0.55078125 0.01875 0.03515625
3 0.275 0.56640625 0.04375 0.0546875
3 0.33984375 0.6005859375 0.1421875 0.134765625
1 0.17890625 0.5546875 0.0203125 0.05078125
1 0.21171875 0.546875 0.0203125 0.046875
1 0.24296875 0.5556640625 0.0109375 0.033203125
