10 0.24765625 0.2294921875 0.0234375 0.095703125
10 0.2484375 0.3388671875 0.03125 0.037109375
10 0.571875 0.3056640625 0.03125 0.041015625
10 0.56484375 0.173828125 0.0328125 0.11328125
12 0.21328125 0.2373046875 0.0234375 0.064453125
12 0.2265625 0.30078125 0.0625 0.02734375
12 0.65703125 0.2333984375 0.0859375 0.029296875
12 0.09765625 0.392578125 0.0203125 0.0234375
1 0.29609375 0.474609375 0.0453125 0.1484375
1 0.4640625 0.50390625 0.05 0.22265625
1 0.5328125 0.4921875 0.06875 0.2421875
1 0.6375 0.501953125 0.084375 0.32421875
1 0.95390625 0.5029296875 0.0890625 0.474609375
3 0.91796875 0.4228515625 0.0671875 0.056640625
3 0.8359375 0.4501953125 0.06875 0.029296875
3 0.709375 0.4580078125 0.0875 0.048828125
3 0.3875 0.44140625 0.140625 0.0625
