6 0.81875 0.42578125 0.2625 0.11328125
6 0.43203125 0.453125 0.1015625 0.04296875
6 0.5140625 0.4462890625 0.05625 0.080078125
1 0.11953125 0.4931640625 0.0234375 0.064453125
1 0.13984375 0.4921875 0.0171875 0.0625
1 0.37265625 0.4658203125 0.0046875 0.021484375
1 0.3796875 0.46484375 0.00625 0.0234375
1 0.3765625 0.4658203125 0.00625 0.021484375
1 0.659375 0.466796875 0.03125 0.10546875
1 0.6265625 0.4775390625 0.028125 0.087890625
1 0.61484375 0.4609375 0.0171875 0.0625
1 0.63984375 0.4541015625 0.0109375 0.044921875
1 0.55 0.4599609375 0.0125 0.041015625
1 0.5578125 0.4521484375 0.00625 0.029296875
1 0.58046875 0.4638671875 0.0140625 0.056640625
1 0.575 0.458984375 0.00625 0.04296875
1 0.6 0.4658203125 0.0125 0.056640625
1 0.59453125 0.462890625 0.0109375 0.0546875
1 0.590625 0.4541015625 0.009375 0.037109375
1 0.440625 0.4609375 0.009375 0.0234375
3 0.825 0.5390625 0.346875 0.21875
3 0.85078125 0.419921875 0.1453125 0.05859375
3 0.77109375 0.4404296875 0.1234375 0.080078125
3 0.471875 0.462890625 0.028125 0.0234375
3 0.4546875 0.4638671875 0.021875 0.025390625
11 0.340625 0.478515625 0.00625 0.0234375
