12 0.56484375 0.392578125 0.0203125 0.03125
12 0.0765625 0.4248046875 0.021875 0.029296875
12 0.48359375 0.4140625 0.0109375 0.01171875
3 0.09765625 0.4794921875 0.1140625 0.064453125
3 0.2203125 0.4912109375 0.075 0.072265625
3 0.35078125 0.470703125 0.0921875 0.04296875
3 0.46171875 0.458984375 0.0328125 0.03515625
3 0.471875 0.4365234375 0.021875 0.025390625
3 0.5 0.421875 0.01875 0.015625
3 0.5125 0.408203125 0.015625 0.015625
3 0.37578125 0.4375 0.0265625 0.0234375
3 0.32265625 0.4599609375 0.0546875 0.044921875
3 0.171875 0.4755859375 0.0375 0.041015625
3 0.46875 0.380859375 0.015625 0.01953125
3 0.4796875 0.373046875 0.009375 0.01171875
3 0.4890625 0.3623046875 0.009375 0.009765625
3 0.98203125 0.4404296875 0.0328125 0.060546875
