1 0.15390625 0.4775390625 0.0828125 0.146484375
1 0.2578125 0.4345703125 0.034375 0.068359375
3 0.03828125 0.533203125 0.0765625 0.19921875
3 0.11015625 0.47265625 0.2203125 0.2265625
3 0.23671875 0.5107421875 0.0921875 0.134765625
3 0.30234375 0.490234375 0.1484375 0.13671875
3 0.51171875 0.50390625 0.2453125 0.26953125
3 0.93671875 0.5458984375 0.1234375 0.205078125
3 0.8734375 0.4931640625 0.25 0.208984375
3 0.73203125 0.515625 0.0578125 0.11328125
3 0.70546875 0.4951171875 0.1203125 0.095703125
3 0.6734375 0.478515625 0.115625 0.09375
