12 0.44921875 0.439453125 0.0046875 0.0078125
1 0.5890625 0.466796875 0.009375 0.0234375
1 0.4859375 0.4619140625 0.00625 0.017578125
2 0.6125 0.48828125 0.01875 0.0234375
3 0.75078125 0.4853515625 0.0359375 0.025390625
3 0.48046875 0.4609375 0.0078125 0.0078125
3 0.4640625 0.4599609375 0.015625 0.013671875
3 0.45078125 0.46484375 0.0109375 0.01953125
3 0.43828125 0.46484375 0.0171875 0.0234375
3 0.42265625 0.4677734375 0.0203125 0.021484375
3 0.36875 0.474609375 0.025 0.046875
3 0.3328125 0.4716796875 0.05625 0.060546875
3 0.3078125 0.48046875 0.046875 0.046875
3 0.2578125 0.4931640625 0.059375 0.072265625
3 0.18359375 0.5009765625 0.1265625 0.083984375
1 0.6140625 0.478515625 0.015625 0.03125
11 0.57578125 0.4794921875 0.0046875 0.013671875
