6 0.4328125 0.37109375 0.03125 0.015625
6 0.46875 0.3974609375 0.021875 0.021484375
1 0.0390625 0.5029296875 0.078125 0.318359375
1 0.1890625 0.423828125 0.03125 0.08984375
1 0.22421875 0.3955078125 0.0171875 0.037109375
1 0.27734375 0.388671875 0.0140625 0.0234375
1 0.31640625 0.3935546875 0.0171875 0.021484375
1 0.33828125 0.400390625 0.0078125 0.015625
1 0.80234375 0.4296875 0.0171875 0.05078125
8 0.5515625 0.3984375 0.1375 0.21875
8 0.49140625 0.3876953125 0.0234375 0.119140625
8 0.43359375 0.4052734375 0.0421875 0.056640625
3 0.3140625 0.4619140625 0.25 0.130859375
3 0.6375 0.439453125 0.053125 0.0703125
3 0.47421875 0.419921875 0.0171875 0.03125
3 0.46015625 0.412109375 0.0140625 0.0234375
