6 0.4390625 0.4697265625 0.028125 0.041015625
10 0.678125 0.3154296875 0.021875 0.068359375
10 0.528125 0.396484375 0.009375 0.02734375
10 0.16875 0.400390625 0.00625 0.0234375
12 0.6671875 0.3701171875 0.0125 0.037109375
12 0.525 0.4248046875 0.015625 0.025390625
12 0.209375 0.41796875 0.00625 0.015625
12 0.17265625 0.4296875 0.0140625 0.0234375
1 0.946875 0.498046875 0.04375 0.18359375
1 0.98203125 0.474609375 0.0328125 0.21484375
3 0.38984375 0.4716796875 0.0078125 0.009765625
3 0.3796875 0.4697265625 0.009375 0.009765625
3 0.3734375 0.4736328125 0.0125 0.013671875
3 0.34453125 0.4794921875 0.0140625 0.017578125
3 0.40546875 0.4775390625 0.0109375 0.013671875
3 0.29375 0.46875 0.05625 0.0625
