12 0.1765625 0.408203125 0.003125 0.0234375
12 0.60625 0.345703125 0.01875 0.03515625
1 0.8421875 0.490234375 0.028125 0.109375
1 0.91328125 0.466796875 0.0265625 0.04296875
1 0.93671875 0.4638671875 0.0265625 0.048828125
1 0.98203125 0.462890625 0.0328125 0.0546875
1 0.73671875 0.4658203125 0.0171875 0.044921875
1 0.28828125 0.4638671875 0.0046875 0.013671875
2 0.803125 0.568359375 0.08125 0.18359375
2 0.91640625 0.5673828125 0.0859375 0.169921875
2 0.9625 0.6220703125 0.071875 0.271484375
2 0.7296875 0.5205078125 0.1 0.123046875
2 0.65 0.5166015625 0.05 0.119140625
2 0.35234375 0.517578125 0.0328125 0.0703125
2 0.44375 0.5888671875 0.084375 0.193359375
2 0.5796875 0.5859375 0.103125 0.234375
3 0.08125 0.5654296875 0.1625 0.283203125
1 0.35234375 0.4873046875 0.0328125 0.107421875
1 0.44296875 0.5146484375 0.0796875 0.279296875
1 0.5765625 0.505859375 0.090625 0.3359375
