1 0.4984375 0.443359375 0.00625 0.01953125
1 0.5203125 0.439453125 0.00625 0.01953125
2 0.40703125 0.6904296875 0.0859375 0.193359375
3 0.05234375 0.48828125 0.0890625 0.0859375
3 0.1 0.59375 0.2 0.1796875
3 0.27265625 0.486328125 0.0953125 0.0546875
3 0.31484375 0.5009765625 0.0796875 0.068359375
3 0.36875 0.48828125 0.059375 0.06640625
3 0.3921875 0.47265625 0.034375 0.04296875
3 0.409375 0.4658203125 0.03125 0.041015625
3 0.41953125 0.4609375 0.0234375 0.0390625
3 0.42890625 0.4599609375 0.0171875 0.037109375
3 0.43203125 0.4580078125 0.0265625 0.041015625
3 0.4640625 0.4580078125 0.028125 0.029296875
3 0.48203125 0.4482421875 0.0171875 0.021484375
3 0.4875 0.4423828125 0.015625 0.021484375
3 0.50546875 0.4423828125 0.0078125 0.017578125
3 0.51328125 0.4404296875 0.0078125 0.013671875
3 0.53125 0.439453125 0.015625 0.015625
3 0.54453125 0.4482421875 0.0171875 0.025390625
3 0.5484375 0.4599609375 0.025 0.037109375
3 0.56328125 0.4755859375 0.0421875 0.056640625
3 0.60703125 0.486328125 0.0765625 0.08203125
3 0.63125 0.513671875 0.10625 0.09765625
3 0.7015625 0.4794921875 0.1125 0.056640625
3 0.8765625 0.4794921875 0.121875 0.068359375
3 0.84375 0.4677734375 0.10625 0.072265625
3 0.88828125 0.75390625 0.2203125 0.44140625
3 0.7890625 0.615234375 0.215625 0.203125
1 0.61875 0.587890625 0.078125 0.26171875
1 0.40390625 0.6103515625 0.0953125 0.283203125
4 0.17109375 0.49609375 0.0265625 0.0625
