10 0.1828125 0.384765625 0.015625 0.046875
10 0.18203125 0.427734375 0.0109375 0.01953125
10 0.259375 0.3876953125 0.0125 0.037109375
10 0.25546875 0.427734375 0.0109375 0.015625
10 0.61171875 0.3779296875 0.0109375 0.037109375
10 0.6171875 0.416015625 0.0125 0.015625
12 0.26015625 0.4140625 0.0234375 0.01171875
12 0.271875 0.3515625 0.046875 0.015625
12 0.1515625 0.400390625 0.03125 0.01171875
12 0.56796875 0.412109375 0.0140625 0.01953125
2 0.71484375 0.4794921875 0.0296875 0.044921875
3 0.55546875 0.5029296875 0.0671875 0.193359375
3 0.4078125 0.5361328125 0.334375 0.361328125
1 0.7125 0.4658203125 0.025 0.064453125
