1 0.4078125 0.4677734375 0.0125 0.048828125
2 0.4578125 0.546875 0.040625 0.08984375
3 0.1109375 0.556640625 0.209375 0.19140625
3 0.2390625 0.533203125 0.08125 0.109375
3 0.28125 0.509765625 0.078125 0.078125
3 0.31875 0.4970703125 0.065625 0.068359375
3 0.34375 0.474609375 0.06875 0.078125
3 0.38984375 0.46875 0.0328125 0.046875
3 0.41796875 0.4580078125 0.0171875 0.029296875
3 0.42734375 0.4560546875 0.0234375 0.033203125
3 0.43984375 0.4482421875 0.0171875 0.025390625
3 0.446875 0.44140625 0.015625 0.01953125
3 0.4671875 0.4423828125 0.0125 0.017578125
3 0.475 0.4462890625 0.01875 0.021484375
3 0.48359375 0.439453125 0.0109375 0.015625
3 0.48671875 0.435546875 0.0109375 0.01171875
3 0.5015625 0.4365234375 0.0125 0.013671875
3 0.51328125 0.4365234375 0.0109375 0.013671875
3 0.53203125 0.4453125 0.0140625 0.01953125
3 0.58203125 0.4765625 0.0546875 0.07421875
3 0.5828125 0.4912109375 0.04375 0.080078125
3 0.59375 0.5 0.0375 0.09765625
3 0.65234375 0.513671875 0.1171875 0.1328125
3 0.853125 0.669921875 0.290625 0.26953125
3 0.21875 0.4541015625 0.053125 0.033203125
3 0.27734375 0.4501953125 0.0546875 0.041015625
1 0.45859375 0.5048828125 0.0390625 0.126953125
1 0.54296875 0.513671875 0.0421875 0.14453125
