10 0.58046875 0.40234375 0.0078125 0.02734375
10 0.1359375 0.357421875 0.015625 0.0546875
10 0.24375 0.3955078125 0.009375 0.029296875
12 0.6265625 0.40625 0.01875 0.01953125
1 0.97734375 0.5244140625 0.0421875 0.115234375
1 0.83671875 0.4873046875 0.0296875 0.091796875
1 0.81171875 0.4912109375 0.0203125 0.087890625
1 0.75390625 0.4951171875 0.0234375 0.119140625
1 0.175 0.4736328125 0.0125 0.041015625
1 0.12421875 0.482421875 0.0109375 0.06640625
1 0.10625 0.4833984375 0.021875 0.072265625
1 0.01328125 0.4873046875 0.0171875 0.076171875
1 0.0515625 0.48046875 0.01875 0.06640625
1 0.06875 0.4775390625 0.021875 0.072265625
1 0.61328125 0.4775390625 0.0109375 0.033203125
2 0.725 0.48828125 0.015625 0.0390625
3 0.471875 0.5263671875 0.184375 0.197265625
3 0.24140625 0.5185546875 0.1453125 0.119140625
11 0.06484375 0.5302734375 0.0171875 0.048828125
