10 0.3328125 0.1162109375 0.021875 0.076171875
10 0.6078125 0.265625 0.021875 0.07421875
10 0.75 0.2373046875 0.025 0.076171875
10 0.7734375 0.330078125 0.025 0.02734375
12 0.6328125 0.322265625 0.05625 0.015625
1 0.5328125 0.58203125 0.171875 0.38671875
1 0.38046875 0.6708984375 0.1828125 0.431640625
1 0.071875 0.6513671875 0.14375 0.357421875
1 0.1421875 0.58203125 0.15 0.359375
1 0.21328125 0.5009765625 0.0359375 0.095703125
1 0.23125 0.4912109375 0.025 0.119140625
1 0.31015625 0.5654296875 0.0640625 0.236328125
1 0.34921875 0.447265625 0.0234375 0.046875
3 0.7828125 0.5078125 0.43125 0.20703125
3 0.21953125 0.4853515625 0.0953125 0.080078125
3 0.2765625 0.46484375 0.0375 0.04296875
3 0.3984375 0.458984375 0.015625 0.015625
3 0.42265625 0.4482421875 0.0078125 0.009765625
3 0.44921875 0.46484375 0.0328125 0.02734375
3 0.43828125 0.455078125 0.0140625 0.015625
79 0.375 0.6484375 0.2125 0.328125
