12 0.4828125 0.1689453125 0.096875 0.056640625
12 0.47421875 0.2158203125 0.1203125 0.041015625
1 0.50546875 0.4228515625 0.0171875 0.052734375
1 0.58359375 0.431640625 0.0296875 0.1171875
1 0.928125 0.4501953125 0.009375 0.029296875
1 0.9203125 0.44921875 0.00625 0.02734375
1 0.7765625 0.6630859375 0.290625 0.669921875
4 0.79609375 0.7783203125 0.4046875 0.439453125
3 0.559375 0.41015625 0.03125 0.0390625
3 0.62265625 0.421875 0.0453125 0.05078125
3 0.72890625 0.435546875 0.0796875 0.078125
3 0.86796875 0.490234375 0.0765625 0.08203125
