1 0.5375 0.451171875 0.00625 0.01953125
1 0.5765625 0.4736328125 0.0125 0.068359375
1 0.5046875 0.453125 0.00625 0.01953125
3 0.03671875 0.53125 0.0734375 0.20703125
3 0.13515625 0.5146484375 0.2078125 0.177734375
3 0.25 0.4990234375 0.11875 0.119140625
3 0.31640625 0.4951171875 0.0796875 0.080078125
3 0.36171875 0.474609375 0.0578125 0.078125
3 0.40390625 0.47265625 0.0453125 0.046875
3 0.41953125 0.466796875 0.0359375 0.046875
3 0.43984375 0.4677734375 0.0140625 0.037109375
3 0.46953125 0.4560546875 0.0296875 0.025390625
3 0.48203125 0.455078125 0.0140625 0.0234375
3 0.49453125 0.455078125 0.0140625 0.01953125
3 0.5234375 0.451171875 0.0125 0.015625
3 0.55390625 0.4560546875 0.0140625 0.013671875
3 0.56015625 0.4599609375 0.0109375 0.021484375
3 0.61171875 0.4775390625 0.0578125 0.064453125
3 0.60546875 0.4873046875 0.0328125 0.064453125
3 0.62734375 0.5 0.0609375 0.0859375
3 0.665625 0.5166015625 0.078125 0.107421875
3 0.70625 0.5390625 0.096875 0.15625
3 0.84609375 0.587890625 0.3046875 0.36328125
3 0.9375 0.802734375 0.121875 0.34375
3 0.30078125 0.4423828125 0.0671875 0.033203125
1 0.56875 0.4736328125 0.0125 0.068359375
