10 0.7765625 0.0859375 0.06875 0.171875
10 0.9890625 0.095703125 0.01875 0.09375
10 0.73828125 0.4033203125 0.0140625 0.017578125
10 0.7125 0.3603515625 0.0125 0.037109375
10 0.51640625 0.3740234375 0.0109375 0.033203125
10 0.3484375 0.2783203125 0.0125 0.037109375
10 0.23359375 0.2685546875 0.0109375 0.033203125
12 0.80390625 0.3623046875 0.0265625 0.044921875
12 0.51015625 0.3154296875 0.0203125 0.013671875
12 0.26015625 0.263671875 0.0171875 0.01953125
1 0.715625 0.5009765625 0.078125 0.193359375
1 0.72265625 0.4873046875 0.0890625 0.201171875
1 0.80234375 0.4833984375 0.0953125 0.158203125
1 0.78515625 0.4404296875 0.0234375 0.095703125
1 0.59609375 0.498046875 0.0328125 0.16015625
1 0.584375 0.4931640625 0.05625 0.224609375
1 0.55078125 0.44140625 0.0390625 0.09765625
1 0.08046875 0.4736328125 0.0109375 0.044921875
3 0.828125 0.45703125 0.146875 0.07421875
3 0.15859375 0.47265625 0.0640625 0.05078125
3 0.3546875 0.6201171875 0.503125 0.470703125
1 0.0140625 0.4736328125 0.021875 0.052734375
2 0.015625 0.4912109375 0.03125 0.037109375
