6 0.48515625 0.4375 0.0828125 0.02734375
6 0.56171875 0.4462890625 0.0328125 0.044921875
6 0.63359375 0.4375 0.0609375 0.0234375
6 0.746875 0.43359375 0.1 0.0234375
12 0.78671875 0.3740234375 0.0265625 0.044921875
12 0.76875 0.37890625 0.009375 0.0234375
1 0.23515625 0.45703125 0.0171875 0.06640625
1 0.24765625 0.458984375 0.0171875 0.0625
1 0.2625 0.4619140625 0.01875 0.060546875
1 0.36171875 0.447265625 0.0078125 0.0234375
1 0.409375 0.4423828125 0.00625 0.021484375
1 0.41640625 0.4462890625 0.0078125 0.025390625
1 0.44296875 0.44140625 0.0046875 0.01171875
1 0.6171875 0.4482421875 0.00625 0.017578125
1 0.59765625 0.4462890625 0.0046875 0.009765625
1 0.58515625 0.4443359375 0.0046875 0.005859375
1 0.625 0.4599609375 0.009375 0.041015625
1 0.6390625 0.462890625 0.0125 0.04296875
1 0.653125 0.462890625 0.0125 0.04296875
1 0.66328125 0.4638671875 0.0078125 0.041015625
1 0.67890625 0.4892578125 0.0359375 0.119140625
1 0.7609375 0.4853515625 0.03125 0.083984375
1 0.81796875 0.4931640625 0.0359375 0.111328125
1 0.83828125 0.4853515625 0.0171875 0.087890625
1 0.85 0.4853515625 0.028125 0.091796875
1 0.925 0.4931640625 0.021875 0.111328125
1 0.90078125 0.4951171875 0.0359375 0.115234375
1 0.94609375 0.5166015625 0.0515625 0.138671875
1 0.39765625 0.439453125 0.0046875 0.01171875
2 0.73828125 0.4931640625 0.0140625 0.033203125
2 0.78984375 0.5068359375 0.0296875 0.060546875
2 0.87265625 0.509765625 0.0390625 0.0625
3 0.71796875 0.4609375 0.0421875 0.02734375
3 0.746875 0.4677734375 0.05625 0.044921875
3 0.59296875 0.46875 0.0359375 0.0390625
3 0.5 0.4482421875 0.015625 0.013671875
3 0.5140625 0.4521484375 0.021875 0.025390625
1 0.73828125 0.4755859375 0.0171875 0.064453125
1 0.790625 0.482421875 0.03125 0.0859375
11 0.15234375 0.4892578125 0.0234375 0.044921875
11 0.440625 0.4521484375 0.003125 0.009765625
