10 0.440625 0.400390625 0.0125 0.0390625
10 0.23046875 0.43359375 0.0171875 0.03515625
10 0.725 0.41015625 0.009375 0.03515625
12 0.03359375 0.4287109375 0.0546875 0.095703125
12 0.68515625 0.44921875 0.0265625 0.0546875
12 0.3578125 0.478515625 0.009375 0.0078125
1 0.97578125 0.509765625 0.0453125 0.0546875
1 0.92890625 0.5068359375 0.0203125 0.044921875
8 0.50390625 0.4794921875 0.0828125 0.064453125
4 0.5875 0.54296875 0.034375 0.0546875
4 0.96484375 0.6025390625 0.0671875 0.123046875
4 0.93828125 0.5869140625 0.0953125 0.126953125
4 0.92109375 0.5751953125 0.1140625 0.126953125
4 0.69765625 0.53125 0.0578125 0.05078125
3 0.50078125 0.5830078125 0.1296875 0.146484375
3 0.54296875 0.517578125 0.0390625 0.04296875
3 0.12890625 0.509765625 0.0546875 0.04296875
3 0.25546875 0.509765625 0.0296875 0.01953125
3 0.28046875 0.509765625 0.0328125 0.01953125
1 0.58828125 0.5224609375 0.0234375 0.037109375
