12 0.64140625 0.416015625 0.0078125 0.015625
12 0.59140625 0.4267578125 0.0109375 0.017578125
1 0.8234375 0.4765625 0.015625 0.0625
1 0.65390625 0.462890625 0.0078125 0.02734375
1 0.41875 0.458984375 0.00625 0.0234375
1 0.41328125 0.458984375 0.0046875 0.0234375
2 0.51875 0.478515625 0.0125 0.0234375
3 0.865625 0.658203125 0.265625 0.31640625
3 0.6984375 0.5556640625 0.140625 0.123046875
3 0.63125 0.5166015625 0.075 0.076171875
3 0.60703125 0.50390625 0.0515625 0.0625
3 0.6234375 0.4609375 0.028125 0.02734375
3 0.553125 0.4677734375 0.034375 0.041015625
3 0.525 0.4599609375 0.025 0.021484375
3 0.57421875 0.455078125 0.0109375 0.01171875
3 0.47421875 0.4677734375 0.0296875 0.033203125
3 0.446875 0.4658203125 0.025 0.025390625
3 0.4578125 0.45703125 0.0125 0.01171875
3 0.49296875 0.4560546875 0.0140625 0.013671875
3 0.325 0.5078125 0.05 0.07421875
3 0.25 0.5439453125 0.146875 0.138671875
3 0.43671875 0.4580078125 0.0171875 0.013671875
1 0.51875 0.4677734375 0.0125 0.037109375
11 0.34765625 0.4814453125 0.0078125 0.021484375
