1 0.5203125 0.4443359375 0.009375 0.029296875
2 0.478125 0.455078125 0.009375 0.015625
2 0.45390625 0.4541015625 0.0078125 0.025390625
3 0.8734375 0.662109375 0.25 0.23046875
3 0.74921875 0.5751953125 0.1859375 0.158203125
3 0.68203125 0.5263671875 0.1328125 0.134765625
3 0.6234375 0.5087890625 0.05 0.083984375
3 0.61875 0.4921875 0.053125 0.05859375
3 0.60078125 0.490234375 0.0421875 0.0625
3 0.58984375 0.4794921875 0.0484375 0.052734375
3 0.56640625 0.4638671875 0.0359375 0.037109375
3 0.56171875 0.455078125 0.0328125 0.03515625
3 0.54921875 0.4453125 0.0328125 0.03125
3 0.5296875 0.4443359375 0.021875 0.029296875
3 0.4984375 0.4443359375 0.01875 0.025390625
3 0.50546875 0.435546875 0.0078125 0.01171875
3 0.46875 0.4375 0.015625 0.01953125
3 0.44921875 0.439453125 0.0234375 0.0234375
3 0.43984375 0.447265625 0.0203125 0.0234375
3 0.43515625 0.4501953125 0.0234375 0.029296875
3 0.42734375 0.4580078125 0.0140625 0.033203125
3 0.40234375 0.458984375 0.0484375 0.05078125
3 0.3578125 0.4443359375 0.04375 0.029296875
3 0.334375 0.5 0.046875 0.07421875
3 0.27265625 0.5087890625 0.1015625 0.111328125
3 0.1421875 0.5654296875 0.184375 0.185546875
3 0.0671875 0.6494140625 0.134375 0.251953125
3 0.0296875 0.4853515625 0.059375 0.080078125
3 0.22421875 0.4599609375 0.0328125 0.029296875
3 0.72109375 0.4404296875 0.0328125 0.017578125
1 0.48828125 0.4462890625 0.0078125 0.025390625
1 0.478125 0.4443359375 0.009375 0.029296875
1 0.45390625 0.4443359375 0.0109375 0.033203125
79 0.4890625 0.4599609375 0.00625 0.005859375
