2 0.6921875 0.5576171875 0.090625 0.158203125
2 0.5671875 0.5380859375 0.0375 0.091796875
2 0.52421875 0.546875 0.0578125 0.12890625
2 0.4171875 0.4833984375 0.021875 0.080078125
2 0.3625 0.4765625 0.0125 0.04296875
2 0.3375 0.466796875 0.009375 0.0546875
2 0.31484375 0.4755859375 0.0078125 0.025390625
2 0.396875 0.4833984375 0.015625 0.041015625
3 0.075 0.443359375 0.103125 0.09765625
3 0.128125 0.4384765625 0.059375 0.099609375
1 0.69140625 0.484375 0.0890625 0.25
1 0.56015625 0.4501953125 0.0390625 0.119140625
1 0.528125 0.4873046875 0.065625 0.193359375
1 0.4125 0.443359375 0.046875 0.13671875
1 0.36171875 0.4462890625 0.0265625 0.080078125
1 0.3359375 0.4345703125 0.028125 0.091796875
1 0.31484375 0.4560546875 0.0171875 0.048828125
