10 0.34765625 0.3681640625 0.0078125 0.013671875
10 0.39140625 0.3662109375 0.0078125 0.021484375
10 0.58046875 0.3720703125 0.0078125 0.021484375
10 0.5515625 0.3759765625 0.00625 0.017578125
1 0.390625 0.4111328125 0.009375 0.033203125
3 0.35078125 0.4052734375 0.0359375 0.021484375
3 0.5171875 0.39453125 0.071875 0.0234375
3 0.51796875 0.4765625 0.1484375 0.15234375
3 0.56953125 0.412109375 0.0171875 0.01953125
3 0.60625 0.41796875 0.021875 0.01953125
3 0.69453125 0.4296875 0.0328125 0.02734375
3 0.646875 0.419921875 0.015625 0.01953125
3 0.76171875 0.4521484375 0.0453125 0.033203125
3 0.846875 0.4736328125 0.125 0.123046875
3 0.93671875 0.498046875 0.1234375 0.15625
3 0.7390625 0.435546875 0.040625 0.03125
3 0.6671875 0.4248046875 0.021875 0.021484375
