12 0.78046875 0.3759765625 0.0140625 0.033203125
12 0.63828125 0.3818359375 0.0078125 0.005859375
12 0.6390625 0.3662109375 0.0125 0.021484375
12 0.66953125 0.4189453125 0.0109375 0.021484375
12 0.03828125 0.41796875 0.0078125 0.01171875
3 0.46640625 0.4716796875 0.1359375 0.134765625
3 0.36875 0.4365234375 0.05625 0.056640625
3 0.29296875 0.4326171875 0.0203125 0.021484375
3 0.309375 0.4345703125 0.025 0.025390625
3 0.2703125 0.4306640625 0.021875 0.021484375
3 0.253125 0.423828125 0.015625 0.01953125
3 0.21796875 0.4384765625 0.0421875 0.048828125
