6 0.60703125 0.458984375 0.3515625 0.12890625
10 0.89609375 0.224609375 0.0265625 0.09375
10 0.90546875 0.33203125 0.0265625 0.03125
12 0.671875 0.44921875 0.015625 0.0234375
12 0.72265625 0.4326171875 0.0140625 0.025390625
12 0.5828125 0.3779296875 0.0125 0.025390625
12 0.5828125 0.396484375 0.0125 0.01171875
12 0.6421875 0.0712890625 0.16875 0.041015625
3 0.940625 0.46484375 0.115625 0.04296875
3 0.20234375 0.501953125 0.1328125 0.140625
8 0.3375 0.4658203125 0.0375 0.052734375
12 0.109375 0.4482421875 0.015625 0.013671875
