10 0.44453125 0.3671875 0.0046875 0.0078125
10 0.48203125 0.369140625 0.0046875 0.01171875
10 0.3828125 0.3505859375 0.009375 0.017578125
12 0.803125 0.373046875 0.03125 0.0546875
12 0.67421875 0.4033203125 0.0140625 0.021484375
12 0.35390625 0.349609375 0.0109375 0.015625
12 0.06640625 0.4443359375 0.0171875 0.029296875
3 0.43203125 0.4013671875 0.0109375 0.009765625
3 0.43984375 0.4033203125 0.0078125 0.009765625
3 0.48125 0.4111328125 0.00625 0.009765625
3 0.20703125 0.4736328125 0.0578125 0.052734375
11 0.9203125 0.564453125 0.025 0.06640625
