6 0.8484375 0.4248046875 0.3 0.150390625
6 0.51953125 0.4462890625 0.0703125 0.083984375
6 0.43359375 0.453125 0.0984375 0.0390625
1 0.70546875 0.474609375 0.0390625 0.15234375
1 0.6765625 0.48828125 0.0375 0.125
1 0.6296875 0.453125 0.0125 0.04296875
1 0.5703125 0.4560546875 0.015625 0.052734375
1 0.55 0.4609375 0.009375 0.04296875
1 0.59140625 0.4560546875 0.0140625 0.048828125
1 0.60546875 0.453125 0.0140625 0.0546875
1 0.61640625 0.4521484375 0.0078125 0.037109375
1 0.3703125 0.4638671875 0.00625 0.021484375
1 0.37421875 0.46484375 0.0078125 0.0234375
1 0.16953125 0.4853515625 0.0109375 0.044921875
1 0.128125 0.4912109375 0.0125 0.029296875
3 0.95078125 0.484375 0.0953125 0.11328125
3 0.95078125 0.4404296875 0.0953125 0.091796875
3 0.9109375 0.4482421875 0.175 0.134765625
3 0.6453125 0.4501953125 0.01875 0.025390625
3 0.4703125 0.462890625 0.025 0.0234375
3 0.45390625 0.4619140625 0.0265625 0.021484375
11 0.340625 0.478515625 0.00625 0.01953125
