10 0.55 0.435546875 0.00625 0.01171875
10 0.51015625 0.4248046875 0.0046875 0.009765625
10 0.48515625 0.4228515625 0.0078125 0.013671875
10 0.4546875 0.4189453125 0.009375 0.013671875
10 0.39453125 0.4462890625 0.0046875 0.009765625
10 0.42109375 0.44921875 0.0046875 0.01171875
12 0.978125 0.3935546875 0.015625 0.025390625
12 0.61328125 0.361328125 0.0296875 0.0703125
12 0.6140625 0.4189453125 0.025 0.037109375
12 0.578125 0.4208984375 0.015625 0.017578125
12 0.578125 0.43359375 0.0125 0.0078125
12 0.5640625 0.427734375 0.015625 0.01953125
12 0.496875 0.4228515625 0.00625 0.009765625
12 0.41640625 0.4345703125 0.0203125 0.005859375
12 0.4390625 0.41796875 0.009375 0.01171875
12 0.5484375 0.4453125 0.009375 0.0078125
1 0.65 0.4697265625 0.01875 0.068359375
1 0.20234375 0.4765625 0.0140625 0.0390625
1 0.21640625 0.4755859375 0.0109375 0.037109375
1 0.221875 0.4755859375 0.009375 0.037109375
1 0.2375 0.47265625 0.0125 0.04296875
1 0.27421875 0.470703125 0.0078125 0.03515625
1 0.2828125 0.4697265625 0.009375 0.033203125
1 0.29921875 0.4716796875 0.0078125 0.021484375
1 0.30390625 0.4716796875 0.0046875 0.021484375
1 0.3109375 0.4716796875 0.00625 0.025390625
1 0.31796875 0.4716796875 0.0078125 0.025390625
1 0.32421875 0.46875 0.0078125 0.02734375
1 0.33203125 0.4697265625 0.0078125 0.025390625
1 0.33984375 0.4716796875 0.0078125 0.025390625
1 0.346875 0.46875 0.00625 0.02734375
1 0.353125 0.47265625 0.00625 0.0234375
1 0.36953125 0.4716796875 0.0078125 0.021484375
1 0.3765625 0.47265625 0.00625 0.01953125
2 0.0625 0.4951171875 0.021875 0.037109375
2 0.26171875 0.4794921875 0.0140625 0.029296875
3 0.39765625 0.466796875 0.0359375 0.03515625
3 0.49140625 0.49609375 0.1234375 0.1328125
1 0.6609375 0.4833984375 0.028125 0.068359375
1 0.06171875 0.48046875 0.0203125 0.046875
1 0.26171875 0.46875 0.0171875 0.0390625
79 0.665625 0.4951171875 0.01875 0.044921875
