6 0.83515625 0.5087890625 0.3203125 0.298828125
6 0.60234375 0.5126953125 0.0796875 0.083984375
1 0.1796875 0.54296875 0.009375 0.03125
1 0.35546875 0.5263671875 0.0046875 0.013671875
1 0.40078125 0.5302734375 0.0046875 0.013671875
1 0.396875 0.5302734375 0.003125 0.013671875
3 0.5828125 0.6416015625 0.1875 0.177734375
3 0.490625 0.5537109375 0.046875 0.044921875
3 0.51953125 0.5390625 0.0296875 0.03125
3 0.47734375 0.5283203125 0.0171875 0.009765625
3 0.4640625 0.52734375 0.009375 0.0078125
3 0.4578125 0.52734375 0.00625 0.0078125
