10 0.4265625 0.3779296875 0.009375 0.033203125
10 0.53671875 0.37109375 0.0109375 0.03515625
10 0.5703125 0.421875 0.0125 0.015625
10 0.54140625 0.419921875 0.0078125 0.015625
12 0.3515625 0.416015625 0.00625 0.01171875
12 0.3515625 0.4033203125 0.009375 0.013671875
12 0.56953125 0.4052734375 0.0234375 0.009765625
12 0.328125 0.431640625 0.009375 0.01171875
1 0.065625 0.4775390625 0.01875 0.060546875
1 0.46015625 0.4755859375 0.0203125 0.056640625
1 0.44453125 0.4765625 0.0140625 0.05859375
1 0.38125 0.4375 0.00625 0.01953125
1 0.36015625 0.4365234375 0.0046875 0.017578125
1 0.35078125 0.4375 0.0046875 0.015625
2 0.54609375 0.48828125 0.0546875 0.04296875
3 0.0203125 0.5302734375 0.040625 0.126953125
3 0.23359375 0.53515625 0.2015625 0.21484375
3 0.13203125 0.4775390625 0.0421875 0.037109375
3 0.59375 0.4716796875 0.109375 0.044921875
3 0.53359375 0.4619140625 0.0828125 0.044921875
3 0.490625 0.4580078125 0.034375 0.037109375
3 0.4390625 0.4541015625 0.021875 0.029296875
1 0.54453125 0.47265625 0.0171875 0.0546875
