10 0.309375 0.1787109375 0.01875 0.087890625
10 0.71484375 0.376953125 0.0203125 0.0546875
10 0.74765625 0.3759765625 0.0140625 0.056640625
10 0.79375 0.37890625 0.01875 0.0546875
10 0.7515625 0.4453125 0.0125 0.0234375
10 0.7859375 0.4462890625 0.015625 0.025390625
12 0.35390625 0.1708984375 0.0234375 0.033203125
2 0.70703125 0.541015625 0.0203125 0.05078125
2 0.72890625 0.5419921875 0.0359375 0.052734375
2 0.7953125 0.5439453125 0.021875 0.029296875
3 0.03046875 0.521484375 0.0609375 0.06640625
3 0.06953125 0.5166015625 0.0578125 0.072265625
3 0.1109375 0.529296875 0.025 0.046875
3 0.13125 0.53125 0.021875 0.046875
3 0.32109375 0.5400390625 0.2015625 0.193359375
3 0.2125 0.537109375 0.021875 0.03125
1 0.7125 0.515625 0.03125 0.0625
1 0.740625 0.51171875 0.021875 0.05078125
1 0.79609375 0.5234375 0.0265625 0.0546875
1 0.81796875 0.5224609375 0.0203125 0.044921875
1 0.93515625 0.51953125 0.0203125 0.04296875
1 0.92109375 0.521484375 0.0296875 0.03515625
1 0.83203125 0.513671875 0.0171875 0.04296875
1 0.846875 0.5205078125 0.025 0.052734375
1 0.8671875 0.517578125 0.021875 0.0625
1 0.88203125 0.51953125 0.0140625 0.0546875
1 0.896875 0.521484375 0.015625 0.05078125
