12 0.51015625 0.435546875 0.0078125 0.01171875
1 0.50703125 0.4697265625 0.0140625 0.037109375
2 0.6828125 0.591796875 0.1 0.23046875
3 0.87734375 0.533203125 0.2421875 0.2734375
3 0.59453125 0.4892578125 0.0765625 0.083984375
3 0.39140625 0.4716796875 0.0234375 0.021484375
3 0.409375 0.4677734375 0.01875 0.021484375
3 0.4265625 0.4638671875 0.015625 0.021484375
3 0.059375 0.4658203125 0.11875 0.068359375
3 0.1859375 0.4931640625 0.146875 0.115234375
1 0.6859375 0.5068359375 0.103125 0.326171875
10 0.49609375 0.3017578125 0.0203125 0.017578125
10 0.5171875 0.302734375 0.015625 0.01953125
12 0.6125 0.34375 0.028125 0.03515625
