10 0.81171875 0.3232421875 0.0359375 0.048828125
10 0.809375 0.1806640625 0.040625 0.126953125
10 0.47890625 0.4150390625 0.0046875 0.013671875
10 0.44609375 0.4111328125 0.0046875 0.013671875
10 0.45625 0.427734375 0.003125 0.01171875
10 0.39296875 0.421875 0.0046875 0.01171875
10 0.34140625 0.453125 0.0046875 0.01171875
12 0.54921875 0.4228515625 0.0234375 0.021484375
12 0.55078125 0.3935546875 0.0296875 0.033203125
12 0.7828125 0.0556640625 0.08125 0.044921875
1 0.94296875 0.4873046875 0.0328125 0.111328125
1 0.8953125 0.4921875 0.034375 0.09765625
1 0.8640625 0.490234375 0.03125 0.09765625
1 0.83828125 0.48828125 0.0296875 0.078125
1 0.8109375 0.4833984375 0.03125 0.087890625
1 0.61015625 0.4794921875 0.0109375 0.037109375
1 0.59765625 0.478515625 0.0109375 0.03515625
3 0.46171875 0.5244140625 0.1265625 0.126953125
3 0.3953125 0.48046875 0.028125 0.0390625
3 0.37421875 0.486328125 0.0390625 0.04296875
3 0.33203125 0.4892578125 0.0609375 0.060546875
3 0.22890625 0.494140625 0.0484375 0.09765625
3 0.18203125 0.5078125 0.1015625 0.12890625
3 0.0796875 0.5546875 0.159375 0.3125
