10 0.4453125 0.431640625 0.00625 0.01171875
12 0.40625 0.43359375 0.0125 0.01171875
1 0.72578125 0.5048828125 0.0359375 0.130859375
1 0.47109375 0.4765625 0.0140625 0.046875
3 0.16328125 0.50390625 0.1984375 0.15625
3 0.06484375 0.4931640625 0.1296875 0.134765625
3 0.42109375 0.50390625 0.1140625 0.109375
3 0.28046875 0.4833984375 0.0515625 0.048828125
3 0.32578125 0.4814453125 0.0390625 0.033203125
3 0.346875 0.4775390625 0.01875 0.029296875
3 0.3625 0.4775390625 0.021875 0.029296875
79 0.8140625 0.435546875 0.36875 0.2265625
79 0.53515625 0.4658203125 0.1109375 0.138671875
3 0.6390625 0.48046875 0.103125 0.09765625
