10 0.54609375 0.4599609375 0.0046875 0.013671875
10 0.48828125 0.4599609375 0.0046875 0.013671875
10 0.45546875 0.4404296875 0.0046875 0.017578125
1 0.07890625 0.4755859375 0.0234375 0.060546875
1 0.04921875 0.4755859375 0.0171875 0.060546875
2 0.66484375 0.515625 0.0265625 0.0859375
2 0.6 0.4912109375 0.0125 0.052734375
2 0.565625 0.486328125 0.0125 0.04296875
2 0.53125 0.4873046875 0.009375 0.033203125
3 0.503125 0.4921875 0.0375 0.02734375
3 0.459375 0.4794921875 0.05 0.048828125
3 0.3359375 0.49609375 0.1625 0.14453125
1 0.66015625 0.48046875 0.0328125 0.11328125
1 0.59921875 0.4638671875 0.0203125 0.076171875
1 0.5671875 0.4677734375 0.01875 0.060546875
1 0.5328125 0.46484375 0.0125 0.0390625
