1 0.56171875 0.439453125 0.0046875 0.01171875
1 0.56875 0.4384765625 0.00625 0.013671875
1 0.21015625 0.4716796875 0.0265625 0.044921875
3 0.52734375 0.43359375 0.0109375 0.015625
3 0.53359375 0.4384765625 0.0109375 0.017578125
3 0.5390625 0.4443359375 0.015625 0.021484375
3 0.54765625 0.453125 0.0203125 0.02734375
3 0.5625 0.4619140625 0.03125 0.033203125
3 0.56484375 0.46875 0.0203125 0.03515625
3 0.58125 0.4716796875 0.040625 0.044921875
3 0.58828125 0.4765625 0.0265625 0.04296875
3 0.60390625 0.4853515625 0.0484375 0.052734375
3 0.63203125 0.49609375 0.0515625 0.07421875
3 0.6390625 0.5009765625 0.0375 0.080078125
3 0.67890625 0.5078125 0.1046875 0.10546875
3 0.6953125 0.5439453125 0.071875 0.115234375
3 0.490625 0.4326171875 0.0125 0.013671875
3 0.47734375 0.431640625 0.0140625 0.015625
3 0.46328125 0.43359375 0.0140625 0.01953125
3 0.4546875 0.4375 0.015625 0.01953125
3 0.40703125 0.439453125 0.0390625 0.02734375
3 0.37421875 0.447265625 0.0359375 0.0390625
3 0.4015625 0.4462890625 0.0375 0.029296875
3 0.28828125 0.4658203125 0.0765625 0.048828125
3 0.35390625 0.478515625 0.0765625 0.078125
3 0.18984375 0.470703125 0.1328125 0.078125
3 0.0765625 0.5009765625 0.153125 0.111328125
3 0.2 0.5576171875 0.178125 0.134765625
3 0.8015625 0.548828125 0.2125 0.2109375
3 0.87734375 0.63671875 0.2421875 0.2578125
3 0.9578125 0.7744140625 0.08125 0.201171875
