2 0.3203125 0.5537109375 0.0375 0.080078125
2 0.42109375 0.6767578125 0.0859375 0.185546875
3 0.81640625 0.5908203125 0.2078125 0.177734375
3 0.70625 0.54296875 0.128125 0.11328125
3 0.67421875 0.505859375 0.1015625 0.09765625
3 0.6171875 0.5 0.053125 0.0703125
3 0.6796875 0.4404296875 0.028125 0.033203125
3 0.60625 0.43359375 0.009375 0.01171875
3 0.59140625 0.4423828125 0.0296875 0.029296875
3 0.58046875 0.455078125 0.0359375 0.03515625
3 0.56875 0.431640625 0.009375 0.01171875
3 0.5609375 0.4326171875 0.009375 0.013671875
3 0.553125 0.43359375 0.0125 0.015625
3 0.54140625 0.435546875 0.0171875 0.015625
3 0.53046875 0.4384765625 0.0140625 0.017578125
3 0.52109375 0.439453125 0.0171875 0.01953125
3 0.50703125 0.44140625 0.0171875 0.0234375
3 0.49765625 0.4443359375 0.0140625 0.025390625
3 0.48125 0.4423828125 0.025 0.029296875
3 0.47109375 0.4482421875 0.0234375 0.029296875
3 0.44765625 0.451171875 0.0328125 0.03125
3 0.403125 0.4736328125 0.03125 0.056640625
3 0.36328125 0.474609375 0.0640625 0.078125
3 0.34296875 0.4912109375 0.0453125 0.080078125
3 0.2875 0.4990234375 0.065625 0.095703125
3 0.23046875 0.5322265625 0.1421875 0.142578125
3 0.0328125 0.650390625 0.065625 0.2109375
1 0.321875 0.515625 0.0375 0.11328125
1 0.42109375 0.61328125 0.0890625 0.2578125
