6 0.73125 0.322265625 0.30625 0.43359375
10 0.39921875 0.3525390625 0.0078125 0.025390625
12 0.26640625 0.341796875 0.0171875 0.0234375
1 0.065625 0.4697265625 0.075 0.244140625
1 0.31953125 0.4013671875 0.0171875 0.064453125
1 0.3265625 0.4013671875 0.009375 0.033203125
1 0.3390625 0.3935546875 0.0125 0.037109375
1 0.3671875 0.3955078125 0.015625 0.044921875
1 0.378125 0.40234375 0.009375 0.03125
1 0.38828125 0.400390625 0.0109375 0.0390625
1 0.4015625 0.4033203125 0.009375 0.033203125
1 0.41328125 0.3935546875 0.0078125 0.025390625
1 0.54921875 0.3955078125 0.0078125 0.025390625
1 0.55625 0.3955078125 0.00625 0.021484375
1 0.42109375 0.392578125 0.0078125 0.02734375
2 0.27734375 0.4482421875 0.0453125 0.064453125
3 0.86328125 0.537109375 0.2703125 0.36328125
3 0.50390625 0.396484375 0.0265625 0.03125
3 0.4859375 0.3935546875 0.015625 0.013671875
3 0.4453125 0.388671875 0.0125 0.01171875
