10 0.70546875 0.3671875 0.0203125 0.0625
10 0.7 0.4345703125 0.021875 0.021484375
10 0.03046875 0.3623046875 0.0171875 0.060546875
10 0.03515625 0.4208984375 0.0171875 0.021484375
10 0.3859375 0.44921875 0.00625 0.01953125
10 0.5859375 0.4541015625 0.00625 0.017578125
12 0.70703125 0.4091796875 0.0421875 0.021484375
12 0.03515625 0.4013671875 0.0421875 0.017578125
1 0.840625 0.5166015625 0.025 0.095703125
1 0.86953125 0.529296875 0.0171875 0.11328125
1 0.6421875 0.4912109375 0.025 0.044921875
1 0.09296875 0.4951171875 0.0171875 0.064453125
1 0.06640625 0.486328125 0.0140625 0.08203125
1 0.05234375 0.4912109375 0.0171875 0.080078125
1 0.246875 0.4892578125 0.0125 0.052734375
1 0.33671875 0.4814453125 0.0078125 0.017578125
1 0.37109375 0.482421875 0.0078125 0.01953125
1 0.034375 0.482421875 0.0125 0.03125
3 0.4890625 0.49609375 0.01875 0.015625
3 0.52109375 0.49609375 0.0203125 0.01953125
3 0.534375 0.4921875 0.0125 0.01953125
3 0.5546875 0.5009765625 0.021875 0.025390625
1 0.42109375 0.490234375 0.0078125 0.0234375
1 0.41328125 0.4873046875 0.0078125 0.021484375
1 0.39609375 0.486328125 0.0078125 0.01953125
