1 0.76875 0.4814453125 0.034375 0.080078125
1 0.7375 0.482421875 0.025 0.08203125
1 0.7078125 0.4453125 0.009375 0.0234375
1 0.60234375 0.447265625 0.0078125 0.02734375
1 0.5921875 0.4453125 0.009375 0.0234375
1 0.353125 0.44140625 0.009375 0.03125
1 0.34453125 0.44140625 0.0078125 0.03125
1 0.33125 0.451171875 0.0125 0.0390625
1 0.3125 0.4541015625 0.009375 0.037109375
1 0.30546875 0.455078125 0.0078125 0.03125
1 0.29296875 0.462890625 0.0203125 0.05078125
2 0.565625 0.490234375 0.015625 0.05078125
2 0.53046875 0.4794921875 0.0171875 0.037109375
3 0.91015625 0.609375 0.1765625 0.18359375
3 0.971875 0.490234375 0.053125 0.0546875
3 0.94609375 0.4951171875 0.1046875 0.076171875
3 0.9359375 0.486328125 0.125 0.07421875
3 0.90859375 0.4775390625 0.1015625 0.064453125
3 0.85703125 0.478515625 0.1078125 0.0625
3 0.8390625 0.46875 0.090625 0.05078125
3 0.66171875 0.4482421875 0.0609375 0.029296875
3 0.571875 0.453125 0.040625 0.03125
3 0.54453125 0.44921875 0.0203125 0.0234375
3 0.49453125 0.4453125 0.0265625 0.0234375
3 0.475 0.4453125 0.015625 0.0234375
3 0.45625 0.44140625 0.03125 0.02734375
3 0.43828125 0.4423828125 0.0171875 0.013671875
3 0.39765625 0.4658203125 0.0484375 0.048828125
3 0.07109375 0.6845703125 0.1421875 0.298828125
1 0.57265625 0.47265625 0.0296875 0.0703125
1 0.53125 0.4638671875 0.021875 0.056640625
