12 0.39609375 0.4189453125 0.0171875 0.021484375
12 0.728125 0.4091796875 0.021875 0.041015625
1 0.7375 0.4638671875 0.01875 0.029296875
1 0.55546875 0.4501953125 0.0046875 0.009765625
1 0.55078125 0.4541015625 0.0046875 0.013671875
1 0.54609375 0.455078125 0.0046875 0.015625
1 0.53828125 0.451171875 0.0046875 0.015625
1 0.53359375 0.451171875 0.0046875 0.015625
1 0.52890625 0.4521484375 0.0046875 0.013671875
2 0.490625 0.4609375 0.00625 0.015625
3 0.965625 0.5224609375 0.065625 0.123046875
3 0.87578125 0.587890625 0.2421875 0.21875
3 0.74765625 0.544921875 0.1328125 0.140625
3 0.6734375 0.5009765625 0.08125 0.083984375
3 0.63671875 0.4677734375 0.0203125 0.029296875
3 0.59609375 0.47265625 0.0390625 0.0390625
3 0.5765625 0.466796875 0.0125 0.01953125
3 0.56171875 0.4599609375 0.0171875 0.021484375
3 0.51796875 0.4541015625 0.0171875 0.021484375
3 0.5046875 0.4521484375 0.009375 0.013671875
3 0.496875 0.451171875 0.00625 0.015625
3 0.48359375 0.453125 0.0078125 0.01953125
3 0.4796875 0.4580078125 0.009375 0.017578125
3 0.475 0.4599609375 0.0125 0.025390625
3 0.45859375 0.458984375 0.0265625 0.03515625
3 0.45703125 0.4638671875 0.0171875 0.029296875
3 0.43125 0.4638671875 0.040625 0.041015625
3 0.35546875 0.47265625 0.0515625 0.04296875
3 0.30078125 0.4873046875 0.0921875 0.111328125
3 0.26328125 0.509765625 0.0859375 0.109375
3 0.1203125 0.515625 0.225 0.1875
3 0.7171875 0.4716796875 0.021875 0.029296875
3 0.89375 0.4794921875 0.1125 0.037109375
1 0.490625 0.453125 0.009375 0.02734375
