10 0.196875 0.4697265625 0.015625 0.021484375
12 0.02421875 0.4599609375 0.0328125 0.037109375
12 0.02265625 0.486328125 0.0234375 0.01171875
12 0.025 0.5068359375 0.021875 0.017578125
1 0.2671875 0.5634765625 0.015625 0.048828125
1 0.25234375 0.5634765625 0.0140625 0.037109375
1 0.22734375 0.556640625 0.0109375 0.03515625
1 0.9890625 0.5673828125 0.01875 0.103515625
1 0.97421875 0.57421875 0.0234375 0.09375
1 0.9546875 0.5751953125 0.025 0.099609375
4 0.5328125 0.6162109375 0.03125 0.060546875
3 0.2203125 0.6171875 0.121875 0.09375
3 0.35390625 0.5751953125 0.0578125 0.060546875
3 0.4390625 0.560546875 0.04375 0.046875
3 0.43984375 0.529296875 0.0296875 0.02734375
3 0.47734375 0.5283203125 0.0234375 0.025390625
3 0.48984375 0.51953125 0.0171875 0.01953125
3 0.52421875 0.5771484375 0.0546875 0.064453125
3 0.51953125 0.5380859375 0.0328125 0.013671875
3 0.55859375 0.517578125 0.0203125 0.01953125
3 0.028125 0.8046875 0.05625 0.2421875
1 0.53359375 0.583984375 0.0328125 0.078125
