6 0.434375 0.4658203125 0.2625 0.142578125
1 0.99296875 0.48046875 0.0109375 0.05078125
1 0.86953125 0.4521484375 0.0078125 0.021484375
1 0.87734375 0.453125 0.0078125 0.0234375
1 0.6734375 0.4755859375 0.0125 0.044921875
1 0.6890625 0.4794921875 0.021875 0.060546875
1 0.16640625 0.5263671875 0.0421875 0.181640625
1 0.1984375 0.55078125 0.05625 0.16015625
2 0.30625 0.5703125 0.0625 0.09375
2 0.35703125 0.580078125 0.0671875 0.09765625
2 0.49609375 0.53515625 0.0453125 0.0703125
2 0.5359375 0.5380859375 0.04375 0.072265625
2 0.6546875 0.5498046875 0.04375 0.068359375
3 0.8953125 0.453125 0.025 0.02734375
3 0.76015625 0.4609375 0.0328125 0.02734375
3 0.70703125 0.4638671875 0.0578125 0.044921875
1 0.65703125 0.5166015625 0.0390625 0.087890625
11 0.72890625 0.4873046875 0.0109375 0.033203125
2 0.70234375 0.4931640625 0.0203125 0.025390625
