12 0.6 0.384765625 0.03125 0.015625
12 0.5984375 0.353515625 0.028125 0.04296875
1 0.446875 0.46875 0.01875 0.06640625
1 0.45703125 0.4697265625 0.0203125 0.068359375
1 0.1484375 0.4677734375 0.021875 0.072265625
1 0.128125 0.462890625 0.025 0.08203125
1 0.0296875 0.46875 0.021875 0.0859375
3 0.96796875 0.4677734375 0.0609375 0.091796875
3 0.8453125 0.4365234375 0.0875 0.037109375
3 0.76640625 0.4423828125 0.0640625 0.017578125
3 0.51484375 0.4775390625 0.0515625 0.037109375
3 0.4328125 0.4677734375 0.025 0.017578125
3 0.3078125 0.4736328125 0.04375 0.041015625
3 0.259375 0.4755859375 0.059375 0.041015625
3 0.50546875 0.4658203125 0.0390625 0.044921875
