12 0.3015625 0.44921875 0.009375 0.01953125
12 0.35 0.4453125 0.00625 0.0078125
12 0.48515625 0.4248046875 0.0140625 0.021484375
1 0.3703125 0.4892578125 0.009375 0.033203125
1 0.396875 0.4892578125 0.0125 0.048828125
1 0.41171875 0.490234375 0.0109375 0.0390625
3 0.46015625 0.4951171875 0.0328125 0.021484375
3 0.43671875 0.490234375 0.0296875 0.01953125
3 0.41875 0.490234375 0.03125 0.0234375
3 0.384375 0.4892578125 0.046875 0.029296875
3 0.353125 0.48828125 0.04375 0.02734375
3 0.33203125 0.490234375 0.0359375 0.0234375
3 0.54921875 0.4912109375 0.0203125 0.025390625
3 0.521875 0.490234375 0.046875 0.02734375
3 0.58359375 0.4931640625 0.0421875 0.048828125
3 0.63203125 0.4853515625 0.0609375 0.095703125
3 0.68125 0.4853515625 0.09375 0.103515625
3 0.74921875 0.490234375 0.1015625 0.1328125
3 0.846875 0.49609375 0.19375 0.15625
3 0.90625 0.51953125 0.165625 0.16015625
3 0.98125 0.5234375 0.034375 0.19921875
2 0.396875 0.5029296875 0.0125 0.033203125
12 0.4828125 0.4912109375 0.00625 0.009765625
