1 0.9234375 0.5166015625 0.0375 0.099609375
1 0.94140625 0.517578125 0.0234375 0.1015625
1 0.8 0.4853515625 0.015625 0.037109375
1 0.759375 0.48828125 0.015625 0.03515625
1 0.7671875 0.5029296875 0.01875 0.060546875
1 0.81953125 0.4912109375 0.0109375 0.033203125
1 0.303125 0.482421875 0.009375 0.01953125
1 0.1921875 0.4931640625 0.01875 0.056640625
1 0.03125 0.4931640625 0.021875 0.080078125
1 0.009375 0.4921875 0.01875 0.078125
3 0.48671875 0.4931640625 0.0171875 0.025390625
3 0.42734375 0.494140625 0.0265625 0.0234375
