6 0.6140625 0.4482421875 0.18125 0.080078125
10 0.94140625 0.3193359375 0.0203125 0.064453125
10 0.3421875 0.3564453125 0.021875 0.060546875
12 0.95546875 0.2548828125 0.0421875 0.056640625
12 0.9625 0.37890625 0.0375 0.046875
12 0.7390625 0.3603515625 0.01875 0.021484375
12 0.73984375 0.3779296875 0.0171875 0.013671875
12 0.7421875 0.4208984375 0.015625 0.017578125
12 0.34296875 0.4091796875 0.0296875 0.037109375
12 0.34140625 0.439453125 0.0234375 0.0234375
12 0.4234375 0.4306640625 0.01875 0.021484375
1 0.9921875 0.46484375 0.0125 0.03515625
1 0.93125 0.447265625 0.015625 0.02734375
1 0.9453125 0.4482421875 0.01875 0.044921875
1 0.97734375 0.462890625 0.0140625 0.03515625
1 0.90078125 0.4619140625 0.0171875 0.033203125
1 0.7984375 0.45703125 0.0125 0.02734375
1 0.74765625 0.4677734375 0.0109375 0.044921875
1 0.77890625 0.4609375 0.0109375 0.03125
1 0.7359375 0.4658203125 0.009375 0.041015625
1 0.696875 0.474609375 0.015625 0.04296875
1 0.68125 0.48828125 0.025 0.046875
1 0.0125 0.5712890625 0.025 0.146484375
1 0.20703125 0.5009765625 0.0203125 0.033203125
1 0.18046875 0.5068359375 0.0265625 0.048828125
1 0.16171875 0.5244140625 0.0203125 0.072265625
1 0.14453125 0.53125 0.0203125 0.08984375
1 0.24140625 0.4921875 0.0203125 0.0390625
1 0.296875 0.486328125 0.015625 0.03125
4 0.40078125 0.494140625 0.0671875 0.05078125
3 0.8265625 0.54296875 0.146875 0.1484375
3 0.9046875 0.5908203125 0.1875 0.224609375
3 0.525 0.4912109375 0.0875 0.052734375
3 0.615625 0.4736328125 0.065625 0.029296875
3 0.60703125 0.501953125 0.1109375 0.03515625
3 0.62265625 0.6845703125 0.3359375 0.345703125
3 0.07734375 0.8466796875 0.1546875 0.302734375
3 0.27265625 0.6142578125 0.2640625 0.224609375
