12 0.54765625 0.3974609375 0.0203125 0.025390625
12 0.25 0.3701171875 0.025 0.017578125
1 0.9546875 0.4873046875 0.06875 0.162109375
1 0.93046875 0.548828125 0.1359375 0.26953125
1 0.83046875 0.470703125 0.0703125 0.1171875
1 0.80234375 0.5439453125 0.1140625 0.224609375
1 0.65859375 0.5126953125 0.0953125 0.357421875
1 0.590625 0.4833984375 0.040625 0.173828125
1 0.4828125 0.4658203125 0.025 0.068359375
2 0.54375 0.4921875 0.065625 0.08203125
3 0.35390625 0.4833984375 0.1296875 0.154296875
3 0.45859375 0.4599609375 0.0390625 0.033203125
3 0.4328125 0.470703125 0.046875 0.05859375
3 0.26640625 0.474609375 0.0734375 0.09765625
