1 0.640625 0.466796875 0.01875 0.06640625
2 0.53203125 0.482421875 0.0203125 0.0390625
2 0.66875 0.48046875 0.01875 0.04296875
3 0.075 0.59375 0.15 0.1796875
3 0.29921875 0.4921875 0.0890625 0.08984375
3 0.35546875 0.478515625 0.0484375 0.05859375
3 0.3890625 0.4677734375 0.0375 0.041015625
3 0.40546875 0.458984375 0.0359375 0.04296875
3 0.42109375 0.455078125 0.0140625 0.02734375
3 0.43203125 0.44921875 0.0171875 0.0234375
3 0.44453125 0.4423828125 0.0171875 0.017578125
3 0.45625 0.4365234375 0.0125 0.013671875
3 0.46328125 0.4326171875 0.0109375 0.013671875
3 0.48984375 0.435546875 0.0171875 0.0234375
3 0.52421875 0.4345703125 0.0171875 0.021484375
3 0.5328125 0.44140625 0.025 0.02734375
3 0.55625 0.458984375 0.0375 0.04296875
3 0.64765625 0.4609375 0.0390625 0.05078125
3 0.74375 0.4326171875 0.084375 0.033203125
3 0.77109375 0.4638671875 0.1296875 0.056640625
3 0.9265625 0.45703125 0.14375 0.1796875
1 0.5328125 0.46875 0.01875 0.0625
1 0.66875 0.4658203125 0.01875 0.056640625
