12 0.8671875 0.1923828125 0.05625 0.076171875
12 0.86953125 0.263671875 0.0609375 0.06640625
12 0.86953125 0.326171875 0.0265625 0.046875
12 0.46796875 0.42578125 0.0078125 0.01171875
12 0.06640625 0.38671875 0.0140625 0.02734375
1 0.4734375 0.4580078125 0.0125 0.037109375
2 0.61484375 0.57421875 0.1140625 0.2265625
3 0.96484375 0.642578125 0.0671875 0.23046875
3 0.7671875 0.501953125 0.21875 0.203125
3 0.534375 0.4716796875 0.065625 0.068359375
3 0.35234375 0.4619140625 0.0234375 0.021484375
3 0.3703125 0.4580078125 0.01875 0.021484375
3 0.38828125 0.453125 0.0203125 0.0234375
3 0.41875 0.4599609375 0.015625 0.013671875
3 0.165625 0.4794921875 0.134375 0.103515625
3 0.0484375 0.451171875 0.096875 0.0703125
1 0.61484375 0.494140625 0.1046875 0.3203125
10 0.46875 0.298828125 0.01875 0.01953125
10 0.44765625 0.3017578125 0.0171875 0.021484375
12 0.55625 0.33984375 0.028125 0.03515625
