10 0.1890625 0.3681640625 0.015625 0.052734375
10 0.7578125 0.37109375 0.0125 0.04296875
1 0.25859375 0.4775390625 0.0171875 0.041015625
1 0.284375 0.4755859375 0.015625 0.048828125
1 0.30234375 0.4716796875 0.0140625 0.037109375
3 0.46875 0.4765625 0.04375 0.0390625
3 0.55703125 0.447265625 0.0171875 0.015625
3 0.575 0.453125 0.01875 0.01953125
3 0.590625 0.4384765625 0.0125 0.013671875
3 0.58203125 0.431640625 0.0109375 0.01171875
3 0.59765625 0.431640625 0.0078125 0.0078125
3 0.61171875 0.431640625 0.0109375 0.01171875
11 0.309375 0.517578125 0.0125 0.04296875
