1 0.4375 0.43359375 0.0125 0.02734375
1 0.440625 0.431640625 0.009375 0.02734375
1 0.4515625 0.4287109375 0.00625 0.021484375
2 0.5234375 0.4736328125 0.01875 0.048828125
3 0.2359375 0.509765625 0.1125 0.1015625
3 0.14375 0.48046875 0.13125 0.06640625
3 0.95234375 0.5205078125 0.0921875 0.154296875
3 0.9265625 0.5029296875 0.14375 0.146484375
3 0.80625 0.5009765625 0.15 0.107421875
3 0.70625 0.4736328125 0.1 0.072265625
3 0.64453125 0.45703125 0.0359375 0.046875
3 0.3234375 0.478515625 0.0625 0.0625
3 0.346875 0.46484375 0.04375 0.05078125
3 0.36796875 0.4609375 0.0203125 0.04296875
3 0.3765625 0.45703125 0.01875 0.0390625
3 0.390625 0.4462890625 0.03125 0.037109375
3 0.40078125 0.4384765625 0.0234375 0.029296875
3 0.4078125 0.4326171875 0.01875 0.021484375
3 0.615625 0.4482421875 0.04375 0.044921875
3 0.57265625 0.4365234375 0.0203125 0.029296875
3 0.54765625 0.447265625 0.0390625 0.04296875
3 0.496875 0.4375 0.028125 0.02734375
3 0.453125 0.4287109375 0.015625 0.013671875
3 0.4640625 0.42578125 0.009375 0.01171875
3 0.42265625 0.4345703125 0.0109375 0.017578125
3 0.43046875 0.43359375 0.0078125 0.015625
3 0.5015625 0.4267578125 0.025 0.013671875
1 0.521875 0.4580078125 0.01875 0.060546875
11 0.090625 0.5576171875 0.021875 0.056640625
