6 0.58203125 0.306640625 0.3671875 0.61328125
10 0.92734375 0.31640625 0.0296875 0.08203125
1 0.765625 0.423828125 0.015625 0.03125
1 0.35 0.4052734375 0.009375 0.033203125
1 0.3375 0.4052734375 0.009375 0.044921875
1 0.31484375 0.4189453125 0.0140625 0.048828125
1 0.2984375 0.41015625 0.0125 0.046875
1 0.28203125 0.4140625 0.0171875 0.05859375
1 0.25390625 0.4091796875 0.0171875 0.072265625
1 0.26640625 0.4111328125 0.0140625 0.056640625
1 0.196875 0.4130859375 0.015625 0.072265625
1 0.18046875 0.408203125 0.0171875 0.06640625
1 0.1421875 0.40234375 0.01875 0.06640625
1 0.1234375 0.39453125 0.015625 0.06640625
1 0.10625 0.40234375 0.01875 0.0703125
1 0.08515625 0.41015625 0.0234375 0.08203125
1 0.059375 0.39453125 0.01875 0.05078125
1 0.01953125 0.3984375 0.0328125 0.0859375
1 0.22578125 0.4091796875 0.0140625 0.044921875
2 0.92734375 0.5087890625 0.1421875 0.259765625
3 0.8109375 0.451171875 0.109375 0.109375
3 0.3828125 0.4150390625 0.04375 0.060546875
1 0.89921875 0.48828125 0.0390625 0.12890625
