6 0.43203125 0.455078125 0.0984375 0.04296875
6 0.8453125 0.421875 0.30625 0.1484375
6 0.51484375 0.4365234375 0.0640625 0.056640625
1 0.0140625 0.5009765625 0.021875 0.083984375
1 0.0375 0.4990234375 0.028125 0.083984375
1 0.11484375 0.498046875 0.0171875 0.05078125
1 0.12890625 0.4892578125 0.0140625 0.029296875
1 0.1625 0.482421875 0.0125 0.0390625
1 0.378125 0.4638671875 0.009375 0.025390625
1 0.36015625 0.4619140625 0.0078125 0.021484375
1 0.5515625 0.4599609375 0.0125 0.041015625
1 0.5578125 0.4599609375 0.009375 0.041015625
1 0.59609375 0.466796875 0.0203125 0.0703125
1 0.5796875 0.458984375 0.0125 0.046875
1 0.61796875 0.4619140625 0.0234375 0.076171875
1 0.62890625 0.453125 0.0140625 0.05078125
1 0.64375 0.4501953125 0.015625 0.052734375
1 0.6703125 0.447265625 0.015625 0.0546875
1 0.75078125 0.4970703125 0.0515625 0.169921875
1 0.80625 0.486328125 0.04375 0.1796875
1 0.875 0.5029296875 0.075 0.263671875
1 0.96796875 0.51171875 0.0578125 0.24609375
3 0.48203125 0.46484375 0.0921875 0.05859375
3 0.953125 0.462890625 0.090625 0.12109375
3 0.9109375 0.4482421875 0.175 0.142578125
11 0.340625 0.4775390625 0.00625 0.017578125
