10 0.06796875 0.26171875 0.0171875 0.0703125
10 0.053125 0.34765625 0.01875 0.03515625
10 0.71015625 0.380859375 0.0109375 0.04296875
10 0.71171875 0.42578125 0.0140625 0.01953125
10 0.20546875 0.3955078125 0.0109375 0.021484375
10 0.20625 0.33984375 0.015625 0.046875
1 0.20546875 0.4638671875 0.0265625 0.076171875
1 0.2703125 0.4716796875 0.01875 0.076171875
8 0.515625 0.4482421875 0.0375 0.060546875
3 0.57421875 0.478515625 0.0359375 0.046875
3 0.5515625 0.4736328125 0.040625 0.041015625
3 0.534375 0.4697265625 0.021875 0.037109375
3 0.53046875 0.4658203125 0.0359375 0.041015625
1 0.8125 0.373046875 0.05625 0.12890625
8 0.390625 0.419921875 0.23125 0.2890625
8 0.9671875 0.4912109375 0.0625 0.322265625
