10 0.40234375 0.2294921875 0.0140625 0.048828125
10 0.64375 0.3486328125 0.0125 0.048828125
10 0.646875 0.4072265625 0.015625 0.017578125
10 0.80703125 0.3173828125 0.0171875 0.068359375
12 0.45078125 0.2236328125 0.0296875 0.037109375
12 0.63359375 0.2734375 0.0390625 0.01953125
1 0.8203125 0.474609375 0.025 0.1015625
1 0.8890625 0.4765625 0.01875 0.078125
1 0.8734375 0.4833984375 0.025 0.068359375
3 0.06015625 0.5078125 0.0796875 0.06640625
3 0.12734375 0.5009765625 0.1015625 0.068359375
3 0.21640625 0.48828125 0.0484375 0.04296875
3 0.2765625 0.48828125 0.0625 0.0546875
3 0.39765625 0.474609375 0.0296875 0.03125
3 0.509375 0.4638671875 0.015625 0.017578125
3 0.4953125 0.4658203125 0.009375 0.009765625
3 0.48828125 0.462890625 0.0078125 0.0078125
3 0.01015625 0.4990234375 0.0203125 0.037109375
