6 0.43515625 0.4521484375 0.0984375 0.041015625
6 0.51640625 0.447265625 0.0640625 0.08203125
6 0.84453125 0.423828125 0.3078125 0.15234375
1 0.12890625 0.4892578125 0.0140625 0.029296875
1 0.11328125 0.494140625 0.0171875 0.0546875
1 0.16953125 0.4892578125 0.0140625 0.052734375
1 0.36328125 0.4658203125 0.0046875 0.021484375
1 0.36796875 0.4658203125 0.0046875 0.021484375
1 0.375 0.4658203125 0.00625 0.021484375
1 0.38203125 0.4638671875 0.0078125 0.021484375
1 0.5515625 0.4609375 0.0125 0.04296875
1 0.5828125 0.466796875 0.015625 0.0546875
1 0.6046875 0.4609375 0.01875 0.05859375
1 0.6296875 0.46875 0.01875 0.08203125
1 0.64921875 0.4658203125 0.0203125 0.087890625
1 0.67734375 0.4716796875 0.0484375 0.111328125
1 0.7046875 0.4716796875 0.028125 0.103515625
1 0.57109375 0.453125 0.0078125 0.03125
3 0.9515625 0.48828125 0.09375 0.1171875
3 0.915625 0.4453125 0.165625 0.13671875
3 0.85234375 0.443359375 0.1421875 0.10546875
3 0.41875 0.4619140625 0.03125 0.033203125
3 0.4484375 0.4638671875 0.03125 0.033203125
3 0.47578125 0.4609375 0.0234375 0.0234375
11 0.340625 0.478515625 0.00625 0.01953125
