1 0.12265625 0.5439453125 0.0765625 0.208984375
1 0.97265625 0.484375 0.0265625 0.0703125
3 0.16875 0.4912109375 0.084375 0.095703125
3 0.30546875 0.482421875 0.0328125 0.03515625
3 0.3671875 0.4765625 0.015625 0.01953125
3 0.39375 0.4775390625 0.009375 0.017578125
3 0.41171875 0.478515625 0.0265625 0.03125
3 0.42578125 0.474609375 0.0109375 0.0234375
3 0.44140625 0.4775390625 0.0140625 0.021484375
3 0.45 0.48046875 0.0125 0.03515625
3 0.465625 0.478515625 0.025 0.046875
3 0.49609375 0.46875 0.0484375 0.04296875
3 0.496875 0.4951171875 0.05 0.048828125
3 0.5609375 0.4921875 0.096875 0.09765625
3 0.08203125 0.4921875 0.1609375 0.1484375
