10 0.278125 0.3408203125 0.01875 0.076171875
10 0.29140625 0.3359375 0.0109375 0.0703125
10 0.28984375 0.4140625 0.0171875 0.03515625
10 0.284375 0.5224609375 0.015625 0.033203125
10 0.31796875 0.3828125 0.0203125 0.0625
10 0.83125 0.3671875 0.028125 0.078125
12 0.8203125 0.33203125 0.03125 0.07421875
12 0.8390625 0.4482421875 0.028125 0.076171875
1 0.25 0.5703125 0.021875 0.05859375
1 0.46328125 0.548828125 0.0109375 0.0234375
1 0.42265625 0.541015625 0.0140625 0.0234375
1 0.5046875 0.54296875 0.0125 0.03515625
1 0.38828125 0.5390625 0.0140625 0.015625
1 0.37578125 0.54296875 0.0109375 0.015625
1 0.4640625 0.5302734375 0.009375 0.017578125
3 0.82578125 0.6923828125 0.3453125 0.408203125
3 0.6859375 0.58984375 0.06875 0.14453125
3 0.5703125 0.5458984375 0.034375 0.037109375
3 0.3921875 0.5810546875 0.1 0.072265625
3 0.11953125 0.5400390625 0.0484375 0.029296875
3 0.1578125 0.537109375 0.034375 0.02734375
3 0.1875 0.53515625 0.028125 0.01953125
3 0.20859375 0.5341796875 0.0203125 0.021484375
3 0.23515625 0.53125 0.0296875 0.01953125
3 0.64921875 0.5341796875 0.0265625 0.029296875
