1 0.0671875 0.4873046875 0.021875 0.064453125
1 0.090625 0.4892578125 0.01875 0.072265625
1 0.11015625 0.498046875 0.0140625 0.05078125
1 0.55703125 0.4609375 0.0078125 0.0390625
1 0.55078125 0.462890625 0.0109375 0.04296875
1 0.578125 0.46484375 0.0125 0.05078125
1 0.5859375 0.455078125 0.009375 0.0390625
1 0.60390625 0.4404296875 0.0078125 0.017578125
1 0.59921875 0.47265625 0.0265625 0.078125
1 0.61484375 0.4541015625 0.0109375 0.048828125
1 0.62734375 0.46484375 0.0234375 0.08984375
1 0.65078125 0.4658203125 0.0203125 0.068359375
1 0.66171875 0.44140625 0.0140625 0.0390625
1 0.92890625 0.5546875 0.0921875 0.328125
1 0.97421875 0.513671875 0.0484375 0.2890625
3 0.77109375 0.4365234375 0.1140625 0.064453125
3 0.8515625 0.447265625 0.140625 0.10546875
3 0.91328125 0.4453125 0.1703125 0.1328125
6 0.865625 0.3935546875 0.265625 0.087890625
6 0.4328125 0.453125 0.09375 0.03515625
6 0.51640625 0.451171875 0.0609375 0.08984375
