12 0.29140625 0.552734375 0.0578125 0.07421875
1 0.50078125 0.5908203125 0.0140625 0.064453125
8 0.73125 0.541015625 0.2625 0.3203125
3 0.090625 0.638671875 0.18125 0.19140625
3 0.19609375 0.61328125 0.1015625 0.13671875
3 0.26171875 0.609375 0.0671875 0.1015625
3 0.31796875 0.595703125 0.0453125 0.0703125
3 0.34765625 0.59375 0.0296875 0.0625
8 0.3640625 0.578125 0.05 0.0703125
3 0.4359375 0.5947265625 0.05 0.044921875
3 0.49296875 0.5927734375 0.0421875 0.056640625
3 0.5296875 0.603515625 0.0625 0.06640625
3 0.57734375 0.609375 0.0359375 0.0546875
3 0.6 0.61328125 0.040625 0.09375
3 0.84375 0.6484375 0.309375 0.2578125
3 0.9671875 0.7431640625 0.0625 0.212890625
