1 0.2453125 0.447265625 0.028125 0.125
1 0.29765625 0.44921875 0.0328125 0.11328125
1 0.346875 0.423828125 0.021875 0.0390625
1 0.3265625 0.4375 0.021875 0.046875
1 0.34921875 0.4365234375 0.0234375 0.033203125
1 0.39375 0.4599609375 0.046875 0.162109375
1 0.45390625 0.4384765625 0.0203125 0.048828125
1 0.609375 0.43359375 0.021875 0.05078125
1 0.58203125 0.4375 0.0421875 0.0703125
1 0.625 0.44921875 0.03125 0.05859375
1 0.5046875 0.4970703125 0.090625 0.384765625
1 0.49921875 0.537109375 0.1453125 0.39453125
1 0.57890625 0.5673828125 0.0828125 0.267578125
1 0.63984375 0.5751953125 0.0859375 0.193359375
1 0.67109375 0.40625 0.0609375 0.18359375
1 0.7359375 0.416015625 0.0625 0.1875
1 0.7125 0.4248046875 0.05 0.193359375
1 0.72578125 0.564453125 0.1578125 0.3125
1 0.76328125 0.38671875 0.0390625 0.13671875
3 0.271875 0.447265625 0.03125 0.0703125
3 0.15078125 0.4638671875 0.1734375 0.201171875
1 0.87421875 0.5478515625 0.0734375 0.150390625
12 0.29765625 0.3818359375 0.0171875 0.021484375
