1 0.86640625 0.58984375 0.0109375 0.04296875
1 0.89296875 0.5869140625 0.0109375 0.041015625
1 0.88359375 0.583984375 0.0109375 0.0390625
1 0.5484375 0.591796875 0.009375 0.02734375
1 0.5578125 0.5908203125 0.009375 0.025390625
1 0.57109375 0.58203125 0.0078125 0.02734375
1 0.5765625 0.5859375 0.00625 0.02734375
1 0.2734375 0.5869140625 0.0125 0.048828125
1 0.134375 0.580078125 0.009375 0.015625
1 0.09921875 0.583984375 0.0078125 0.03515625
1 0.53359375 0.5888671875 0.0078125 0.017578125
1 0.41484375 0.5859375 0.0078125 0.01953125
1 0.3828125 0.591796875 0.009375 0.02734375
1 0.4953125 0.58203125 0.00625 0.01953125
1 0.46875 0.5830078125 0.009375 0.017578125
1 0.50625 0.5927734375 0.009375 0.025390625
1 0.48828125 0.5830078125 0.0078125 0.017578125
1 0.4765625 0.58203125 0.00625 0.01171875
1 0.48203125 0.5849609375 0.0046875 0.009765625
1 0.39140625 0.5830078125 0.0078125 0.013671875
3 0.03828125 0.6220703125 0.0765625 0.111328125
3 0.17578125 0.6533203125 0.1484375 0.150390625
3 0.95859375 0.5947265625 0.0796875 0.060546875
3 0.74609375 0.59375 0.0453125 0.04296875
3 0.68828125 0.5966796875 0.0609375 0.044921875
3 0.6265625 0.5927734375 0.046875 0.048828125
3 0.259375 0.5927734375 0.01875 0.033203125
3 0.33125 0.5859375 0.01875 0.015625
3 0.6546875 0.5908203125 0.015625 0.029296875
