6 0.81875 0.408203125 0.259375 0.07421875
6 0.4328125 0.4541015625 0.1 0.041015625
6 0.51484375 0.447265625 0.0609375 0.08203125
1 0.1265625 0.494140625 0.01875 0.06640625
1 0.1453125 0.4931640625 0.01875 0.064453125
1 0.66171875 0.4599609375 0.0296875 0.095703125
1 0.66640625 0.4638671875 0.0296875 0.080078125
1 0.63203125 0.4736328125 0.0328125 0.087890625
1 0.615625 0.458984375 0.015625 0.0625
1 0.6421875 0.4453125 0.0125 0.03125
1 0.6 0.466796875 0.01875 0.0546875
1 0.5796875 0.4619140625 0.025 0.064453125
1 0.5515625 0.4599609375 0.0125 0.041015625
1 0.371875 0.4658203125 0.00625 0.021484375
1 0.378125 0.4658203125 0.00625 0.021484375
3 0.92578125 0.4140625 0.1453125 0.07421875
3 0.7734375 0.4375 0.121875 0.07421875
3 0.80390625 0.544921875 0.3890625 0.21875
3 0.471875 0.4619140625 0.025 0.025390625
3 0.45390625 0.4638671875 0.0203125 0.021484375
3 0.3015625 0.47265625 0.034375 0.02734375
11 0.340625 0.478515625 0.00625 0.01953125
1 0.109375 0.5009765625 0.021875 0.056640625
