10 0.6828125 0.3515625 0.009375 0.0390625
10 0.68203125 0.3896484375 0.0078125 0.013671875
10 0.5515625 0.3984375 0.0125 0.015625
10 0.55078125 0.3623046875 0.0078125 0.029296875
10 0.2328125 0.3720703125 0.009375 0.029296875
10 0.23359375 0.4111328125 0.0140625 0.017578125
12 0.559375 0.3828125 0.028125 0.0078125
12 0.2734375 0.3984375 0.015625 0.02734375
12 0.52890625 0.3896484375 0.0109375 0.017578125
1 0.5703125 0.44921875 0.015625 0.05078125
3 0.40546875 0.4296875 0.0171875 0.01953125
3 0.39140625 0.43359375 0.0171875 0.0234375
3 0.3765625 0.439453125 0.03125 0.02734375
3 0.2515625 0.4775390625 0.1375 0.123046875
11 0.1203125 0.4833984375 0.009375 0.029296875
