12 0.01640625 0.4609375 0.0296875 0.0390625
12 0.0171875 0.4970703125 0.034375 0.029296875
12 0.61875 0.48828125 0.021875 0.01171875
12 0.6109375 0.5244140625 0.021875 0.005859375
12 0.61015625 0.515625 0.0234375 0.0078125
12 0.6109375 0.505859375 0.021875 0.0078125
12 0.61015625 0.498046875 0.0234375 0.0078125
1 0.34453125 0.56640625 0.0078125 0.03125
1 0.35859375 0.5634765625 0.0109375 0.033203125
1 0.38125 0.5546875 0.00625 0.02734375
1 0.396875 0.556640625 0.009375 0.02734375
1 0.4109375 0.548828125 0.00625 0.01171875
1 0.6296875 0.560546875 0.00625 0.0390625
2 0.5390625 0.5615234375 0.0125 0.017578125
4 0.21640625 0.6162109375 0.0765625 0.080078125
4 0.15 0.6279296875 0.05625 0.080078125
4 0.253125 0.6015625 0.046875 0.0625
3 0.409375 0.5673828125 0.028125 0.025390625
3 0.425 0.560546875 0.01875 0.0234375
3 0.48125 0.6005859375 0.096875 0.111328125
1 0.5390625 0.5546875 0.009375 0.0234375
