6 0.86796875 0.427734375 0.2609375 0.140625
6 0.51796875 0.447265625 0.0640625 0.08203125
1 0.76875 0.48046875 0.0375 0.16015625
1 0.715625 0.4775390625 0.040625 0.173828125
1 0.1703125 0.486328125 0.0125 0.046875
1 0.6328125 0.45703125 0.0125 0.0546875
1 0.61484375 0.458984375 0.0140625 0.0546875
1 0.5859375 0.45703125 0.0125 0.046875
1 0.55078125 0.4609375 0.0109375 0.0390625
1 0.57421875 0.458984375 0.0109375 0.0390625
1 0.59765625 0.4580078125 0.0109375 0.048828125
1 0.6703125 0.4384765625 0.0125 0.037109375
1 0.12734375 0.490234375 0.0140625 0.02734375
2 0.36640625 0.5322265625 0.0421875 0.099609375
3 0.9515625 0.48828125 0.09375 0.12109375
3 0.95 0.4423828125 0.096875 0.099609375
3 0.91484375 0.447265625 0.1671875 0.13671875
3 0.64375 0.4482421875 0.01875 0.021484375
3 0.4515625 0.4638671875 0.025 0.021484375
3 0.47109375 0.462890625 0.0296875 0.0234375
1 0.36640625 0.4921875 0.0421875 0.140625
1 0.42421875 0.4765625 0.0296875 0.11328125
