10 0.64375 0.2880859375 0.0125 0.048828125
10 0.8921875 0.34375 0.021875 0.0234375
10 0.8484375 0.3427734375 0.015625 0.025390625
10 0.84375 0.267578125 0.01875 0.05859375
12 0.50859375 0.365234375 0.0109375 0.015625
12 0.509375 0.3837890625 0.00625 0.013671875
12 0.50859375 0.3955078125 0.0046875 0.009765625
12 0.65078125 0.3388671875 0.0359375 0.009765625
2 0.6453125 0.4638671875 0.109375 0.068359375
2 0.83984375 0.45703125 0.0828125 0.06640625
8 0.6125 0.4140625 0.071875 0.07421875
3 0.3203125 0.44921875 0.084375 0.0703125
3 0.321875 0.4130859375 0.06875 0.037109375
3 0.36484375 0.431640625 0.0234375 0.05078125
3 0.37890625 0.4287109375 0.0265625 0.048828125
3 0.390625 0.39453125 0.0125 0.015625
3 0.41875 0.3525390625 0.00625 0.005859375
3 0.42265625 0.373046875 0.0109375 0.01171875
3 0.42578125 0.3984375 0.0140625 0.015625
3 0.44375 0.3984375 0.0125 0.015625
3 0.45 0.40625 0.015625 0.01953125
3 0.45390625 0.4111328125 0.0171875 0.021484375
3 0.46015625 0.4267578125 0.0171875 0.025390625
3 0.4828125 0.4287109375 0.04375 0.044921875
1 0.8453125 0.435546875 0.03125 0.10546875
11 0.12578125 0.4580078125 0.0109375 0.044921875
