10 0.85703125 0.3603515625 0.0109375 0.029296875
10 0.84140625 0.3720703125 0.0109375 0.033203125
10 0.74140625 0.4296875 0.0140625 0.0546875
10 0.16640625 0.4423828125 0.0078125 0.025390625
10 0.23828125 0.37109375 0.0078125 0.03125
10 0.2515625 0.3818359375 0.00625 0.017578125
10 0.26953125 0.44921875 0.0078125 0.01953125
10 0.34453125 0.4501953125 0.0078125 0.025390625
10 0.38359375 0.3603515625 0.0140625 0.048828125
10 0.64609375 0.3955078125 0.0078125 0.025390625
12 0.48359375 0.4658203125 0.0078125 0.013671875
3 0.5140625 0.482421875 0.015625 0.015625
