10 0.40390625 0.4150390625 0.0046875 0.009765625
10 0.35859375 0.40625 0.0046875 0.01171875
10 0.33203125 0.4111328125 0.0046875 0.009765625
12 0.7078125 0.3232421875 0.0375 0.056640625
12 0.62578125 0.3115234375 0.0484375 0.052734375
12 0.62421875 0.3662109375 0.0328125 0.017578125
12 0.41640625 0.421875 0.0109375 0.00390625
1 0.64296875 0.41796875 0.0078125 0.01953125
2 0.6171875 0.515625 0.04375 0.09375
3 0.434375 0.458984375 0.021875 0.02734375
3 0.42265625 0.45703125 0.0109375 0.0234375
3 0.396875 0.4580078125 0.01875 0.021484375
3 0.38515625 0.45703125 0.0109375 0.01953125
3 0.36875 0.4580078125 0.015625 0.025390625
3 0.35390625 0.4599609375 0.0203125 0.025390625
79 0.32265625 0.447265625 0.0296875 0.04296875
3 0.284375 0.462890625 0.015625 0.01953125
3 0.26640625 0.4658203125 0.0203125 0.021484375
3 0.24296875 0.4677734375 0.0171875 0.025390625
3 0.22890625 0.46875 0.0203125 0.0234375
3 0.20625 0.46484375 0.021875 0.03125
3 0.1140625 0.5185546875 0.228125 0.197265625
1 0.61796875 0.4736328125 0.0421875 0.130859375
12 0.01953125 0.39453125 0.0171875 0.0234375
12 0.5359375 0.3984375 0.01875 0.0078125
