1 0.4953125 0.4462890625 0.0125 0.041015625
1 0.52265625 0.453125 0.0109375 0.03125
1 0.478125 0.4345703125 0.00625 0.013671875
1 0.3953125 0.431640625 0.00625 0.015625
1 0.3890625 0.431640625 0.00625 0.015625
2 0.415625 0.474609375 0.01875 0.0390625
2 0.45859375 0.4609375 0.0140625 0.02734375
3 0.3296875 0.4853515625 0.090625 0.095703125
3 0.38046875 0.4765625 0.0359375 0.05078125
3 0.39921875 0.462890625 0.0265625 0.0390625
3 0.41875 0.451171875 0.034375 0.03125
3 0.43125 0.4443359375 0.03125 0.037109375
3 0.446875 0.4423828125 0.015625 0.025390625
3 0.46171875 0.4375 0.0203125 0.01953125
3 0.50546875 0.4423828125 0.0171875 0.025390625
3 0.90234375 0.70703125 0.1921875 0.29296875
3 0.78671875 0.6015625 0.2046875 0.1640625
3 0.696875 0.5478515625 0.128125 0.119140625
3 0.61796875 0.4970703125 0.0765625 0.068359375
3 0.59375 0.478515625 0.05625 0.07421875
3 0.56328125 0.458984375 0.0421875 0.05078125
3 0.53984375 0.44921875 0.0328125 0.0390625
3 0.28125 0.4521484375 0.046875 0.048828125
3 0.14921875 0.451171875 0.0765625 0.03125
3 0.83984375 0.447265625 0.0421875 0.02734375
1 0.41484375 0.458984375 0.0203125 0.046875
1 0.459375 0.4521484375 0.0125 0.037109375
