10 0.084375 0.3837890625 0.0125 0.041015625
10 0.05234375 0.42578125 0.0171875 0.01953125
10 0.2921875 0.3896484375 0.015625 0.041015625
10 0.72421875 0.3876953125 0.0109375 0.037109375
10 0.59296875 0.4169921875 0.0015625 0.005859375
12 0.29765625 0.427734375 0.0171875 0.03125
12 0.58984375 0.4169921875 0.0046875 0.005859375
1 0.16640625 0.482421875 0.0203125 0.078125
1 0.11796875 0.4990234375 0.0296875 0.083984375
1 0.36015625 0.466796875 0.0109375 0.04296875
1 0.3703125 0.4658203125 0.009375 0.041015625
1 0.6078125 0.4521484375 0.00625 0.021484375
2 0.95625 0.498046875 0.034375 0.04296875
2 0.90078125 0.55078125 0.0359375 0.0859375
3 0.52265625 0.482421875 0.0390625 0.05078125
3 0.5 0.490234375 0.05625 0.0546875
3 0.4890625 0.455078125 0.01875 0.01953125
3 0.4703125 0.4658203125 0.034375 0.037109375
3 0.62734375 0.451171875 0.0203125 0.01953125
3 0.6109375 0.4453125 0.009375 0.01171875
3 0.6 0.4453125 0.009375 0.0078125
3 0.56328125 0.4453125 0.0078125 0.0078125
1 0.9015625 0.5146484375 0.04375 0.130859375
11 0.0125 0.5146484375 0.0125 0.041015625
12 0.72421875 0.423828125 0.0171875 0.03125
