12 0.5484375 0.4560546875 0.0125 0.025390625
12 0.5609375 0.453125 0.00625 0.01171875
12 0.5890625 0.4560546875 0.00625 0.017578125
1 0.52578125 0.49609375 0.0109375 0.03515625
1 0.91015625 0.494140625 0.0046875 0.01953125
1 0.9046875 0.49609375 0.00625 0.015625
1 0.3015625 0.4794921875 0.009375 0.029296875
3 0.4578125 0.52734375 0.11875 0.125
3 0.5953125 0.50390625 0.096875 0.05859375
3 0.75 0.5068359375 0.059375 0.033203125
3 0.65078125 0.48828125 0.0390625 0.0234375
3 0.68359375 0.4892578125 0.0296875 0.021484375
3 0.88828125 0.498046875 0.0234375 0.01953125
3 0.86484375 0.498046875 0.0296875 0.0234375
3 0.7859375 0.5068359375 0.021875 0.033203125
