10 0.09765625 0.1552734375 0.0234375 0.072265625
10 0.25546875 0.14453125 0.0234375 0.0703125
10 0.48359375 0.2919921875 0.0140625 0.041015625
10 0.12109375 0.376953125 0.0078125 0.03125
10 0.1203125 0.416015625 0.009375 0.015625
12 0.21171875 0.130859375 0.0359375 0.0546875
12 0.596875 0.3427734375 0.009375 0.013671875
1 0.734375 0.4384765625 0.01875 0.025390625
1 0.7109375 0.4599609375 0.01875 0.087890625
1 0.03359375 0.4541015625 0.0109375 0.037109375
1 0.0484375 0.4521484375 0.009375 0.021484375
1 0.0609375 0.4501953125 0.009375 0.021484375
2 0.975 0.529296875 0.046875 0.12890625
3 0.3140625 0.466796875 0.05 0.046875
3 0.1109375 0.4755859375 0.15625 0.064453125
3 0.44765625 0.4755859375 0.1328125 0.150390625
1 0.59375 0.4755859375 0.028125 0.080078125
