12 0.60390625 0.375 0.0359375 0.01953125
12 0.5234375 0.4208984375 0.015625 0.017578125
1 0.03046875 0.4873046875 0.0171875 0.041015625
1 0.04375 0.490234375 0.0125 0.03515625
3 0.17578125 0.486328125 0.1015625 0.08984375
3 0.2359375 0.48046875 0.040625 0.07421875
3 0.26171875 0.4765625 0.0390625 0.06640625
3 0.296875 0.4697265625 0.025 0.033203125
3 0.34296875 0.4697265625 0.0203125 0.021484375
3 0.36640625 0.46875 0.0203125 0.0234375
3 0.4328125 0.4658203125 0.0125 0.017578125
3 0.44609375 0.4697265625 0.0109375 0.021484375
3 0.46015625 0.4716796875 0.0265625 0.029296875
3 0.54140625 0.478515625 0.0828125 0.0859375
3 0.6171875 0.49609375 0.1125 0.11328125
3 0.6578125 0.5185546875 0.128125 0.134765625
3 0.81171875 0.548828125 0.2890625 0.22265625
