10 0.36484375 0.3427734375 0.0203125 0.068359375
10 0.37734375 0.3408203125 0.0078125 0.064453125
10 0.35234375 0.5087890625 0.0140625 0.037109375
10 0.31875 0.45703125 0.009375 0.03125
10 0.88515625 0.3916015625 0.0203125 0.064453125
10 0.90390625 0.5234375 0.0109375 0.03515625
12 0.30859375 0.484375 0.0171875 0.01953125
12 0.86171875 0.431640625 0.0296875 0.0234375
12 0.86015625 0.458984375 0.0234375 0.0234375
12 0.8984375 0.4541015625 0.059375 0.021484375
3 0.03828125 0.5625 0.0765625 0.0546875
3 0.36171875 0.560546875 0.1390625 0.078125
3 0.4625 0.5458984375 0.05 0.048828125
3 0.4296875 0.54296875 0.034375 0.0390625
3 0.47421875 0.5205078125 0.0359375 0.029296875
3 0.55546875 0.546875 0.0515625 0.0546875
3 0.67734375 0.5771484375 0.1390625 0.126953125
3 0.93515625 0.685546875 0.1265625 0.3828125
