10 0.50703125 0.357421875 0.0078125 0.0234375
10 0.45546875 0.3544921875 0.0078125 0.021484375
10 0.40390625 0.322265625 0.0078125 0.01953125
10 0.33828125 0.3291015625 0.0109375 0.029296875
10 0.1953125 0.40234375 0.00625 0.02734375
10 0.60859375 0.4091796875 0.0078125 0.017578125
10 0.2265625 0.427734375 0.009375 0.02734375
12 0.46953125 0.3564453125 0.0109375 0.013671875
12 0.3890625 0.3251953125 0.015625 0.017578125
12 0.35625 0.4150390625 0.0125 0.017578125
12 0.15546875 0.412109375 0.0078125 0.01953125
12 0.59296875 0.3740234375 0.0265625 0.009765625
3 0.584375 0.4541015625 0.015625 0.013671875
3 0.55390625 0.4541015625 0.0265625 0.025390625
3 0.5359375 0.453125 0.0125 0.01171875
