12 0.3390625 0.4638671875 0.015625 0.021484375
12 0.51171875 0.5009765625 0.0078125 0.013671875
12 0.5125 0.5126953125 0.00625 0.009765625
1 0.3484375 0.513671875 0.0125 0.03515625
1 0.42109375 0.513671875 0.0046875 0.01953125
1 0.43046875 0.513671875 0.0046875 0.015625
1 0.43515625 0.51171875 0.0046875 0.015625
1 0.43984375 0.5107421875 0.0046875 0.017578125
1 0.44296875 0.5126953125 0.0046875 0.013671875
3 0.19609375 0.5234375 0.1640625 0.0703125
3 0.25703125 0.5234375 0.0890625 0.0546875
3 0.38828125 0.5244140625 0.0671875 0.068359375
3 0.4671875 0.5224609375 0.025 0.025390625
