6 0.846875 0.388671875 0.303125 0.0859375
6 0.51953125 0.4453125 0.0640625 0.08203125
6 0.43203125 0.455078125 0.0984375 0.0390625
1 0.809375 0.490234375 0.046875 0.15625
1 0.7734375 0.482421875 0.040625 0.171875
1 0.725 0.474609375 0.034375 0.12890625
1 0.6953125 0.4814453125 0.03125 0.115234375
1 0.58984375 0.4697265625 0.0203125 0.056640625
1 0.609375 0.46484375 0.01875 0.0625
1 0.66171875 0.4521484375 0.0109375 0.041015625
1 0.67109375 0.439453125 0.0109375 0.03515625
1 0.55078125 0.4599609375 0.0109375 0.041015625
1 0.5734375 0.458984375 0.0125 0.046875
1 0.16484375 0.4833984375 0.0109375 0.041015625
1 0.12421875 0.4853515625 0.0203125 0.037109375
3 0.95078125 0.4912109375 0.0953125 0.111328125
3 0.95 0.4384765625 0.096875 0.091796875
3 0.9140625 0.4453125 0.16875 0.1328125
3 0.64375 0.4501953125 0.025 0.029296875
3 0.4484375 0.4638671875 0.0375 0.041015625
3 0.47578125 0.4619140625 0.0203125 0.025390625
3 0.35546875 0.48828125 0.0890625 0.078125
