12 0.421875 0.4248046875 0.03125 0.017578125
12 0.47421875 0.44921875 0.0109375 0.00390625
8 0.50625 0.45703125 0.034375 0.046875
3 0.409375 0.46484375 0.00625 0.00390625
3 0.38828125 0.46484375 0.0078125 0.00390625
3 0.371875 0.46484375 0.009375 0.00390625
3 0.446875 0.4658203125 0.009375 0.009765625
3 0.48515625 0.46484375 0.0078125 0.0078125
3 0.465625 0.466796875 0.015625 0.015625
3 0.53359375 0.470703125 0.0359375 0.03515625
3 0.62578125 0.484375 0.0796875 0.0703125
3 0.82265625 0.5009765625 0.2453125 0.193359375
