6 0.4234375 0.4326171875 0.03125 0.044921875
10 0.78984375 0.3564453125 0.0265625 0.033203125
10 0.7890625 0.26953125 0.021875 0.07421875
12 0.7796875 0.3271484375 0.046875 0.021484375
12 0.6921875 0.3681640625 0.0125 0.021484375
12 0.56875 0.3984375 0.0125 0.015625
12 0.56875 0.4130859375 0.0125 0.009765625
1 0.6296875 0.4794921875 0.05 0.142578125
1 0.12421875 0.4423828125 0.0078125 0.025390625
2 0.6234375 0.4970703125 0.121875 0.095703125
3 0.27890625 0.4697265625 0.0984375 0.087890625
3 0.34140625 0.4599609375 0.0546875 0.068359375
3 0.45546875 0.462890625 0.0671875 0.0625
3 0.6171875 0.4599609375 0.084375 0.080078125
3 0.57265625 0.44921875 0.0578125 0.0703125
3 0.54453125 0.451171875 0.0234375 0.0546875
3 0.5328125 0.4482421875 0.03125 0.041015625
3 0.51328125 0.4462890625 0.0203125 0.029296875
3 0.503125 0.4453125 0.015625 0.0234375
3 0.49296875 0.4453125 0.0109375 0.01171875
3 0.4859375 0.4453125 0.00625 0.0078125
