6 0.62265625 0.572265625 0.1578125 0.14453125
12 0.3484375 0.51171875 0.0125 0.015625
12 0.34765625 0.5400390625 0.0140625 0.017578125
1 0.703125 0.5771484375 0.009375 0.052734375
1 0.71640625 0.576171875 0.0109375 0.046875
1 0.0890625 0.5439453125 0.015625 0.044921875
1 0.74609375 0.5927734375 0.0296875 0.044921875
3 0.01953125 0.7060546875 0.0390625 0.306640625
3 0.34140625 0.8017578125 0.4046875 0.392578125
3 0.38671875 0.58203125 0.1609375 0.0703125
3 0.48203125 0.62109375 0.0484375 0.12109375
3 0.490625 0.578125 0.0375 0.046875
3 0.4359375 0.5458984375 0.053125 0.017578125
3 0.53359375 0.5810546875 0.0234375 0.056640625
