12 0.5046875 0.4033203125 0.021875 0.005859375
1 0.60703125 0.4677734375 0.0234375 0.072265625
1 0.5859375 0.470703125 0.01875 0.06640625
1 0.353125 0.45703125 0.0125 0.04296875
1 0.3375 0.4580078125 0.0125 0.041015625
2 0.803125 0.6318359375 0.071875 0.146484375
3 0.71640625 0.5400390625 0.1578125 0.119140625
3 0.6 0.4599609375 0.065625 0.029296875
3 0.50703125 0.4892578125 0.0953125 0.072265625
3 0.5171875 0.4541015625 0.04375 0.013671875
3 0.44140625 0.478515625 0.0734375 0.0546875
3 0.4015625 0.4609375 0.071875 0.03515625
3 0.29765625 0.435546875 0.0390625 0.015625
3 0.240625 0.43359375 0.046875 0.01953125
3 0.18984375 0.43359375 0.0296875 0.01953125
3 0.13046875 0.4541015625 0.0609375 0.037109375
1 0.80390625 0.572265625 0.0734375 0.2109375
