10 0.1578125 0.5400390625 0.009375 0.025390625
10 0.29921875 0.5302734375 0.0078125 0.021484375
10 0.5203125 0.5400390625 0.00625 0.017578125
10 0.8078125 0.53125 0.00625 0.01953125
10 0.61328125 0.5595703125 0.0046875 0.013671875
10 0.6796875 0.5390625 0.00625 0.015625
10 0.36640625 0.5595703125 0.0046875 0.017578125
12 0.0578125 0.58203125 0.009375 0.0234375
12 0.0578125 0.5615234375 0.0125 0.013671875
12 0.1984375 0.513671875 0.01875 0.0390625
1 0.17109375 0.5966796875 0.0171875 0.060546875
1 0.19453125 0.5966796875 0.0171875 0.060546875
1 0.27109375 0.599609375 0.0140625 0.046875
1 0.2828125 0.59765625 0.015625 0.05078125
1 0.30234375 0.5927734375 0.0171875 0.060546875
1 0.31875 0.599609375 0.015625 0.046875
1 0.52421875 0.5869140625 0.0078125 0.029296875
1 0.4875 0.595703125 0.01875 0.05078125
1 0.45390625 0.5986328125 0.0140625 0.044921875
1 0.46328125 0.5986328125 0.0171875 0.048828125
1 0.46953125 0.5986328125 0.0203125 0.044921875
1 0.559375 0.5888671875 0.00625 0.029296875
1 0.61328125 0.578125 0.0046875 0.01953125
1 0.63125 0.5810546875 0.00625 0.017578125
1 0.76875 0.5712890625 0.00625 0.017578125
1 0.8390625 0.591796875 0.0125 0.05078125
1 0.85390625 0.58203125 0.0109375 0.0390625
1 0.8796875 0.59375 0.01875 0.0625
1 0.89609375 0.5869140625 0.0140625 0.052734375
1 0.93046875 0.5908203125 0.0171875 0.060546875
1 0.94609375 0.5859375 0.0203125 0.06640625
1 0.9640625 0.5849609375 0.015625 0.056640625
1 0.9875 0.599609375 0.021875 0.08984375
3 0.5796875 0.5947265625 0.0375 0.037109375
3 0.6703125 0.5703125 0.0375 0.03515625
3 0.715625 0.5771484375 0.015625 0.017578125
3 0.8015625 0.58984375 0.065625 0.0390625
