10 0.52890625 0.416015625 0.0078125 0.015625
10 0.44453125 0.3671875 0.0109375 0.01171875
10 0.39453125 0.3681640625 0.0109375 0.013671875
10 0.3734375 0.3662109375 0.0125 0.017578125
10 0.30625 0.3759765625 0.0125 0.017578125
10 0.45078125 0.4208984375 0.0046875 0.009765625
10 0.42265625 0.4189453125 0.0046875 0.009765625
10 0.4109375 0.4150390625 0.003125 0.009765625
10 0.38125 0.4208984375 0.003125 0.009765625
10 0.36484375 0.4453125 0.0046875 0.0078125
12 0.7 0.388671875 0.0125 0.0234375
12 0.5421875 0.4296875 0.009375 0.01953125
12 0.4609375 0.3681640625 0.00625 0.013671875
12 0.40859375 0.3681640625 0.0078125 0.013671875
12 0.35390625 0.3671875 0.0078125 0.015625
12 0.42734375 0.4189453125 0.0046875 0.005859375
1 0.5359375 0.462890625 0.00625 0.0234375
3 0.7015625 0.48828125 0.15 0.14453125
3 0.475 0.4697265625 0.05625 0.064453125
3 0.43359375 0.46484375 0.0203125 0.0234375
3 0.37109375 0.466796875 0.0171875 0.01953125
3 0.353125 0.4677734375 0.021875 0.021484375
3 0.3328125 0.466796875 0.021875 0.0234375
3 0.31640625 0.4697265625 0.0171875 0.021484375
3 0.29296875 0.470703125 0.0328125 0.02734375
3 0.059375 0.494140625 0.11875 0.09375
