12 0.27734375 0.404296875 0.0203125 0.02734375
12 0.27734375 0.4208984375 0.0109375 0.005859375
1 0.6046875 0.4501953125 0.009375 0.025390625
1 0.5953125 0.453125 0.00625 0.0234375
1 0.53203125 0.4716796875 0.0234375 0.041015625
1 0.0546875 0.455078125 0.0125 0.046875
2 0.21640625 0.4677734375 0.0296875 0.025390625
2 0.02890625 0.470703125 0.0203125 0.03125
3 0.8890625 0.658203125 0.21875 0.25390625
3 0.72578125 0.5615234375 0.2546875 0.185546875
3 0.58125 0.5341796875 0.146875 0.126953125
3 0.4828125 0.5166015625 0.115625 0.087890625
3 0.40546875 0.5048828125 0.1046875 0.080078125
3 0.3421875 0.4912109375 0.084375 0.068359375
3 0.82578125 0.4462890625 0.0171875 0.033203125
3 0.803125 0.4443359375 0.015625 0.033203125
3 0.7609375 0.439453125 0.025 0.02734375
3 0.6 0.4462890625 0.034375 0.025390625
3 0.628125 0.4453125 0.028125 0.0234375
3 0.4 0.453125 0.05625 0.0234375
3 0.16875 0.470703125 0.071875 0.0546875
1 0.02890625 0.453125 0.0109375 0.03125
