12 0.490625 0.4140625 0.00625 0.0078125
1 0.646875 0.466796875 0.01875 0.06640625
1 0.61015625 0.470703125 0.0171875 0.05859375
1 0.6296875 0.4638671875 0.021875 0.068359375
3 0.56796875 0.453125 0.0890625 0.04296875
3 0.6703125 0.451171875 0.0375 0.046875
3 0.071875 0.4814453125 0.14375 0.111328125
3 0.1640625 0.4677734375 0.10625 0.087890625
3 0.23671875 0.4716796875 0.0453125 0.052734375
3 0.2984375 0.4697265625 0.09375 0.087890625
3 0.384375 0.4560546875 0.028125 0.025390625
3 0.3875 0.44140625 0.021875 0.0234375
3 0.41484375 0.4404296875 0.0203125 0.021484375
3 0.39921875 0.4345703125 0.0109375 0.013671875
3 0.4203125 0.4267578125 0.01875 0.013671875
3 0.47578125 0.4423828125 0.0203125 0.021484375
3 0.96640625 0.45703125 0.0640625 0.06640625
3 0.48671875 0.37890625 0.0140625 0.015625
3 0.50078125 0.3671875 0.0109375 0.01171875
3 0.5046875 0.36328125 0.00625 0.0078125
3 0.4859375 0.4267578125 0.015625 0.017578125
3 0.51484375 0.404296875 0.0109375 0.01171875
