10 0.8296875 0.56640625 0.0125 0.03515625
10 0.5921875 0.4091796875 0.021875 0.064453125
10 0.58984375 0.5556640625 0.0109375 0.033203125
10 0.18515625 0.4140625 0.0171875 0.0625
10 0.18828125 0.5380859375 0.0140625 0.033203125
10 0.74921875 0.4677734375 0.0234375 0.029296875
12 0.575 0.4794921875 0.028125 0.037109375
12 0.57578125 0.5078125 0.0203125 0.015625
12 0.53359375 0.5205078125 0.0171875 0.021484375
12 0.31640625 0.5048828125 0.0203125 0.025390625
1 0.84140625 0.5908203125 0.0171875 0.064453125
1 0.73046875 0.5751953125 0.0171875 0.048828125
1 0.7578125 0.5810546875 0.01875 0.056640625
1 0.66875 0.55859375 0.0125 0.03125
1 0.68203125 0.56640625 0.0140625 0.0390625
1 0.703125 0.5634765625 0.0125 0.041015625
1 0.69375 0.5654296875 0.0125 0.037109375
1 0.5484375 0.572265625 0.0125 0.04296875
1 0.54296875 0.578125 0.0203125 0.046875
1 0.20859375 0.5830078125 0.0265625 0.048828125
1 0.346875 0.5751953125 0.015625 0.041015625
1 0.16875 0.58203125 0.01875 0.0859375
1 0.1578125 0.5810546875 0.021875 0.087890625
3 0.265625 0.6279296875 0.1375 0.130859375
3 0.43671875 0.5751953125 0.1421875 0.052734375
3 0.4078125 0.7373046875 0.290625 0.283203125
