1 0.5609375 0.4833984375 0.0125 0.044921875
1 0.58046875 0.4873046875 0.0140625 0.052734375
1 0.5703125 0.48828125 0.0125 0.046875
1 0.475 0.478515625 0.009375 0.03125
1 0.4671875 0.478515625 0.00625 0.03515625
1 0.46484375 0.482421875 0.0078125 0.02734375
1 0.46015625 0.48046875 0.0078125 0.03125
1 0.53359375 0.482421875 0.0203125 0.0546875
2 0.48828125 0.4794921875 0.0078125 0.013671875
2 0.54296875 0.498046875 0.0328125 0.03125
3 0.23125 0.51953125 0.15 0.12109375
3 0.2984375 0.501953125 0.08125 0.10546875
3 0.3453125 0.4814453125 0.028125 0.037109375
3 0.384375 0.490234375 0.065625 0.06640625
3 0.43046875 0.48828125 0.0328125 0.0390625
3 0.459375 0.48046875 0.025 0.02734375
3 0.8453125 0.556640625 0.30625 0.28125
3 0.68828125 0.509765625 0.1234375 0.14453125
3 0.62890625 0.51953125 0.0234375 0.07421875
3 0.61953125 0.4970703125 0.0515625 0.072265625
3 0.59453125 0.4931640625 0.0328125 0.064453125
3 0.45078125 0.4814453125 0.0171875 0.029296875
3 0.50703125 0.4697265625 0.0109375 0.009765625
3 0.5140625 0.46875 0.00625 0.0078125
3 0.559375 0.474609375 0.015625 0.01953125
3 0.55078125 0.47265625 0.0078125 0.015625
1 0.48828125 0.47265625 0.0078125 0.01953125
