6 0.64921875 0.4296875 0.1640625 0.17578125
10 0.40078125 0.3818359375 0.0078125 0.021484375
12 0.41640625 0.46484375 0.0234375 0.02734375
1 0.1296875 0.505859375 0.0125 0.046875
4 0.51953125 0.5205078125 0.0328125 0.064453125
3 0.121875 0.6904296875 0.24375 0.369140625
3 0.365625 0.53125 0.14375 0.125
3 0.45078125 0.5068359375 0.0703125 0.068359375
3 0.49140625 0.4912109375 0.0390625 0.044921875
3 0.5328125 0.48046875 0.025 0.03125
3 0.54609375 0.4755859375 0.0203125 0.033203125
3 0.6515625 0.5615234375 0.178125 0.212890625
3 0.940625 0.52734375 0.115625 0.17578125
3 0.890625 0.509765625 0.09375 0.12890625
3 0.80703125 0.498046875 0.0546875 0.1015625
3 0.80078125 0.4775390625 0.0578125 0.076171875
1 0.51875 0.494140625 0.028125 0.07421875
