6 0.8453125 0.41796875 0.30625 0.140625
6 0.43359375 0.453125 0.1015625 0.04296875
6 0.5203125 0.447265625 0.071875 0.08203125
6 0.63515625 0.4296875 0.0890625 0.05078125
1 0.8484375 0.478515625 0.05625 0.21484375
1 0.8015625 0.5078125 0.0625 0.1796875
1 0.1703125 0.4814453125 0.0125 0.037109375
1 0.128125 0.4892578125 0.015625 0.029296875
1 0.11171875 0.4755859375 0.0171875 0.025390625
1 0.37578125 0.46484375 0.0078125 0.01953125
1 0.5703125 0.45703125 0.015625 0.0546875
1 0.58046875 0.4599609375 0.0109375 0.041015625
1 0.590625 0.4580078125 0.0125 0.048828125
1 0.59765625 0.4560546875 0.0109375 0.037109375
1 0.6109375 0.453125 0.0125 0.046875
1 0.621875 0.451171875 0.0125 0.046875
1 0.6328125 0.451171875 0.015625 0.046875
3 0.9515625 0.486328125 0.09375 0.11328125
3 0.93359375 0.4462890625 0.1296875 0.138671875
3 0.8625 0.44140625 0.121875 0.11328125
3 0.45703125 0.462890625 0.0328125 0.0234375
11 0.340625 0.478515625 0.00625 0.01953125
3 0.471875 0.462890625 0.021875 0.0234375
