10 0.00390625 0.2607421875 0.0078125 0.044921875
10 0.065625 0.3798828125 0.0125 0.044921875
10 0.215625 0.38671875 0.009375 0.03515625
10 0.721875 0.296875 0.0125 0.046875
10 0.88046875 0.3671875 0.0140625 0.0546875
12 0.47109375 0.4111328125 0.0109375 0.017578125
12 0.875 0.3232421875 0.025 0.013671875
12 0.8875 0.3994140625 0.021875 0.009765625
12 0.6625 0.4111328125 0.0125 0.017578125
1 0.6421875 0.556640625 0.0625 0.13671875
3 0.515625 0.4375 0.025 0.02734375
11 0.23828125 0.4794921875 0.0109375 0.029296875
