10 0.2296875 0.1494140625 0.015625 0.056640625
10 0.3875 0.1640625 0.015625 0.05859375
10 0.59921875 0.32421875 0.0171875 0.05859375
10 0.5859375 0.3310546875 0.009375 0.052734375
10 0.78515625 0.1123046875 0.0328125 0.130859375
10 0.834375 0.0869140625 0.04375 0.154296875
10 0.8484375 0.2705078125 0.0375 0.060546875
10 0.4640625 0.431640625 0.003125 0.0078125
10 0.478125 0.43359375 0.003125 0.0078125
12 0.6046875 0.234375 0.075 0.0234375
12 0.84296875 0.203125 0.0390625 0.046875
12 0.54765625 0.4638671875 0.0265625 0.037109375
12 0.50625 0.4326171875 0.00625 0.009765625
12 0.43125 0.431640625 0.003125 0.0078125
1 0.32265625 0.51953125 0.0921875 0.27734375
8 0.0890625 0.4208984375 0.178125 0.216796875
