12 0.3046875 0.3857421875 0.015625 0.017578125
12 0.35546875 0.4091796875 0.0109375 0.017578125
12 0.88203125 0.2744140625 0.0203125 0.041015625
12 0.3546875 0.419921875 0.009375 0.00390625
1 0.6578125 0.4423828125 0.015625 0.048828125
2 0.75390625 0.533203125 0.0796875 0.16796875
8 0.28203125 0.4345703125 0.0703125 0.080078125
3 0.2203125 0.4609375 0.059375 0.046875
3 0.14140625 0.4521484375 0.0890625 0.076171875
3 0.06484375 0.4658203125 0.1265625 0.083984375
3 0.40546875 0.4443359375 0.0234375 0.025390625
3 0.4484375 0.44140625 0.01875 0.01953125
3 0.52734375 0.4384765625 0.0171875 0.017578125
3 0.5828125 0.44140625 0.01875 0.01953125
1 0.75546875 0.4775390625 0.0765625 0.228515625
