10 0.7515625 0.2822265625 0.01875 0.064453125
10 0.59765625 0.369140625 0.0234375 0.05859375
10 0.13984375 0.392578125 0.0140625 0.0390625
12 0.76015625 0.3564453125 0.0265625 0.037109375
1 0.740625 0.5087890625 0.034375 0.158203125
1 0.69921875 0.470703125 0.0140625 0.0390625
1 0.52890625 0.4755859375 0.0171875 0.064453125
2 0.59609375 0.53125 0.0296875 0.08203125
3 0.4578125 0.490234375 0.11875 0.1328125
3 0.39140625 0.4814453125 0.0203125 0.041015625
3 0.36171875 0.4814453125 0.0515625 0.056640625
3 0.2625 0.5029296875 0.11875 0.119140625
3 0.05859375 0.5302734375 0.1171875 0.330078125
1 0.59453125 0.5009765625 0.0390625 0.130859375
