10 0.79140625 0.3447265625 0.0140625 0.056640625
10 0.840625 0.33984375 0.015625 0.0546875
10 0.80078125 0.4150390625 0.0109375 0.021484375
10 0.67421875 0.3642578125 0.0171875 0.056640625
10 0.678125 0.4208984375 0.015625 0.021484375
10 0.40390625 0.2548828125 0.0203125 0.060546875
10 0.1734375 0.2431640625 0.021875 0.060546875
12 0.51953125 0.310546875 0.0671875 0.01953125
12 0.2046875 0.236328125 0.028125 0.0390625
12 0.6046875 0.427734375 0.025 0.0390625
1 0.91875 0.5009765625 0.040625 0.134765625
3 0.4609375 0.5009765625 0.103125 0.115234375
3 0.39765625 0.4912109375 0.0265625 0.033203125
3 0.05703125 0.4990234375 0.1140625 0.091796875
3 0.2859375 0.49609375 0.034375 0.02734375
