2 0.603125 0.5595703125 0.11875 0.220703125
3 0.15234375 0.458984375 0.0953125 0.078125
3 0.0515625 0.5322265625 0.103125 0.353515625
3 0.45546875 0.4599609375 0.0609375 0.060546875
3 0.54140625 0.4677734375 0.1109375 0.119140625
3 0.80625 0.5244140625 0.34375 0.232421875
3 0.29453125 0.447265625 0.0203125 0.01953125
3 0.3109375 0.4443359375 0.015625 0.017578125
3 0.35703125 0.4462890625 0.0171875 0.013671875
1 0.5984375 0.4765625 0.103125 0.296875
12 0.48046875 0.341796875 0.0234375 0.03125
10 0.3828125 0.3056640625 0.015625 0.017578125
10 0.4 0.306640625 0.015625 0.015625
