10 0.48203125 0.3955078125 0.0046875 0.009765625
10 0.45859375 0.39453125 0.0046875 0.01171875
1 0.63046875 0.43359375 0.0109375 0.04296875
3 0.4734375 0.4287109375 0.009375 0.009765625
3 0.428125 0.4345703125 0.0125 0.013671875
3 0.39375 0.44140625 0.00625 0.01171875
3 0.2234375 0.466796875 0.05 0.0390625
3 0.43671875 0.4072265625 0.0046875 0.005859375
3 0.44921875 0.41015625 0.0046875 0.00390625
11 0.50703125 0.431640625 0.0046875 0.0078125
3 0.84921875 0.44140625 0.0671875 0.0546875
12 0.5703125 0.419921875 0.015625 0.01171875
