6 0.52265625 0.5185546875 0.0359375 0.037109375
10 0.8609375 0.4541015625 0.0125 0.044921875
10 0.8609375 0.53125 0.00625 0.0234375
1 0.01484375 0.5537109375 0.0140625 0.048828125
1 0.0734375 0.5517578125 0.0125 0.044921875
1 0.0875 0.5478515625 0.009375 0.029296875
1 0.09765625 0.5458984375 0.0078125 0.025390625
1 0.178125 0.5439453125 0.009375 0.037109375
1 0.1921875 0.546875 0.009375 0.03515625
1 0.2109375 0.5400390625 0.00625 0.029296875
1 0.22890625 0.541015625 0.0078125 0.0234375
1 0.22265625 0.5732421875 0.0265625 0.076171875
1 0.2421875 0.5771484375 0.025 0.076171875
1 0.27265625 0.57421875 0.0234375 0.0703125
1 0.24609375 0.5400390625 0.0078125 0.021484375
1 0.37109375 0.5615234375 0.0140625 0.072265625
1 0.3546875 0.568359375 0.015625 0.07421875
1 0.3328125 0.564453125 0.021875 0.07421875
1 0.309375 0.5556640625 0.015625 0.048828125
1 0.359375 0.552734375 0.015625 0.05859375
1 0.9296875 0.5908203125 0.040625 0.130859375
1 0.81171875 0.5673828125 0.0171875 0.080078125
1 0.834375 0.5654296875 0.015625 0.064453125
1 0.84296875 0.5595703125 0.0171875 0.080078125
1 0.79296875 0.5478515625 0.0171875 0.052734375
1 0.396875 0.5263671875 0.0125 0.033203125
3 0.16015625 0.5693359375 0.0515625 0.044921875
3 0.1 0.576171875 0.075 0.05078125
3 0.2828125 0.55078125 0.05 0.0546875
3 0.3875 0.5498046875 0.028125 0.041015625
3 0.43046875 0.572265625 0.0765625 0.08984375
3 0.46640625 0.548828125 0.0234375 0.0390625
3 0.48046875 0.54296875 0.0171875 0.03125
3 0.5078125 0.568359375 0.05 0.06640625
3 0.56875 0.5556640625 0.040625 0.041015625
3 0.53125 0.5419921875 0.01875 0.017578125
3 0.54609375 0.5361328125 0.0203125 0.021484375
3 0.603125 0.544921875 0.03125 0.03125
3 0.6640625 0.560546875 0.065625 0.0703125
3 0.6265625 0.5576171875 0.01875 0.048828125
3 0.7390625 0.572265625 0.10625 0.09765625
3 0.54765625 0.5185546875 0.0140625 0.013671875
3 0.56171875 0.53125 0.0140625 0.01171875
3 0.49609375 0.5361328125 0.0171875 0.017578125
