12 0.80390625 0.455078125 0.0234375 0.02734375
4 0.665625 0.505859375 0.025 0.04296875
4 0.46796875 0.5244140625 0.0234375 0.052734375
3 0.61484375 0.4912109375 0.0234375 0.021484375
3 0.55234375 0.498046875 0.0296875 0.02734375
3 0.56953125 0.4873046875 0.0140625 0.017578125
3 0.5328125 0.4921875 0.015625 0.01953125
3 0.51796875 0.4873046875 0.0203125 0.021484375
3 0.4875 0.4892578125 0.0125 0.009765625
3 0.475 0.4892578125 0.009375 0.009765625
3 0.4484375 0.4931640625 0.0125 0.009765625
3 0.42265625 0.4970703125 0.0203125 0.013671875
3 0.39296875 0.5009765625 0.0234375 0.017578125
3 0.37578125 0.5029296875 0.0140625 0.013671875
3 0.18125 0.5302734375 0.053125 0.029296875
1 0.66640625 0.49609375 0.0203125 0.05078125
1 0.4671875 0.5126953125 0.021875 0.056640625
