10 0.346875 0.3994140625 0.009375 0.029296875
10 0.43203125 0.33984375 0.0109375 0.03125
10 0.44296875 0.3701171875 0.0078125 0.021484375
10 0.52421875 0.3984375 0.0109375 0.03125
12 0.66875 0.373046875 0.015625 0.03125
1 0.05625 0.4716796875 0.03125 0.103515625
1 0.23671875 0.4482421875 0.0140625 0.021484375
1 0.4046875 0.4619140625 0.00625 0.025390625
1 0.42734375 0.4619140625 0.0078125 0.021484375
1 0.590625 0.4599609375 0.0125 0.041015625
1 0.80078125 0.4765625 0.0546875 0.1328125
1 0.61953125 0.4560546875 0.0109375 0.033203125
1 0.6578125 0.4482421875 0.009375 0.029296875
2 0.1125 0.5146484375 0.05625 0.095703125
2 0.0921875 0.5205078125 0.04375 0.091796875
2 0.18359375 0.49609375 0.0265625 0.05859375
2 0.22109375 0.4951171875 0.0296875 0.068359375
2 0.2375 0.4833984375 0.021875 0.060546875
2 0.2828125 0.484375 0.028125 0.046875
2 0.33359375 0.4697265625 0.0140625 0.037109375
2 0.4984375 0.4990234375 0.021875 0.056640625
2 0.54765625 0.5009765625 0.0171875 0.056640625
2 0.5703125 0.4716796875 0.015625 0.029296875
2 0.68359375 0.49609375 0.0359375 0.078125
2 0.721875 0.4921875 0.053125 0.09765625
2 0.91953125 0.603515625 0.0953125 0.171875
2 0.640625 0.482421875 0.028125 0.05078125
2 0.06484375 0.5302734375 0.0359375 0.072265625
3 0.44375 0.4638671875 0.025 0.013671875
3 0.46328125 0.4609375 0.0234375 0.015625
3 0.98046875 0.564453125 0.0359375 0.17578125
1 0.49609375 0.4755859375 0.0296875 0.087890625
1 0.546875 0.4697265625 0.025 0.091796875
1 0.91171875 0.51171875 0.0953125 0.28515625
