6 0.46484375 0.4609375 0.0296875 0.04296875
10 0.9515625 0.40625 0.015625 0.02734375
10 0.940625 0.3310546875 0.01875 0.064453125
10 0.80078125 0.287109375 0.0234375 0.08203125
10 0.7796875 0.296875 0.0125 0.0625
10 0.79765625 0.2177734375 0.0140625 0.037109375
10 0.74453125 0.24609375 0.0109375 0.04296875
10 0.803125 0.38671875 0.025 0.03125
10 0.65703125 0.4443359375 0.0046875 0.013671875
10 0.65390625 0.4091796875 0.0078125 0.029296875
10 0.5625 0.4423828125 0.009375 0.013671875
10 0.5609375 0.4091796875 0.00625 0.029296875
10 0.1390625 0.4375 0.009375 0.015625
10 0.1015625 0.296875 0.009375 0.03515625
10 0.05546875 0.2529296875 0.0109375 0.037109375
10 0.21328125 0.408203125 0.0078125 0.03515625
10 0.20546875 0.4052734375 0.0078125 0.029296875
12 0.88515625 0.2744140625 0.0453125 0.041015625
12 0.78515625 0.4736328125 0.0078125 0.033203125
12 0.49609375 0.4443359375 0.0078125 0.013671875
12 0.1046875 0.3505859375 0.01875 0.017578125
3 0.4765625 0.48046875 0.03125 0.03125
3 0.409375 0.46875 0.009375 0.01171875
3 0.3953125 0.46875 0.015625 0.015625
3 0.36015625 0.4853515625 0.0390625 0.041015625
3 0.2875 0.48828125 0.121875 0.05078125
3 0.4265625 0.48046875 0.034375 0.03515625
