12 0.0578125 0.3203125 0.034375 0.0625
12 0.584375 0.37890625 0.0125 0.01953125
12 0.9046875 0.369140625 0.009375 0.015625
2 0.5171875 0.451171875 0.025 0.0546875
2 0.484375 0.45703125 0.025 0.04296875
2 0.44921875 0.4580078125 0.0296875 0.048828125
2 0.41796875 0.45703125 0.0234375 0.0546875
2 0.39140625 0.4619140625 0.0234375 0.052734375
2 0.346875 0.46484375 0.0375 0.0625
2 0.33359375 0.466796875 0.0171875 0.05078125
2 0.27890625 0.4736328125 0.0578125 0.072265625
2 0.24296875 0.4775390625 0.0546875 0.064453125
2 0.309375 0.4697265625 0.025 0.056640625
2 0.18046875 0.48046875 0.0515625 0.078125
2 0.15546875 0.482421875 0.0234375 0.07421875
2 0.09296875 0.4892578125 0.0671875 0.083984375
2 0.0375 0.48828125 0.05 0.08203125
3 0.10703125 0.421875 0.2140625 0.09375
3 0.5828125 0.4306640625 0.040625 0.033203125
3 0.88203125 0.4287109375 0.0734375 0.080078125
1 0.52109375 0.4296875 0.0296875 0.078125
1 0.48671875 0.439453125 0.0265625 0.06640625
1 0.44921875 0.4404296875 0.0296875 0.068359375
1 0.41875 0.423828125 0.028125 0.07421875
1 0.40234375 0.43359375 0.0203125 0.078125
1 0.36015625 0.4404296875 0.0265625 0.103515625
1 0.34375 0.439453125 0.028125 0.0546875
1 0.31015625 0.451171875 0.0296875 0.09765625
1 0.278125 0.4501953125 0.040625 0.111328125
1 0.24453125 0.44921875 0.0390625 0.07421875
1 0.265625 0.431640625 0.021875 0.0390625
1 0.2125 0.4609375 0.028125 0.09765625
1 0.184375 0.4443359375 0.059375 0.103515625
1 0.0921875 0.455078125 0.053125 0.109375
1 0.0453125 0.4443359375 0.04375 0.126953125
3 0.63046875 0.416015625 0.0546875 0.03515625
