10 0.696875 0.3212890625 0.015625 0.060546875
10 0.48125 0.16796875 0.015625 0.0625
10 0.1234375 0.328125 0.015625 0.05859375
12 0.6375 0.3857421875 0.021875 0.033203125
1 0.06796875 0.470703125 0.0265625 0.0546875
1 0.9421875 0.4931640625 0.034375 0.119140625
1 0.3296875 0.447265625 0.0125 0.0390625
1 0.25390625 0.44921875 0.0140625 0.04296875
2 0.19296875 0.484375 0.0421875 0.046875
2 0.1625 0.48828125 0.028125 0.05078125
2 0.20859375 0.5830078125 0.1234375 0.126953125
2 0.728125 0.490234375 0.0375 0.05859375
2 0.765625 0.486328125 0.028125 0.06640625
2 0.63984375 0.4677734375 0.0171875 0.044921875
3 0.07734375 0.4541015625 0.0796875 0.041015625
3 0.59296875 0.48046875 0.0640625 0.06640625
3 0.56171875 0.4609375 0.0390625 0.05078125
3 0.54140625 0.453125 0.0234375 0.0390625
3 0.51875 0.439453125 0.028125 0.02734375
3 0.50234375 0.4345703125 0.0109375 0.013671875
3 0.46015625 0.4345703125 0.0140625 0.013671875
3 0.44296875 0.4375 0.0171875 0.01953125
3 0.4828125 0.435546875 0.0125 0.0078125
1 0.19921875 0.5546875 0.0703125 0.140625
12 0.8390625 0.365234375 0.05 0.01953125
12 0.83984375 0.34765625 0.0203125 0.01953125
