10 0.45234375 0.404296875 0.0078125 0.0234375
10 0.6859375 0.4033203125 0.009375 0.021484375
10 0.85546875 0.3984375 0.0109375 0.02734375
10 0.8421875 0.3984375 0.009375 0.02734375
10 0.3765625 0.3857421875 0.009375 0.033203125
1 0.35859375 0.466796875 0.0140625 0.04296875
1 0.37265625 0.4658203125 0.0140625 0.044921875
1 0.8015625 0.4560546875 0.01875 0.037109375
2 0.2421875 0.490234375 0.025 0.015625
3 0.54765625 0.4658203125 0.0390625 0.037109375
3 0.57734375 0.4453125 0.0234375 0.0234375
3 0.534375 0.4443359375 0.021875 0.021484375
3 0.578125 0.42578125 0.0125 0.015625
3 0.5953125 0.427734375 0.009375 0.01171875
3 0.6125 0.4189453125 0.003125 0.005859375
3 0.6015625 0.4208984375 0.003125 0.005859375
3 0.621875 0.423828125 0.009375 0.01171875
1 0.24375 0.4765625 0.028125 0.03125
11 0.45625 0.4658203125 0.00625 0.021484375
12 0.4515625 0.423828125 0.009375 0.015625
