10 0.41640625 0.39453125 0.0046875 0.01953125
10 0.4828125 0.43359375 0.00625 0.015625
10 0.00546875 0.4013671875 0.0078125 0.025390625
12 0.44140625 0.4013671875 0.0203125 0.005859375
12 0.51328125 0.4443359375 0.0140625 0.017578125
12 0.49453125 0.4365234375 0.0078125 0.013671875
12 0.03125 0.3740234375 0.028125 0.017578125
3 0.93671875 0.5068359375 0.1234375 0.263671875
3 0.80546875 0.5166015625 0.2140625 0.169921875
3 0.67734375 0.49609375 0.1296875 0.1171875
3 0.6140625 0.48046875 0.090625 0.1015625
3 0.40625 0.4697265625 0.03125 0.013671875
3 0.53046875 0.4677734375 0.0265625 0.025390625
