12 0.725 0.345703125 0.034375 0.04296875
1 0.6515625 0.4609375 0.025 0.10546875
1 0.6703125 0.48828125 0.021875 0.046875
1 0.690625 0.462890625 0.028125 0.09765625
1 0.73515625 0.5126953125 0.0671875 0.166015625
1 0.828125 0.4931640625 0.059375 0.134765625
1 0.8640625 0.5087890625 0.08125 0.189453125
1 0.93203125 0.47265625 0.0640625 0.09375
1 0.96328125 0.5234375 0.0703125 0.2265625
2 0.34765625 0.5615234375 0.1234375 0.197265625
4 0.21484375 0.4970703125 0.1421875 0.123046875
4 0.06953125 0.5244140625 0.1328125 0.119140625
3 0.55859375 0.4677734375 0.0890625 0.080078125
3 0.4578125 0.4716796875 0.128125 0.150390625
3 0.2796875 0.4716796875 0.0625 0.083984375
3 0.12265625 0.4873046875 0.1046875 0.080078125
3 0.14765625 0.44140625 0.1078125 0.0390625
3 0.01796875 0.46875 0.0359375 0.0859375
3 0.05859375 0.4638671875 0.0640625 0.064453125
1 0.33984375 0.4873046875 0.1046875 0.314453125
