12 0.63984375 0.4150390625 0.0171875 0.021484375
1 0.70546875 0.462890625 0.0109375 0.0390625
1 0.71328125 0.466796875 0.0140625 0.04296875
1 0.434375 0.455078125 0.009375 0.0234375
1 0.42890625 0.4521484375 0.0078125 0.021484375
1 0.56875 0.4462890625 0.003125 0.009765625
2 0.684375 0.4677734375 0.034375 0.033203125
2 0.54296875 0.47265625 0.0109375 0.02734375
2 0.553125 0.4697265625 0.009375 0.021484375
8 0.553125 0.4365234375 0.015625 0.013671875
3 0.67265625 0.455078125 0.0296875 0.02734375
3 0.58828125 0.4658203125 0.0453125 0.052734375
3 0.559375 0.453125 0.009375 0.01953125
3 0.5359375 0.4521484375 0.009375 0.013671875
3 0.5046875 0.4580078125 0.028125 0.033203125
3 0.45859375 0.4599609375 0.0265625 0.029296875
3 0.471875 0.4560546875 0.0125 0.021484375
3 0.47890625 0.4501953125 0.0234375 0.017578125
3 0.93125 0.7568359375 0.134375 0.291015625
3 0.0734375 0.65625 0.146875 0.2734375
3 0.659375 0.4560546875 0.034375 0.033203125
3 0.61015625 0.451171875 0.0140625 0.01953125
3 0.77890625 0.578125 0.1765625 0.1640625
3 0.6953125 0.53515625 0.0875 0.10546875
1 0.54296875 0.4638671875 0.0109375 0.037109375
1 0.55234375 0.4609375 0.0109375 0.03515625
11 0.33671875 0.478515625 0.0140625 0.01953125
