1 0.06796875 0.4453125 0.0234375 0.03125
1 0.0375 0.45703125 0.025 0.04296875
3 0.08125 0.51953125 0.1625 0.125
3 0.23046875 0.4931640625 0.0890625 0.072265625
3 0.284375 0.484375 0.04375 0.046875
3 0.30625 0.4765625 0.040625 0.05078125
3 0.3265625 0.4736328125 0.021875 0.044921875
3 0.33828125 0.4716796875 0.0203125 0.041015625
3 0.3578125 0.4658203125 0.03125 0.021484375
3 0.4265625 0.4677734375 0.04375 0.017578125
3 0.48125 0.4697265625 0.0375 0.041015625
3 0.49296875 0.4765625 0.0171875 0.0390625
3 0.50703125 0.4755859375 0.0328125 0.048828125
3 0.51328125 0.482421875 0.0328125 0.05078125
3 0.57109375 0.4794921875 0.1015625 0.115234375
3 0.63359375 0.5107421875 0.1359375 0.119140625
3 0.8140625 0.5537109375 0.296875 0.220703125
