12 0.2859375 0.4033203125 0.025 0.005859375
1 0.65390625 0.47265625 0.0171875 0.05859375
1 0.48203125 0.4423828125 0.0046875 0.013671875
1 0.4796875 0.44140625 0.003125 0.01171875
1 0.471875 0.4423828125 0.003125 0.009765625
1 0.39921875 0.4580078125 0.0140625 0.037109375
1 0.3609375 0.4638671875 0.015625 0.041015625
1 0.35078125 0.4619140625 0.0109375 0.044921875
1 0.33828125 0.4609375 0.0140625 0.04296875
1 0.13515625 0.505859375 0.0265625 0.09765625
1 0.103125 0.5048828125 0.021875 0.099609375
1 0.07578125 0.505859375 0.0234375 0.10546875
1 0.46484375 0.439453125 0.0046875 0.01171875
3 0.88828125 0.6015625 0.2203125 0.23828125
3 0.81796875 0.4990234375 0.1359375 0.072265625
3 0.6078125 0.474609375 0.05 0.05078125
3 0.58203125 0.4658203125 0.0296875 0.037109375
3 0.57421875 0.4619140625 0.0265625 0.033203125
3 0.55703125 0.455078125 0.0171875 0.0234375
3 0.5625 0.4580078125 0.01875 0.025390625
3 0.54296875 0.44921875 0.0140625 0.015625
3 0.53515625 0.4462890625 0.0140625 0.017578125
3 0.52421875 0.4423828125 0.0109375 0.013671875
3 0.503125 0.447265625 0.01875 0.0234375
3 0.48828125 0.439453125 0.0078125 0.0078125
3 0.428125 0.44921875 0.046875 0.03125
3 0.940625 0.474609375 0.05 0.0390625
3 0.97734375 0.46875 0.0421875 0.0390625
