10 0.4375 0.3759765625 0.00625 0.017578125
10 0.4765625 0.3798828125 0.00625 0.017578125
10 0.44921875 0.3994140625 0.0046875 0.013671875
10 0.37421875 0.3916015625 0.0046875 0.013671875
12 0.69609375 0.2587890625 0.0640625 0.080078125
12 0.69765625 0.326171875 0.0546875 0.0546875
1 0.7234375 0.4501953125 0.021875 0.072265625
1 0.071875 0.48046875 0.0125 0.04296875
1 0.025 0.484375 0.0125 0.05078125
1 0.03515625 0.484375 0.0109375 0.046875
3 0.36640625 0.462890625 0.0171875 0.03125
3 0.33828125 0.46875 0.0515625 0.0546875
3 0.47109375 0.4921875 0.1421875 0.16015625
