12 0.04765625 0.3486328125 0.0140625 0.029296875
1 0.94375 0.4619140625 0.0375 0.119140625
2 0.95703125 0.552734375 0.0828125 0.203125
2 0.875 0.521484375 0.084375 0.15625
2 0.15625 0.4755859375 0.021875 0.048828125
2 0.13125 0.486328125 0.021875 0.05859375
2 0.55234375 0.4755859375 0.0140625 0.037109375
2 0.6390625 0.478515625 0.034375 0.03125
2 0.3140625 0.544921875 0.0625 0.1328125
2 0.40703125 0.529296875 0.0546875 0.140625
2 0.48125 0.5205078125 0.05625 0.107421875
2 0.6 0.529296875 0.0625 0.12890625
2 0.73984375 0.6123046875 0.1109375 0.322265625
2 0.80859375 0.5478515625 0.0390625 0.103515625
3 0.4390625 0.458984375 0.015625 0.01953125
3 0.35390625 0.4638671875 0.0265625 0.033203125
3 0.2796875 0.47265625 0.03125 0.0546875
3 0.24140625 0.4765625 0.0796875 0.07421875
3 0.09765625 0.44921875 0.0828125 0.05078125
1 0.3125 0.48828125 0.0625 0.20703125
1 0.40625 0.48046875 0.053125 0.19140625
1 0.48359375 0.486328125 0.0546875 0.16796875
1 0.59921875 0.474609375 0.0609375 0.203125
1 0.740625 0.5146484375 0.115625 0.427734375
1 0.1515625 0.45703125 0.021875 0.0703125
