6 0.846875 0.419921875 0.303125 0.1484375
6 0.51484375 0.4326171875 0.0734375 0.056640625
6 0.63671875 0.43359375 0.0921875 0.0625
6 0.43046875 0.4521484375 0.0953125 0.044921875
1 0.9203125 0.6064453125 0.15625 0.529296875
1 0.6921875 0.4716796875 0.0375 0.123046875
1 0.6421875 0.45703125 0.021875 0.06640625
1 0.66484375 0.4453125 0.0109375 0.046875
1 0.61796875 0.4619140625 0.0203125 0.068359375
1 0.59921875 0.462890625 0.0171875 0.06640625
1 0.571875 0.453125 0.009375 0.03515625
1 0.584375 0.4521484375 0.009375 0.037109375
1 0.290625 0.46875 0.009375 0.03125
1 0.128125 0.4892578125 0.015625 0.029296875
1 0.3625 0.46484375 0.00625 0.01953125
1 0.3703125 0.4638671875 0.00625 0.021484375
1 0.375 0.46484375 0.00625 0.01953125
3 0.97734375 0.48828125 0.0421875 0.1171875
3 0.97109375 0.4248046875 0.0546875 0.068359375
3 0.8359375 0.4453125 0.053125 0.09765625
3 0.503125 0.5087890625 0.125 0.115234375
11 0.340625 0.4775390625 0.00625 0.021484375
