2 0.65625 0.5009765625 0.040625 0.095703125
2 0.56875 0.4970703125 0.0375 0.072265625
2 0.55078125 0.4912109375 0.0171875 0.056640625
2 0.47734375 0.4619140625 0.0171875 0.056640625
2 0.490625 0.458984375 0.0125 0.046875
2 0.43125 0.443359375 0.025 0.046875
2 0.39140625 0.439453125 0.0078125 0.0234375
2 0.41171875 0.44140625 0.0078125 0.0234375
2 0.36171875 0.443359375 0.0140625 0.015625
2 0.34375 0.4462890625 0.00625 0.013671875
3 0.2171875 0.419921875 0.065625 0.06640625
3 0.2328125 0.4150390625 0.05 0.068359375
1 0.34375 0.43359375 0.0125 0.0234375
1 0.36484375 0.431640625 0.0140625 0.02734375
1 0.390625 0.4248046875 0.015625 0.041015625
1 0.4109375 0.421875 0.015625 0.04296875
1 0.43046875 0.4208984375 0.0265625 0.068359375
1 0.4734375 0.4345703125 0.028125 0.095703125
1 0.4921875 0.4296875 0.015625 0.0625
1 0.54453125 0.45703125 0.0359375 0.11328125
1 0.56796875 0.458984375 0.0453125 0.109375
1 0.653125 0.4501953125 0.046875 0.146484375
