12 0.29921875 0.423828125 0.0109375 0.00390625
12 0.29921875 0.4091796875 0.0203125 0.025390625
12 0.40234375 0.3896484375 0.0140625 0.037109375
12 0.4 0.3564453125 0.015625 0.029296875
3 0.0921875 0.4873046875 0.10625 0.115234375
3 0.18203125 0.4736328125 0.0671875 0.068359375
3 0.23828125 0.47265625 0.0515625 0.05859375
3 0.2796875 0.4775390625 0.065625 0.064453125
3 0.04453125 0.46484375 0.0234375 0.046875
3 0.01640625 0.48046875 0.0328125 0.07421875
12 0.27890625 0.3369140625 0.0171875 0.033203125
