12 0.18515625 0.224609375 0.0390625 0.05859375
1 0.68828125 0.390625 0.0109375 0.078125
2 0.24609375 0.390625 0.0453125 0.0625
3 0.9328125 0.408203125 0.13125 0.13671875
3 0.76484375 0.4091796875 0.0640625 0.064453125
3 0.70390625 0.3857421875 0.0109375 0.017578125
3 0.696875 0.3896484375 0.009375 0.017578125
3 0.66484375 0.3916015625 0.0171875 0.025390625
3 0.64375 0.396484375 0.03125 0.02734375
3 0.6203125 0.39453125 0.01875 0.03515625
3 0.59609375 0.3955078125 0.0390625 0.037109375
3 0.56640625 0.3837890625 0.0296875 0.029296875
3 0.55625 0.3984375 0.0375 0.046875
3 0.5328125 0.3974609375 0.034375 0.056640625
3 0.48203125 0.3935546875 0.0859375 0.072265625
3 0.159375 0.3779296875 0.1625 0.123046875
1 0.71953125 0.4111328125 0.0359375 0.099609375
1 0.68046875 0.390625 0.0203125 0.08203125
3 0.0265625 0.3388671875 0.053125 0.080078125
2 0.0703125 0.3955078125 0.0375 0.080078125
