10 0.5796875 0.4404296875 0.00625 0.021484375
10 0.578125 0.46484375 0.009375 0.0078125
10 0.26640625 0.4326171875 0.0078125 0.025390625
10 0.26640625 0.4560546875 0.0078125 0.009765625
12 0.66484375 0.4189453125 0.0234375 0.033203125
12 0.61484375 0.4384765625 0.0203125 0.029296875
1 0.53984375 0.4990234375 0.0109375 0.013671875
1 0.97890625 0.5478515625 0.0390625 0.166015625
1 0.93828125 0.544921875 0.0640625 0.140625
1 0.87578125 0.5234375 0.0390625 0.12890625
1 0.77734375 0.48828125 0.0234375 0.05078125
1 0.71015625 0.5029296875 0.0171875 0.052734375
1 0.6625 0.5087890625 0.01875 0.048828125
1 0.690625 0.4892578125 0.009375 0.029296875
1 0.68046875 0.4912109375 0.0171875 0.033203125
1 0.2609375 0.4912109375 0.009375 0.033203125
1 0.375 0.4873046875 0.00625 0.021484375
1 0.5625 0.4921875 0.00625 0.01953125
2 0.43203125 0.546875 0.0390625 0.06640625
3 0.5234375 0.4931640625 0.015625 0.017578125
3 0.48515625 0.5244140625 0.0765625 0.080078125
1 0.43359375 0.51953125 0.0359375 0.0859375
12 0.93828125 0.2236328125 0.1203125 0.189453125
