2 0.10234375 0.53125 0.0390625 0.09375
2 0.21484375 0.533203125 0.0546875 0.11328125
2 0.19375 0.51953125 0.021875 0.0859375
2 0.28359375 0.552734375 0.0828125 0.1171875
2 0.55 0.5654296875 0.14375 0.134765625
3 0.04296875 0.505859375 0.0859375 0.125
3 0.165625 0.4814453125 0.053125 0.080078125
3 0.334375 0.482421875 0.0625 0.0546875
3 0.36640625 0.474609375 0.0421875 0.046875
3 0.5671875 0.474609375 0.0375 0.05859375
3 0.50625 0.478515625 0.021875 0.046875
3 0.4984375 0.4765625 0.01875 0.04296875
3 0.4890625 0.478515625 0.0125 0.03125
3 0.39453125 0.4716796875 0.0203125 0.025390625
1 0.1109375 0.48828125 0.053125 0.125
1 0.2125 0.4853515625 0.065625 0.173828125
1 0.19453125 0.4794921875 0.0359375 0.146484375
1 0.28515625 0.5078125 0.0703125 0.1640625
1 0.5484375 0.5166015625 0.090625 0.205078125
10 0.6171875 0.3330078125 0.0125 0.033203125
