10 0.83515625 0.3623046875 0.0140625 0.037109375
10 0.86640625 0.4013671875 0.0171875 0.017578125
10 0.5765625 0.376953125 0.009375 0.03125
12 0.87109375 0.36328125 0.0359375 0.01171875
12 0.57265625 0.4169921875 0.0203125 0.033203125
1 0.89140625 0.474609375 0.0203125 0.078125
1 0.878125 0.5029296875 0.03125 0.119140625
1 0.82578125 0.447265625 0.0359375 0.0546875
1 0.65390625 0.4638671875 0.0140625 0.041015625
1 0.284375 0.4697265625 0.009375 0.033203125
1 0.26015625 0.4697265625 0.0078125 0.033203125
3 0.746875 0.529296875 0.215625 0.17578125
3 0.43203125 0.48046875 0.0828125 0.08984375
3 0.346875 0.474609375 0.059375 0.0625
3 0.1171875 0.5078125 0.234375 0.22265625
79 0.85234375 0.5185546875 0.0328125 0.095703125
12 0.978125 0.330078125 0.040625 0.1015625
12 0.97578125 0.2119140625 0.0453125 0.130859375
