6 0.796875 0.5400390625 0.071875 0.095703125
6 0.89921875 0.546875 0.0828125 0.10546875
6 0.36328125 0.5400390625 0.1078125 0.052734375
10 0.1625 0.4130859375 0.009375 0.025390625
10 0.3859375 0.455078125 0.009375 0.03125
10 0.0546875 0.3837890625 0.021875 0.068359375
12 0.44609375 0.4736328125 0.0109375 0.029296875
12 0.05859375 0.4501953125 0.0421875 0.025390625
1 0.11015625 0.5546875 0.0140625 0.0390625
1 0.29765625 0.55078125 0.0140625 0.03515625
4 0.5921875 0.5908203125 0.028125 0.060546875
3 0.1671875 0.5634765625 0.0875 0.044921875
3 0.403125 0.6689453125 0.20625 0.208984375
3 0.4296875 0.58984375 0.128125 0.08984375
3 0.4515625 0.5751953125 0.10625 0.087890625
3 0.565625 0.5703125 0.053125 0.0703125
3 0.71953125 0.5986328125 0.1140625 0.103515625
3 0.9734375 0.775390625 0.05 0.23828125
3 0.96328125 0.5927734375 0.0703125 0.068359375
1 0.59296875 0.572265625 0.0234375 0.0625
