6 0.40078125 0.423828125 0.0546875 0.06640625
10 0.7890625 0.2685546875 0.021875 0.072265625
10 0.79140625 0.353515625 0.0234375 0.02734375
12 0.78046875 0.3271484375 0.0484375 0.021484375
12 0.56796875 0.3984375 0.0109375 0.015625
12 0.56796875 0.4111328125 0.0109375 0.009765625
3 0.6171875 0.4638671875 0.084375 0.087890625
3 0.56796875 0.451171875 0.0484375 0.0703125
3 0.540625 0.45703125 0.01875 0.04296875
3 0.53203125 0.44921875 0.0328125 0.0390625
3 0.51484375 0.4453125 0.0171875 0.03125
3 0.50390625 0.4443359375 0.0140625 0.025390625
3 0.46484375 0.4453125 0.0234375 0.0234375
3 0.4453125 0.443359375 0.009375 0.01171875
3 0.4125 0.4462890625 0.025 0.025390625
3 0.3375 0.4580078125 0.0625 0.072265625
3 0.284375 0.46875 0.0875 0.0859375
3 0.48515625 0.4443359375 0.0109375 0.013671875
3 0.49375 0.4453125 0.00625 0.01171875
12 0.6921875 0.3681640625 0.015625 0.025390625
