1 0.528125 0.4736328125 0.009375 0.029296875
1 0.521875 0.4716796875 0.00625 0.029296875
1 0.51875 0.4736328125 0.00625 0.025390625
1 0.515625 0.4736328125 0.00625 0.025390625
1 0.6 0.4755859375 0.0125 0.037109375
1 0.58515625 0.4765625 0.0140625 0.04296875
1 0.56875 0.474609375 0.009375 0.04296875
1 0.5734375 0.4755859375 0.00625 0.037109375
1 0.54140625 0.47265625 0.0140625 0.04296875
3 0.04140625 0.4892578125 0.0578125 0.091796875
3 0.16171875 0.5302734375 0.2078125 0.146484375
3 0.28515625 0.5078125 0.0984375 0.10546875
3 0.35625 0.4716796875 0.04375 0.052734375
3 0.9203125 0.673828125 0.15625 0.34765625
3 0.8375 0.5615234375 0.246875 0.216796875
3 0.725 0.5244140625 0.078125 0.111328125
3 0.70234375 0.4921875 0.1078125 0.10546875
3 0.65234375 0.4833984375 0.0390625 0.083984375
3 0.6328125 0.4921875 0.0125 0.046875
3 0.62890625 0.484375 0.0234375 0.046875
3 0.61953125 0.482421875 0.0234375 0.04296875
3 0.61015625 0.4775390625 0.0140625 0.033203125
3 0.40390625 0.4853515625 0.0734375 0.068359375
3 0.43828125 0.48046875 0.0296875 0.0625
3 0.46875 0.4775390625 0.04375 0.044921875
3 0.49921875 0.4775390625 0.0203125 0.029296875
3 0.55078125 0.4677734375 0.0078125 0.009765625
3 0.55546875 0.466796875 0.0046875 0.0078125
3 0.509375 0.474609375 0.00625 0.0234375
