10 0.9015625 0.3759765625 0.01875 0.091796875
10 0.95 0.41015625 0.009375 0.03515625
10 0.89375 0.447265625 0.021875 0.03515625
10 0.809375 0.4033203125 0.0125 0.044921875
10 0.678125 0.34375 0.009375 0.0390625
10 0.253125 0.416015625 0.009375 0.02734375
10 0.1359375 0.4111328125 0.009375 0.029296875
10 0.0921875 0.3173828125 0.009375 0.033203125
10 0.1921875 0.2392578125 0.025 0.091796875
10 0.06328125 0.3388671875 0.0265625 0.111328125
10 0.06171875 0.4296875 0.0203125 0.02734375
12 0.80703125 0.3681640625 0.0203125 0.013671875
12 0.81796875 0.4296875 0.0234375 0.0078125
12 0.63125 0.4375 0.009375 0.015625
12 0.4625 0.4375 0.009375 0.015625
12 0.0515625 0.40234375 0.025 0.015625
12 0.109375 0.4130859375 0.021875 0.009765625
1 0.72578125 0.5380859375 0.0390625 0.091796875
3 0.50234375 0.4619140625 0.0203125 0.025390625
11 0.26953125 0.494140625 0.0078125 0.0234375
