10 0.96640625 0.3916015625 0.0203125 0.033203125
12 0.40078125 0.3955078125 0.0265625 0.037109375
12 0.40234375 0.41796875 0.0203125 0.0078125
12 0.83671875 0.34765625 0.0359375 0.04296875
12 0.83671875 0.376953125 0.0296875 0.015625
1 0.4109375 0.4912109375 0.025 0.091796875
1 0.4265625 0.4873046875 0.025 0.095703125
1 0.88125 0.501953125 0.025 0.09375
1 0.79375 0.4892578125 0.025 0.087890625
1 0.76015625 0.48828125 0.0265625 0.08984375
3 0.08671875 0.4619140625 0.1734375 0.107421875
3 0.29921875 0.4921875 0.2078125 0.10546875
3 0.66015625 0.5068359375 0.0984375 0.072265625
3 0.73828125 0.4853515625 0.0265625 0.044921875
3 0.9296875 0.462890625 0.075 0.03515625
