10 0.68828125 0.486328125 0.0140625 0.01953125
10 0.55859375 0.458984375 0.0140625 0.0390625
10 0.303125 0.4609375 0.0125 0.0390625
10 0.309375 0.5107421875 0.009375 0.013671875
12 0.83125 0.5087890625 0.0375 0.044921875
12 0.52890625 0.5263671875 0.0140625 0.017578125
1 0.91875 0.580078125 0.015625 0.05078125
1 0.8515625 0.583984375 0.01875 0.06640625
1 0.87109375 0.583984375 0.0171875 0.0625
1 0.7515625 0.5830078125 0.015625 0.064453125
1 0.7734375 0.5849609375 0.01875 0.060546875
1 0.65390625 0.564453125 0.0140625 0.0390625
1 0.634375 0.55859375 0.009375 0.0234375
1 0.68046875 0.564453125 0.0078125 0.0390625
1 0.53671875 0.576171875 0.0109375 0.03125
1 0.54375 0.572265625 0.0125 0.03515625
1 0.4046875 0.572265625 0.015625 0.0390625
1 0.3375 0.552734375 0.0125 0.0234375
1 0.325 0.5673828125 0.0125 0.052734375
1 0.28125 0.5732421875 0.01875 0.033203125
1 0.25703125 0.572265625 0.0140625 0.03515625
1 0.67265625 0.5673828125 0.0109375 0.041015625
3 0.51875 0.5634765625 0.015625 0.017578125
3 0.46640625 0.5556640625 0.0671875 0.021484375
3 0.4640625 0.6240234375 0.125 0.123046875
3 0.36484375 0.591796875 0.0765625 0.078125
3 0.17109375 0.61328125 0.1203125 0.11328125
3 0.08125 0.642578125 0.1625 0.1484375
