1 0.45390625 0.4208984375 0.0046875 0.013671875
1 0.446875 0.4208984375 0.003125 0.013671875
1 0.51640625 0.44140625 0.0078125 0.03125
1 0.88515625 0.55859375 0.0515625 0.17578125
1 0.5203125 0.4208984375 0.00625 0.017578125
2 0.52890625 0.4638671875 0.0171875 0.029296875
3 0.01953125 0.6494140625 0.0390625 0.166015625
3 0.078125 0.580078125 0.15625 0.18359375
3 0.1875 0.54296875 0.125 0.12109375
3 0.23671875 0.5068359375 0.1046875 0.119140625
3 0.2953125 0.4990234375 0.040625 0.080078125
3 0.29921875 0.453125 0.0671875 0.04296875
3 0.359375 0.462890625 0.05 0.05078125
3 0.3921875 0.4501953125 0.034375 0.037109375
3 0.40390625 0.4453125 0.0171875 0.03125
3 0.4125 0.439453125 0.009375 0.01953125
3 0.45859375 0.419921875 0.0046875 0.0078125
3 0.4640625 0.41796875 0.00625 0.0078125
3 0.4359375 0.4248046875 0.00625 0.009765625
3 0.4421875 0.4248046875 0.00625 0.009765625
3 0.415625 0.4306640625 0.01875 0.017578125
3 0.4234375 0.42578125 0.015625 0.01953125
3 0.4953125 0.431640625 0.021875 0.0234375
3 0.51484375 0.4296875 0.0140625 0.015625
3 0.9609375 0.5068359375 0.075 0.107421875
3 0.84921875 0.505859375 0.1921875 0.09375
3 0.74609375 0.4765625 0.1171875 0.0703125
3 0.709375 0.4609375 0.078125 0.05859375
3 0.6421875 0.4638671875 0.05 0.052734375
3 0.61953125 0.455078125 0.0484375 0.04296875
3 0.55078125 0.4345703125 0.0140625 0.029296875
3 0.578125 0.435546875 0.028125 0.03125
3 0.59296875 0.443359375 0.0234375 0.02734375
3 0.071875 0.4609375 0.14375 0.07421875
1 0.5265625 0.451171875 0.0125 0.046875
