10 0.071875 0.4755859375 0.01875 0.044921875
12 0.73515625 0.466796875 0.0265625 0.03515625
12 0.7375 0.498046875 0.021875 0.02734375
12 0.06953125 0.5205078125 0.0171875 0.021484375
1 0.6828125 0.564453125 0.01875 0.0625
1 0.728125 0.5673828125 0.0125 0.068359375
1 0.7640625 0.5673828125 0.021875 0.072265625
1 0.74921875 0.5927734375 0.0234375 0.091796875
1 0.775 0.59375 0.021875 0.08984375
1 0.575 0.5458984375 0.00625 0.025390625
1 0.56015625 0.5439453125 0.0046875 0.017578125
1 0.55703125 0.544921875 0.0046875 0.015625
1 0.2953125 0.564453125 0.009375 0.03515625
1 0.30234375 0.56640625 0.0109375 0.03125
1 0.24609375 0.5576171875 0.0078125 0.021484375
1 0.253125 0.5615234375 0.009375 0.029296875
1 0.04375 0.587890625 0.01875 0.06640625
1 0.0671875 0.580078125 0.01875 0.078125
2 0.37265625 0.56640625 0.0109375 0.01953125
2 0.39140625 0.5634765625 0.0109375 0.017578125
8 0.44140625 0.53515625 0.0234375 0.02734375
3 0.48203125 0.5625 0.0359375 0.03515625
3 0.21484375 0.6025390625 0.0984375 0.080078125
1 0.3734375 0.5595703125 0.009375 0.025390625
1 0.3921875 0.556640625 0.009375 0.0234375
