10 0.9078125 0.169921875 0.028125 0.09765625
10 0.8921875 0.2861328125 0.05625 0.056640625
10 0.46875 0.4150390625 0.00625 0.021484375
1 0.7453125 0.4521484375 0.03125 0.083984375
1 0.8171875 0.4404296875 0.01875 0.083984375
1 0.86796875 0.4443359375 0.0203125 0.095703125
2 0.471875 0.466796875 0.0125 0.02734375
2 0.95390625 0.5537109375 0.0890625 0.169921875
3 0.34375 0.4560546875 0.028125 0.029296875
3 0.3953125 0.455078125 0.028125 0.02734375
3 0.42578125 0.462890625 0.0359375 0.03515625
1 0.4734375 0.4609375 0.015625 0.0390625
1 0.97421875 0.5029296875 0.0484375 0.244140625
3 0.634375 0.4853515625 0.19375 0.189453125
