12 0.51484375 0.3916015625 0.0078125 0.017578125
2 0.33828125 0.419921875 0.0140625 0.02734375
2 0.31640625 0.419921875 0.0140625 0.03125
2 0.29453125 0.4248046875 0.0140625 0.033203125
2 0.278125 0.43359375 0.015625 0.0390625
2 0.2640625 0.4384765625 0.021875 0.044921875
3 0.3078125 0.4013671875 0.04375 0.048828125
1 0.33828125 0.4072265625 0.0140625 0.041015625
1 0.3171875 0.40625 0.0125 0.04296875
1 0.29453125 0.4130859375 0.0140625 0.044921875
1 0.28046875 0.41796875 0.0140625 0.05859375
1 0.26484375 0.4169921875 0.0234375 0.064453125
