10 0.7984375 0.1796875 0.021875 0.06640625
10 0.103125 0.3466796875 0.01875 0.060546875
10 0.103125 0.4189453125 0.021875 0.025390625
12 0.88359375 0.419921875 0.0203125 0.03125
12 0.8453125 0.4482421875 0.01875 0.029296875
12 0.11328125 0.3916015625 0.0515625 0.021484375
12 0.659375 0.46484375 0.021875 0.0078125
12 0.69140625 0.4697265625 0.0078125 0.009765625
12 0.4734375 0.4775390625 0.0125 0.013671875
1 0.09765625 0.5087890625 0.0453125 0.111328125
1 0.2015625 0.4814453125 0.015625 0.060546875
1 0.21796875 0.478515625 0.0171875 0.06640625
1 0.25078125 0.48046875 0.0171875 0.0546875
1 0.234375 0.482421875 0.015625 0.0546875
1 0.28046875 0.5126953125 0.0203125 0.099609375
1 0.29296875 0.51171875 0.0421875 0.12109375
1 0.32734375 0.513671875 0.0484375 0.1015625
1 0.3296875 0.5205078125 0.025 0.095703125
1 0.56328125 0.4794921875 0.0046875 0.013671875
3 0.54765625 0.517578125 0.0203125 0.015625
