6 0.45078125 0.4794921875 0.0109375 0.017578125
12 0.54609375 0.474609375 0.0078125 0.01953125
12 0.19765625 0.4873046875 0.0234375 0.013671875
1 0.14140625 0.484375 0.0234375 0.1015625
1 0.103125 0.4921875 0.028125 0.08203125
3 0.571875 0.50390625 0.053125 0.05078125
3 0.5265625 0.5126953125 0.028125 0.029296875
3 0.3328125 0.5048828125 0.065625 0.056640625
3 0.3765625 0.51171875 0.025 0.03515625
3 0.4 0.5126953125 0.028125 0.029296875
3 0.42265625 0.51171875 0.0171875 0.01953125
3 0.4609375 0.490234375 0.009375 0.0078125
3 0.459375 0.4677734375 0.00625 0.005859375
3 0.47578125 0.458984375 0.0046875 0.00390625
3 0.47421875 0.4814453125 0.0078125 0.009765625
79 0.69921875 0.423828125 0.2109375 0.3203125
