10 0.703125 0.388671875 0.015625 0.03125
12 0.690625 0.3037109375 0.040625 0.064453125
12 0.69140625 0.3515625 0.0421875 0.01953125
1 0.56640625 0.4736328125 0.0171875 0.072265625
1 0.57890625 0.478515625 0.0203125 0.08203125
1 0.06015625 0.4599609375 0.0265625 0.091796875
1 0.03046875 0.4599609375 0.0265625 0.119140625
3 0.21796875 0.482421875 0.0890625 0.07421875
3 0.2953125 0.46875 0.05625 0.046875
3 0.45625 0.46484375 0.04375 0.0234375
3 0.53984375 0.4794921875 0.0484375 0.052734375
3 0.53359375 0.4677734375 0.0546875 0.064453125
3 0.50234375 0.4755859375 0.0171875 0.037109375
3 0.4953125 0.4677734375 0.01875 0.037109375
3 0.49296875 0.4619140625 0.0296875 0.048828125
3 0.90859375 0.4677734375 0.1078125 0.076171875
3 0.97578125 0.4326171875 0.0453125 0.044921875
