3 0.29921875 0.4443359375 0.0171875 0.021484375
3 0.328125 0.447265625 0.01875 0.01953125
3 0.353125 0.447265625 0.025 0.02734375
3 0.37890625 0.439453125 0.0109375 0.0078125
3 0.4359375 0.4384765625 0.01875 0.017578125
3 0.465625 0.4443359375 0.021875 0.021484375
3 0.48125 0.4365234375 0.0125 0.009765625
3 0.5171875 0.4501953125 0.028125 0.025390625
3 0.546875 0.455078125 0.0375 0.03125
3 0.5953125 0.4580078125 0.053125 0.056640625
3 0.76015625 0.529296875 0.1453125 0.140625
11 0.18203125 0.4814453125 0.0078125 0.017578125
