1 0.40546875 0.427734375 0.0203125 0.0703125
1 0.5796875 0.4404296875 0.021875 0.083984375
1 0.5546875 0.4384765625 0.021875 0.076171875
3 0.06171875 0.4208984375 0.0765625 0.087890625
3 0.11953125 0.4169921875 0.0578125 0.068359375
3 0.19609375 0.431640625 0.0578125 0.05859375
3 0.26328125 0.4453125 0.1140625 0.09765625
3 0.10546875 0.396484375 0.1015625 0.0703125
3 0.18046875 0.412109375 0.0546875 0.0546875
3 0.22109375 0.404296875 0.0515625 0.0390625
3 0.359375 0.4365234375 0.075 0.064453125
3 0.403125 0.4267578125 0.046875 0.052734375
3 0.4328125 0.4267578125 0.025 0.041015625
3 0.44453125 0.423828125 0.0171875 0.0390625
3 0.45390625 0.4208984375 0.0140625 0.033203125
3 0.4609375 0.41796875 0.0125 0.02734375
3 0.46796875 0.416015625 0.0140625 0.02734375
3 0.48125 0.4169921875 0.015625 0.025390625
3 0.49140625 0.416015625 0.0078125 0.01953125
3 0.4984375 0.4150390625 0.009375 0.013671875
3 0.50390625 0.4130859375 0.0078125 0.013671875
3 0.509375 0.412109375 0.009375 0.015625
3 0.64296875 0.4462890625 0.0859375 0.103515625
3 0.59921875 0.439453125 0.0265625 0.06640625
3 0.58046875 0.423828125 0.0390625 0.04296875
3 0.5171875 0.412109375 0.00625 0.01171875
3 0.709375 0.4296875 0.025 0.046875
