6 0.8421875 0.421875 0.3125 0.15234375
6 0.5265625 0.4453125 0.08125 0.078125
6 0.41484375 0.4521484375 0.0578125 0.080078125
6 0.63671875 0.4326171875 0.0921875 0.060546875
6 0.46015625 0.447265625 0.0390625 0.02734375
1 0.6265625 0.4609375 0.021875 0.0859375
1 0.5984375 0.462890625 0.01875 0.06640625
1 0.57734375 0.455078125 0.0140625 0.05078125
1 0.55234375 0.458984375 0.0109375 0.0390625
1 0.415625 0.47265625 0.028125 0.08203125
1 0.39453125 0.48046875 0.0234375 0.06640625
1 0.16953125 0.486328125 0.0109375 0.046875
1 0.128125 0.4892578125 0.015625 0.029296875
1 0.67421875 0.435546875 0.0140625 0.03125
1 0.3796875 0.46484375 0.00625 0.0234375
2 0.47734375 0.470703125 0.0109375 0.01953125
3 0.9515625 0.48828125 0.09375 0.109375
3 0.95 0.4384765625 0.096875 0.091796875
3 0.91171875 0.443359375 0.1734375 0.1328125
1 0.47734375 0.4560546875 0.0109375 0.037109375
11 0.34140625 0.4775390625 0.0046875 0.017578125
