10 0.93046875 0.2841796875 0.0171875 0.107421875
10 0.7921875 0.2529296875 0.025 0.099609375
10 0.7671875 0.20703125 0.015625 0.046875
10 0.71640625 0.228515625 0.0109375 0.04296875
10 0.65 0.3837890625 0.009375 0.033203125
10 0.62578125 0.388671875 0.0078125 0.03125
10 0.63203125 0.423828125 0.0078125 0.01171875
10 0.80546875 0.3623046875 0.0203125 0.041015625
10 0.9421875 0.380859375 0.015625 0.03125
10 0.571875 0.3876953125 0.0125 0.017578125
10 0.42109375 0.33203125 0.0140625 0.03515625
10 0.28828125 0.3251953125 0.0140625 0.037109375
12 0.740625 0.216796875 0.0125 0.04296875
12 0.871875 0.2578125 0.04375 0.04296875
12 0.30625 0.3212890625 0.01875 0.025390625
12 0.4859375 0.36328125 0.040625 0.0078125
1 0.61875 0.466796875 0.015625 0.046875
3 0.29453125 0.466796875 0.0546875 0.03515625
3 0.25078125 0.482421875 0.1390625 0.0546875
3 0.175 0.4794921875 0.04375 0.037109375
3 0.103125 0.5029296875 0.134375 0.103515625
3 0.0203125 0.5166015625 0.0375 0.126953125
3 0.46171875 0.505859375 0.2828125 0.28125
