1 0.421875 0.4462890625 0.009375 0.025390625
1 0.94375 0.5751953125 0.040625 0.083984375
3 0.43984375 0.4326171875 0.0109375 0.013671875
3 0.41640625 0.4384765625 0.0296875 0.021484375
3 0.35390625 0.435546875 0.0515625 0.03125
3 0.38984375 0.435546875 0.0203125 0.01953125
3 0.33828125 0.4599609375 0.0421875 0.041015625
3 0.39375 0.46484375 0.040625 0.046875
3 0.37265625 0.4755859375 0.0515625 0.052734375
3 0.45859375 0.4462890625 0.0171875 0.025390625
3 0.46484375 0.4375 0.0109375 0.01171875
3 0.46953125 0.431640625 0.0109375 0.01171875
3 0.4796875 0.43359375 0.0125 0.015625
3 0.48671875 0.4296875 0.0078125 0.0078125
3 0.0328125 0.4736328125 0.065625 0.044921875
3 0.24375 0.52734375 0.121875 0.1015625
3 0.0796875 0.5947265625 0.159375 0.228515625
3 0.5015625 0.435546875 0.0125 0.015625
3 0.5109375 0.431640625 0.009375 0.01171875
3 0.51953125 0.4345703125 0.0109375 0.013671875
3 0.52578125 0.4365234375 0.0109375 0.013671875
3 0.5328125 0.4404296875 0.015625 0.017578125
3 0.5453125 0.44921875 0.028125 0.02734375
3 0.55234375 0.458984375 0.0203125 0.03125
3 0.5734375 0.4716796875 0.04375 0.056640625
3 0.58828125 0.4853515625 0.0515625 0.060546875
3 0.621875 0.5029296875 0.071875 0.076171875
3 0.65703125 0.521484375 0.1046875 0.1015625
3 0.10390625 0.455078125 0.0859375 0.05859375
3 0.8296875 0.640625 0.246875 0.2109375
3 0.9203125 0.7587890625 0.15625 0.294921875
1 0.44609375 0.4482421875 0.0109375 0.029296875
2 0.4453125 0.4560546875 0.009375 0.021484375
