6 0.66875 0.4619140625 0.071875 0.095703125
10 0.4109375 0.4296875 0.0125 0.015625
12 0.76484375 0.3955078125 0.0390625 0.017578125
12 0.83125 0.388671875 0.025 0.03125
12 0.06328125 0.4736328125 0.0296875 0.025390625
1 0.2859375 0.5166015625 0.015625 0.064453125
1 0.2703125 0.5498046875 0.053125 0.076171875
1 0.4140625 0.5107421875 0.015625 0.064453125
1 0.44765625 0.51171875 0.0140625 0.05859375
1 0.38671875 0.59375 0.0921875 0.265625
1 0.48203125 0.4892578125 0.0078125 0.033203125
1 0.5875 0.466796875 0.00625 0.01171875
1 0.596875 0.46875 0.00625 0.01171875
1 0.78828125 0.4697265625 0.0171875 0.060546875
2 0.9828125 0.4853515625 0.03125 0.056640625
4 0.028125 0.552734375 0.05625 0.11328125
4 0.2046875 0.7880859375 0.409375 0.419921875
3 0.5265625 0.4873046875 0.03125 0.033203125
3 0.5625 0.4931640625 0.034375 0.044921875
3 0.5375 0.5009765625 0.05 0.052734375
3 0.57734375 0.4873046875 0.0265625 0.041015625
3 0.621875 0.4931640625 0.0625 0.056640625
3 0.61484375 0.4580078125 0.0078125 0.009765625
3 0.60234375 0.45703125 0.0109375 0.01171875
1 0.23125 0.568359375 0.040625 0.05078125
1 0.215625 0.7314453125 0.328125 0.533203125
