2 0.178125 0.5 0.14375 0.11328125
2 0.35859375 0.498046875 0.1078125 0.09765625
2 0.50703125 0.490234375 0.0796875 0.08984375
2 0.609375 0.4775390625 0.05625 0.095703125
2 0.65703125 0.474609375 0.0453125 0.0703125
2 0.68828125 0.4677734375 0.0296875 0.064453125
2 0.70859375 0.4677734375 0.0296875 0.048828125
2 0.771875 0.46484375 0.040625 0.0546875
2 0.92734375 0.4443359375 0.0296875 0.044921875
3 0.46875 0.423828125 0.25 0.11328125
1 0.1625 0.4609375 0.059375 0.16796875
1 0.36328125 0.4560546875 0.0515625 0.138671875
1 0.5078125 0.462890625 0.05 0.1328125
1 0.60625 0.4326171875 0.053125 0.130859375
1 0.65625 0.439453125 0.04375 0.10546875
1 0.68359375 0.427734375 0.0328125 0.1015625
1 0.71015625 0.4365234375 0.0265625 0.080078125
1 0.77109375 0.435546875 0.0328125 0.08203125
1 0.93046875 0.421875 0.0234375 0.078125
12 0.4421875 0.3056640625 0.034375 0.064453125
