6 0.4859375 0.4404296875 0.05 0.064453125
12 0.09453125 0.3935546875 0.0296875 0.041015625
12 0.6421875 0.38671875 0.03125 0.0078125
12 0.6875 0.3603515625 0.0125 0.021484375
3 0.28671875 0.474609375 0.0890625 0.0703125
3 0.3484375 0.4580078125 0.025 0.025390625
3 0.36875 0.4560546875 0.01875 0.021484375
3 0.38359375 0.4541015625 0.0140625 0.017578125
3 0.39375 0.4560546875 0.009375 0.013671875
3 0.4015625 0.4560546875 0.00625 0.009765625
3 0.43359375 0.45703125 0.0546875 0.05859375
3 0.6296875 0.482421875 0.303125 0.1484375
