6 0.8453125 0.3974609375 0.30625 0.091796875
6 0.63671875 0.43359375 0.0890625 0.046875
6 0.51484375 0.447265625 0.0609375 0.08203125
6 0.434375 0.4541015625 0.1 0.044921875
1 0.11484375 0.4912109375 0.0140625 0.048828125
1 0.1296875 0.490234375 0.0125 0.02734375
1 0.16953125 0.48046875 0.0109375 0.03515625
1 0.3546875 0.4638671875 0.00625 0.021484375
1 0.3734375 0.46484375 0.00625 0.01953125
1 0.55078125 0.4599609375 0.0109375 0.044921875
1 0.5578125 0.4541015625 0.00625 0.033203125
1 0.56953125 0.4560546875 0.0140625 0.052734375
1 0.578125 0.4560546875 0.009375 0.041015625
1 0.5859375 0.4501953125 0.009375 0.033203125
1 0.5921875 0.4599609375 0.009375 0.044921875
1 0.60390625 0.451171875 0.0140625 0.0390625
1 0.621875 0.44921875 0.0125 0.04296875
1 0.63125 0.451171875 0.0125 0.04296875
1 0.7171875 0.494140625 0.034375 0.14453125
1 0.7515625 0.4765625 0.05 0.1796875
3 0.45234375 0.462890625 0.0265625 0.0234375
3 0.47421875 0.462890625 0.0234375 0.02734375
3 0.6453125 0.4462890625 0.01875 0.021484375
3 0.8515625 0.4453125 0.1375 0.10546875
3 0.91640625 0.447265625 0.1640625 0.13671875
3 0.95078125 0.4873046875 0.0953125 0.107421875
11 0.340625 0.478515625 0.00625 0.01953125
