6 0.4703125 0.4453125 0.1 0.14453125
12 0.0109375 0.4326171875 0.021875 0.048828125
12 0.0109375 0.380859375 0.021875 0.046875
12 0.63828125 0.439453125 0.0078125 0.01171875
12 0.54453125 0.4453125 0.0046875 0.0078125
1 0.840625 0.486328125 0.021875 0.0703125
1 0.8171875 0.482421875 0.021875 0.06640625
1 0.7625 0.4892578125 0.015625 0.041015625
1 0.7453125 0.4775390625 0.015625 0.048828125
3 0.30625 0.48046875 0.04375 0.04296875
3 0.746875 0.46875 0.103125 0.046875
11 0.9796875 0.509765625 0.015625 0.046875
