12 0.56171875 0.45703125 0.0265625 0.04296875
1 0.1109375 0.46875 0.021875 0.05859375
1 0.128125 0.4677734375 0.01875 0.060546875
1 0.1484375 0.4658203125 0.01875 0.056640625
1 0.16953125 0.470703125 0.0171875 0.05859375
1 0.2078125 0.4755859375 0.021875 0.068359375
1 0.21953125 0.4755859375 0.0140625 0.052734375
1 0.24296875 0.4736328125 0.0234375 0.064453125
1 0.26640625 0.4775390625 0.0171875 0.044921875
1 0.28515625 0.4755859375 0.0140625 0.048828125
1 0.3078125 0.4697265625 0.0125 0.037109375
3 0.3515625 0.4814453125 0.04375 0.052734375
3 0.42265625 0.482421875 0.0390625 0.03515625
3 0.0921875 0.587890625 0.184375 0.29296875
12 0.56171875 0.4169921875 0.0296875 0.037109375
10 0.32734375 0.39453125 0.0078125 0.01953125
12 0.5890625 0.28515625 0.034375 0.07421875
