12 0.9453125 0.087890625 0.10625 0.1640625
1 0.17265625 0.4833984375 0.0265625 0.111328125
1 0.21796875 0.490234375 0.0203125 0.07421875
1 0.2375 0.484375 0.021875 0.078125
1 0.3140625 0.4814453125 0.015625 0.052734375
1 0.33828125 0.4814453125 0.0109375 0.048828125
1 0.30234375 0.478515625 0.0140625 0.0546875
1 0.36171875 0.482421875 0.0109375 0.04296875
1 0.41796875 0.4833984375 0.0078125 0.029296875
3 0.93203125 0.5908203125 0.1296875 0.166015625
3 0.8390625 0.5478515625 0.31875 0.189453125
3 0.72109375 0.498046875 0.1859375 0.13671875
3 0.6515625 0.478515625 0.153125 0.10546875
3 0.54765625 0.4736328125 0.0515625 0.048828125
3 0.4578125 0.484375 0.0375 0.0234375
3 0.025 0.4697265625 0.05 0.033203125
