12 0.24921875 0.33203125 0.0296875 0.04296875
3 0.20234375 0.447265625 0.1609375 0.1015625
3 0.06953125 0.427734375 0.1296875 0.0859375
3 0.90546875 0.4853515625 0.1421875 0.115234375
3 0.84765625 0.4658203125 0.1328125 0.103515625
3 0.715625 0.466796875 0.053125 0.0546875
3 0.4734375 0.458984375 0.078125 0.0703125
3 0.51796875 0.4599609375 0.0296875 0.048828125
3 0.5390625 0.4580078125 0.034375 0.041015625
3 0.54921875 0.443359375 0.0328125 0.02734375
3 0.57421875 0.45703125 0.0390625 0.03515625
3 0.6265625 0.4541015625 0.015625 0.025390625
3 0.634375 0.453125 0.0125 0.0234375
3 0.6703125 0.4462890625 0.015625 0.021484375
3 0.6796875 0.4453125 0.0125 0.01953125
3 0.6828125 0.4423828125 0.015625 0.021484375
1 0.65546875 0.490234375 0.0484375 0.13671875
1 0.61328125 0.4794921875 0.0265625 0.087890625
1 0.6046875 0.4609375 0.021875 0.09375
2 0.153125 0.4609375 0.034375 0.0703125
