10 0.50078125 0.3681640625 0.0046875 0.013671875
10 0.5671875 0.3974609375 0.00625 0.017578125
10 0.45625 0.3505859375 0.00625 0.017578125
1 0.17578125 0.482421875 0.0171875 0.0703125
1 0.8046875 0.48828125 0.021875 0.078125
1 0.75625 0.466796875 0.015625 0.0625
1 0.7390625 0.4658203125 0.01875 0.068359375
1 0.41875 0.44921875 0.00625 0.02734375
1 0.4828125 0.447265625 0.009375 0.02734375
1 0.475 0.4462890625 0.009375 0.029296875
1 0.55546875 0.4453125 0.0078125 0.01953125
1 0.5703125 0.44140625 0.00625 0.01953125
3 0.5375 0.4482421875 0.01875 0.037109375
3 0.52734375 0.4453125 0.0140625 0.0234375
3 0.51875 0.4423828125 0.015625 0.017578125
3 0.49296875 0.4404296875 0.0078125 0.009765625
3 0.596875 0.46484375 0.059375 0.06640625
3 0.34296875 0.4658203125 0.0890625 0.107421875
3 0.8015625 0.451171875 0.075 0.07421875
3 0.84453125 0.4677734375 0.0703125 0.048828125
3 0.94375 0.458984375 0.071875 0.05078125
79 0.77109375 0.4365234375 0.1234375 0.068359375
