1 0.21484375 0.478515625 0.0171875 0.0625
1 0.23828125 0.4765625 0.0140625 0.06640625
1 0.26015625 0.4619140625 0.0171875 0.029296875
2 0.39921875 0.5947265625 0.0578125 0.107421875
2 0.26015625 0.5244140625 0.0296875 0.064453125
3 0.8453125 0.6416015625 0.30625 0.228515625
3 0.9578125 0.4912109375 0.08125 0.072265625
3 0.075 0.6015625 0.15 0.1875
3 0.30078125 0.4599609375 0.0328125 0.033203125
3 0.33359375 0.4765625 0.0515625 0.05078125
3 0.365625 0.478515625 0.015625 0.04296875
3 0.3703125 0.4697265625 0.028125 0.041015625
3 0.39765625 0.4619140625 0.0203125 0.025390625
3 0.4078125 0.4580078125 0.0125 0.021484375
3 0.41875 0.4560546875 0.009375 0.017578125
3 0.44921875 0.4658203125 0.0234375 0.025390625
3 0.4625 0.4521484375 0.009375 0.013671875
3 0.48046875 0.4609375 0.0140625 0.015625
3 0.4859375 0.4697265625 0.015625 0.033203125
3 0.49296875 0.4716796875 0.0140625 0.041015625
3 0.50703125 0.474609375 0.0234375 0.05078125
3 0.53515625 0.4833984375 0.0484375 0.048828125
1 0.40078125 0.548828125 0.0640625 0.18359375
1 0.26015625 0.501953125 0.0296875 0.0859375
1 0.5671875 0.537109375 0.0375 0.16796875
12 0.884375 0.3037109375 0.053125 0.068359375
12 0.8828125 0.345703125 0.03125 0.015625
12 0.26953125 0.404296875 0.0203125 0.0234375
12 0.26875 0.4208984375 0.015625 0.009765625
