10 0.10546875 0.2216796875 0.0234375 0.087890625
10 0.13046875 0.3388671875 0.0078125 0.033203125
10 0.078125 0.3193359375 0.009375 0.029296875
10 0.95859375 0.328125 0.0078125 0.03515625
10 0.63984375 0.3916015625 0.0078125 0.033203125
10 0.69921875 0.431640625 0.0078125 0.03125
10 0.91171875 0.4599609375 0.0078125 0.029296875
12 0.98359375 0.318359375 0.0078125 0.0234375
1 0.5609375 0.5048828125 0.00625 0.017578125
3 0.60859375 0.5009765625 0.0109375 0.013671875
10 0.69765625 0.4775390625 0.0078125 0.013671875
