10 0.83515625 0.369140625 0.0203125 0.0234375
10 0.8234375 0.3046875 0.01875 0.0625
10 0.58515625 0.3818359375 0.0203125 0.021484375
10 0.58828125 0.3271484375 0.0140625 0.056640625
12 0.83125 0.3447265625 0.021875 0.017578125
12 0.878125 0.353515625 0.04375 0.01171875
12 0.528125 0.388671875 0.015625 0.01953125
1 0.634375 0.462890625 0.0375 0.08984375
1 0.3640625 0.5634765625 0.15 0.408203125
1 0.41328125 0.5458984375 0.1703125 0.388671875
1 0.11328125 0.5517578125 0.1265625 0.369140625
1 0.0625 0.5576171875 0.125 0.443359375
1 0.1328125 0.4462890625 0.021875 0.037109375
3 0.4984375 0.4677734375 0.046875 0.048828125
3 0.471875 0.4580078125 0.009375 0.009765625
3 0.45859375 0.4619140625 0.0109375 0.009765625
3 0.44140625 0.45703125 0.0234375 0.02734375
3 0.21171875 0.484375 0.1890625 0.140625
1 0.2265625 0.4501953125 0.04375 0.037109375
11 0.57109375 0.4794921875 0.0140625 0.048828125
