10 0.771875 0.4267578125 0.0125 0.048828125
10 0.16875 0.41015625 0.0125 0.04296875
10 0.184375 0.412109375 0.0125 0.046875
12 0.76640625 0.470703125 0.0171875 0.03125
12 0.17734375 0.4501953125 0.0140625 0.037109375
12 0.15078125 0.4091796875 0.0203125 0.021484375
1 0.359375 0.5068359375 0.00625 0.029296875
1 0.215625 0.517578125 0.025 0.07421875
1 0.2015625 0.5205078125 0.028125 0.072265625
1 0.18671875 0.5166015625 0.0265625 0.076171875
3 0.85625 0.642578125 0.284375 0.35546875
3 0.66953125 0.5263671875 0.0484375 0.048828125
3 0.6265625 0.5166015625 0.034375 0.033203125
3 0.57578125 0.51953125 0.0796875 0.0546875
3 0.51640625 0.5009765625 0.0078125 0.009765625
3 0.5046875 0.5126953125 0.0125 0.013671875
3 0.5 0.509765625 0.0125 0.015625
3 0.48046875 0.509765625 0.0140625 0.015625
3 0.4375 0.49609375 0.065625 0.09765625
3 0.37890625 0.5166015625 0.0296875 0.029296875
3 0.39765625 0.51171875 0.0140625 0.0234375
3 0.525 0.4990234375 0.009375 0.009765625
3 0.5390625 0.5009765625 0.009375 0.009765625
