6 0.80625 0.408203125 0.253125 0.07421875
6 0.5125 0.4345703125 0.0625 0.056640625
6 0.42734375 0.453125 0.0953125 0.0390625
6 0.6265625 0.4267578125 0.0875 0.033203125
1 0.8453125 0.5263671875 0.078125 0.306640625
1 0.740625 0.5341796875 0.1 0.314453125
1 0.70859375 0.4736328125 0.0328125 0.130859375
1 0.640625 0.4619140625 0.025 0.068359375
1 0.6140625 0.4658203125 0.01875 0.064453125
1 0.58984375 0.4658203125 0.0171875 0.064453125
1 0.6015625 0.4501953125 0.009375 0.033203125
1 0.66484375 0.4296875 0.0109375 0.01953125
1 0.65859375 0.4345703125 0.0109375 0.029296875
1 0.57734375 0.4560546875 0.0109375 0.037109375
1 0.56875 0.4560546875 0.009375 0.033203125
1 0.56328125 0.453125 0.0078125 0.03125
1 0.54765625 0.4580078125 0.0109375 0.041015625
1 0.553125 0.455078125 0.00625 0.03125
1 0.3796875 0.462890625 0.003125 0.01953125
1 0.36953125 0.46484375 0.0046875 0.01953125
1 0.36484375 0.46484375 0.0046875 0.01953125
1 0.3546875 0.46484375 0.00625 0.0234375
1 0.2875 0.46875 0.009375 0.02734375
1 0.13203125 0.48828125 0.0140625 0.02734375
3 0.9359375 0.4697265625 0.125 0.126953125
3 0.93125 0.4169921875 0.134375 0.068359375
3 0.83046875 0.4423828125 0.1265625 0.091796875
3 0.5 0.505859375 0.115625 0.10546875
3 0.446875 0.4619140625 0.025 0.021484375
3 0.4671875 0.4609375 0.025 0.0234375
11 0.3359375 0.4765625 0.00625 0.01953125
