12 0.434375 0.427734375 0.00625 0.0078125
1 0.5859375 0.4609375 0.009375 0.04296875
1 0.59140625 0.462890625 0.0078125 0.03515625
1 0.4859375 0.451171875 0.00625 0.015625
3 0.46875 0.451171875 0.009375 0.0078125
3 0.453125 0.4482421875 0.0125 0.013671875
3 0.4484375 0.4501953125 0.0125 0.013671875
3 0.43125 0.455078125 0.015625 0.0234375
3 0.78515625 0.470703125 0.0671875 0.04296875
3 0.4171875 0.455078125 0.021875 0.02734375
3 0.39921875 0.4609375 0.0328125 0.02734375
3 0.31171875 0.4716796875 0.0390625 0.060546875
3 0.33125 0.470703125 0.025 0.046875
3 0.26328125 0.46875 0.0734375 0.08203125
3 0.2171875 0.4853515625 0.096875 0.072265625
3 0.09296875 0.505859375 0.1234375 0.10546875
3 0.02890625 0.5205078125 0.0578125 0.119140625
11 0.57109375 0.46875 0.0046875 0.015625
