10 0.13515625 0.3076171875 0.0171875 0.044921875
10 0.00703125 0.4130859375 0.0109375 0.029296875
10 0.4234375 0.416015625 0.003125 0.0078125
10 0.4 0.4169921875 0.003125 0.009765625
10 0.375 0.41796875 0.003125 0.0078125
10 0.34453125 0.421875 0.0046875 0.0078125
10 0.4375 0.34765625 0.0125 0.03125
12 0.92578125 0.314453125 0.0296875 0.05078125
12 0.47421875 0.4453125 0.0078125 0.0078125
12 0.41640625 0.416015625 0.0078125 0.0078125
12 0.39375 0.416015625 0.00625 0.0078125
12 0.38359375 0.4150390625 0.0078125 0.009765625
12 0.35234375 0.4208984375 0.0046875 0.005859375
12 0.34375 0.439453125 0.009375 0.00390625
1 0.7078125 0.4892578125 0.034375 0.095703125
1 0.68515625 0.4853515625 0.0203125 0.083984375
1 0.4609375 0.46875 0.009375 0.02734375
1 0.63984375 0.478515625 0.0171875 0.06640625
3 0.01796875 0.505859375 0.0359375 0.0546875
3 0.8703125 0.5234375 0.25625 0.30859375
3 0.58828125 0.4892578125 0.0828125 0.080078125
3 0.4296875 0.470703125 0.053125 0.05859375
3 0.3921875 0.4677734375 0.01875 0.021484375
3 0.46875 0.466796875 0.03125 0.0234375
3 0.25078125 0.48046875 0.0453125 0.0390625
3 0.28046875 0.4794921875 0.0203125 0.025390625
3 0.3 0.4775390625 0.025 0.021484375
3 0.34140625 0.4677734375 0.0234375 0.021484375
3 0.3609375 0.4658203125 0.015625 0.017578125
3 0.37734375 0.4599609375 0.0171875 0.017578125
