6 0.43359375 0.4521484375 0.1078125 0.044921875
6 0.5171875 0.447265625 0.065625 0.08203125
6 0.84296875 0.419921875 0.3109375 0.1484375
1 0.1296875 0.490234375 0.015625 0.02734375
1 0.115625 0.494140625 0.015625 0.0546875
1 0.1703125 0.48828125 0.0125 0.05078125
1 0.36328125 0.4658203125 0.0046875 0.021484375
1 0.36796875 0.4658203125 0.0046875 0.021484375
1 0.375 0.4658203125 0.00625 0.021484375
1 0.38125 0.4638671875 0.00625 0.021484375
1 0.5515625 0.4599609375 0.015625 0.041015625
1 0.58359375 0.466796875 0.0171875 0.05859375
1 0.6015625 0.458984375 0.01875 0.05859375
1 0.628125 0.4697265625 0.021875 0.076171875
1 0.61796875 0.453125 0.0171875 0.05078125
1 0.64921875 0.46484375 0.0203125 0.08203125
1 0.6671875 0.4697265625 0.028125 0.111328125
1 0.7015625 0.47265625 0.025 0.09765625
3 0.4203125 0.4619140625 0.025 0.025390625
3 0.4484375 0.4638671875 0.03125 0.029296875
3 0.9515625 0.486328125 0.09375 0.1171875
3 0.909375 0.4462890625 0.178125 0.130859375
3 0.8515625 0.4453125 0.146875 0.11328125
11 0.340625 0.478515625 0.00625 0.01953125
