10 0.88671875 0.30078125 0.0140625 0.09375
10 0.75390625 0.279296875 0.0203125 0.078125
10 0.7015625 0.2421875 0.0125 0.0390625
10 0.8984375 0.3896484375 0.015625 0.033203125
10 0.7703125 0.3759765625 0.0125 0.025390625
10 0.746875 0.2216796875 0.0125 0.033203125
10 0.640625 0.390625 0.009375 0.03125
10 0.61875 0.3916015625 0.009375 0.029296875
10 0.6234375 0.42578125 0.00625 0.01171875
10 0.421875 0.3369140625 0.009375 0.033203125
10 0.29296875 0.3291015625 0.0109375 0.033203125
12 0.83984375 0.2734375 0.0390625 0.03515625
12 0.7234375 0.232421875 0.009375 0.03515625
12 0.48515625 0.3681640625 0.0359375 0.009765625
12 0.3109375 0.326171875 0.015625 0.01953125
1 0.61015625 0.4638671875 0.0140625 0.044921875
1 0.9640625 0.4697265625 0.05625 0.138671875
3 0.04765625 0.4931640625 0.0953125 0.173828125
3 0.13984375 0.494140625 0.1140625 0.08984375
3 0.2359375 0.478515625 0.10625 0.05078125
3 0.33984375 0.4697265625 0.0296875 0.044921875
3 0.315625 0.47265625 0.021875 0.03515625
3 0.4625 0.498046875 0.221875 0.2265625
