10 0.35625 0.5517578125 0.009375 0.025390625
12 0.35078125 0.58984375 0.0109375 0.01171875
12 0.3515625 0.6005859375 0.0125 0.009765625
12 0.6265625 0.5400390625 0.025 0.029296875
1 0.33046875 0.6396484375 0.0140625 0.041015625
1 0.4046875 0.62109375 0.00625 0.015625
1 0.68046875 0.62890625 0.0140625 0.0546875
1 0.7265625 0.62890625 0.021875 0.06640625
3 0.39453125 0.6328125 0.0234375 0.0234375
3 0.4171875 0.626953125 0.021875 0.01953125
3 0.46875 0.6083984375 0.0125 0.013671875
3 0.6234375 0.6240234375 0.10625 0.150390625
3 0.43828125 0.619140625 0.0171875 0.01953125
