2 0.92421875 0.556640625 0.1484375 0.15625
2 0.51171875 0.5634765625 0.1546875 0.146484375
2 0.328125 0.544921875 0.096875 0.10546875
2 0.17109375 0.5244140625 0.0546875 0.080078125
2 0.21953125 0.5302734375 0.0546875 0.095703125
2 0.2796875 0.4990234375 0.040625 0.076171875
3 0.04296875 0.505859375 0.0859375 0.1171875
3 0.17109375 0.478515625 0.0671875 0.078125
3 0.365625 0.4775390625 0.04375 0.041015625
3 0.39296875 0.4716796875 0.0265625 0.029296875
3 0.4234375 0.47265625 0.01875 0.01953125
3 0.40859375 0.4716796875 0.0109375 0.021484375
3 0.559375 0.48046875 0.053125 0.078125
3 0.465625 0.4765625 0.009375 0.0078125
3 0.3125 0.466796875 0.028125 0.046875
1 0.940625 0.49609375 0.096875 0.19921875
1 0.515625 0.51171875 0.059375 0.2109375
1 0.33359375 0.509765625 0.0609375 0.14453125
1 0.1671875 0.49609375 0.04375 0.09765625
1 0.2171875 0.4892578125 0.053125 0.126953125
1 0.27890625 0.4736328125 0.0328125 0.095703125
10 0.61640625 0.33203125 0.0078125 0.03515625
