1 0.6296875 0.4921875 0.040625 0.15234375
1 0.46875 0.474609375 0.015625 0.046875
3 0.88671875 0.478515625 0.2234375 0.12890625
3 0.71640625 0.484375 0.1171875 0.046875
3 0.703125 0.4609375 0.090625 0.03125
3 0.38359375 0.46484375 0.0265625 0.02734375
3 0.3578125 0.4736328125 0.065625 0.041015625
3 0.17578125 0.4677734375 0.0484375 0.041015625
3 0.10859375 0.4765625 0.0453125 0.0390625
3 0.0359375 0.4853515625 0.071875 0.068359375
3 0.21640625 0.47265625 0.0296875 0.03125
3 0.25 0.4677734375 0.021875 0.025390625
