2 0.3234375 0.474609375 0.0125 0.0234375
2 0.29453125 0.4765625 0.0171875 0.03125
2 0.2703125 0.478515625 0.01875 0.03515625
2 0.2453125 0.4873046875 0.025 0.052734375
2 0.22109375 0.4873046875 0.0203125 0.041015625
2 0.2 0.498046875 0.025 0.0625
3 0.0625 0.4921875 0.125 0.1484375
3 0.6625 0.4853515625 0.109375 0.064453125
3 0.63203125 0.462890625 0.0828125 0.046875
3 0.53828125 0.451171875 0.0359375 0.01953125
3 0.36171875 0.4580078125 0.0140625 0.017578125
3 0.4265625 0.4599609375 0.0125 0.013671875
1 0.32265625 0.4619140625 0.0109375 0.037109375
1 0.2953125 0.46484375 0.0125 0.0390625
1 0.27109375 0.45703125 0.0140625 0.05859375
1 0.24453125 0.4599609375 0.0234375 0.072265625
1 0.22109375 0.4599609375 0.0171875 0.060546875
1 0.2 0.474609375 0.021875 0.08203125
