10 0.421875 0.4248046875 0.003125 0.009765625
10 0.38203125 0.4169921875 0.0046875 0.009765625
10 0.35703125 0.4208984375 0.0046875 0.009765625
12 0.9734375 0.23828125 0.05 0.09375
12 0.55625 0.3779296875 0.021875 0.029296875
12 0.56015625 0.40625 0.0171875 0.01171875
12 0.4328125 0.4306640625 0.0125 0.005859375
12 0.5859375 0.3935546875 0.01875 0.029296875
12 0.03515625 0.390625 0.0296875 0.03125
12 0.03515625 0.4208984375 0.0171875 0.009765625
2 0.57734375 0.5 0.0296875 0.0546875
3 0.44140625 0.4619140625 0.0109375 0.021484375
3 0.4515625 0.462890625 0.01875 0.0234375
3 0.41640625 0.462890625 0.0140625 0.015625
3 0.38515625 0.4638671875 0.0234375 0.021484375
79 0.36015625 0.455078125 0.0203125 0.03515625
3 0.2234375 0.50390625 0.165625 0.12890625
1 0.578125 0.4736328125 0.028125 0.087890625
12 0.153125 0.4169921875 0.0125 0.017578125
12 0.521875 0.4208984375 0.01875 0.005859375
