10 0.20078125 0.4169921875 0.0046875 0.013671875
10 0.23515625 0.416015625 0.0046875 0.015625
10 0.2515625 0.4189453125 0.003125 0.013671875
10 0.29765625 0.4423828125 0.0046875 0.009765625
12 0.58671875 0.33203125 0.0265625 0.03515625
12 0.446875 0.3857421875 0.025 0.033203125
12 0.44921875 0.4072265625 0.0171875 0.005859375
12 0.44921875 0.4150390625 0.0171875 0.009765625
12 0.38359375 0.4248046875 0.0171875 0.021484375
12 0.22734375 0.4150390625 0.0078125 0.009765625
1 0.7984375 0.4560546875 0.015625 0.076171875
1 0.71171875 0.462890625 0.0203125 0.078125
2 0.9515625 0.5400390625 0.09375 0.162109375
2 0.88515625 0.5078125 0.1078125 0.16015625
3 0.37109375 0.478515625 0.0484375 0.04296875
3 0.34609375 0.470703125 0.0296875 0.03515625
3 0.3265625 0.470703125 0.01875 0.02734375
3 0.30390625 0.4736328125 0.0390625 0.052734375
3 0.2609375 0.494140625 0.1 0.08984375
3 0.1359375 0.48046875 0.05 0.04296875
3 0.1875 0.470703125 0.021875 0.0234375
