1 0.865625 0.453125 0.025 0.078125
1 0.7953125 0.4599609375 0.021875 0.056640625
1 0.71484375 0.447265625 0.0171875 0.0625
1 0.73125 0.44921875 0.015625 0.0546875
1 0.74375 0.447265625 0.0125 0.0546875
1 0.75234375 0.4443359375 0.0140625 0.052734375
1 0.765625 0.4482421875 0.01875 0.064453125
8 0.66640625 0.4267578125 0.0890625 0.107421875
3 0.34375 0.47265625 0.15 0.13671875
3 0.41875 0.44140625 0.040625 0.046875
3 0.4390625 0.439453125 0.021875 0.04296875
3 0.51796875 0.4326171875 0.0328125 0.037109375
3 0.540625 0.435546875 0.0125 0.015625
3 0.55078125 0.4345703125 0.0109375 0.013671875
3 0.571875 0.4365234375 0.021875 0.025390625
3 0.584375 0.4365234375 0.00625 0.017578125
3 0.6109375 0.4375 0.0125 0.02734375
3 0.62109375 0.4384765625 0.0109375 0.041015625
3 0.6 0.435546875 0.0125 0.015625
11 0.121875 0.4873046875 0.015625 0.052734375
