6 0.49375 0.4990234375 0.09375 0.138671875
10 0.79921875 0.33984375 0.0265625 0.08203125
10 0.88203125 0.4111328125 0.0171875 0.052734375
10 0.6796875 0.5029296875 0.015625 0.033203125
10 0.8875 0.4775390625 0.009375 0.025390625
12 0.69453125 0.4228515625 0.0296875 0.041015625
12 0.81875 0.4697265625 0.0125 0.017578125
12 0.80703125 0.470703125 0.0078125 0.015625
12 0.97890625 0.3095703125 0.0390625 0.033203125
12 0.9765625 0.3486328125 0.04375 0.029296875
12 0.9765625 0.3828125 0.04375 0.02734375
12 0.975 0.41796875 0.046875 0.02734375
1 0.60234375 0.546875 0.0234375 0.1015625
1 0.61875 0.5478515625 0.021875 0.099609375
1 0.7671875 0.52734375 0.015625 0.03125
1 0.65625 0.5146484375 0.01875 0.048828125
1 0.83046875 0.53125 0.0234375 0.03515625
1 0.8859375 0.525390625 0.0125 0.046875
1 0.95 0.5400390625 0.01875 0.044921875
1 0.95703125 0.5341796875 0.0140625 0.041015625
3 0.14609375 0.5234375 0.1328125 0.16796875
3 0.26015625 0.52734375 0.0546875 0.05078125
3 0.3296875 0.5361328125 0.071875 0.076171875
