10 0.3203125 0.2548828125 0.01875 0.052734375
10 0.43046875 0.2333984375 0.0328125 0.056640625
10 0.1875 0.396484375 0.0125 0.0390625
10 0.16875 0.3916015625 0.0125 0.044921875
10 0.17109375 0.4384765625 0.0078125 0.017578125
10 0.584375 0.326171875 0.01875 0.03515625
10 0.7484375 0.3935546875 0.0125 0.033203125
10 0.75 0.4228515625 0.0125 0.013671875
10 0.8109375 0.37890625 0.009375 0.03125
10 0.8140625 0.4140625 0.009375 0.015625
10 0.853125 0.357421875 0.015625 0.0390625
10 0.3265625 0.412109375 0.009375 0.03125
10 0.325 0.4462890625 0.00625 0.013671875
10 0.3515625 0.408203125 0.009375 0.046875
10 0.3546875 0.4453125 0.00625 0.01171875
12 0.378125 0.2314453125 0.028125 0.048828125
12 0.25703125 0.310546875 0.0734375 0.01953125
12 0.6078125 0.32421875 0.0125 0.01953125
12 0.6875 0.361328125 0.05625 0.015625
12 0.7375 0.333984375 0.021875 0.08203125
1 0.734375 0.46875 0.0125 0.0390625
1 0.72421875 0.470703125 0.0078125 0.03125
1 0.76953125 0.44921875 0.0078125 0.02734375
1 0.83515625 0.44140625 0.0078125 0.015625
3 0.103125 0.4931640625 0.04375 0.041015625
3 0.18203125 0.498046875 0.1015625 0.05078125
3 0.284375 0.50390625 0.128125 0.09375
3 0.39609375 0.4892578125 0.0421875 0.037109375
3 0.42890625 0.490234375 0.0328125 0.0390625
3 0.4609375 0.484375 0.053125 0.046875
3 0.6390625 0.4814453125 0.021875 0.025390625
3 0.61328125 0.4736328125 0.0359375 0.041015625
3 0.57734375 0.4765625 0.0578125 0.0625
3 0.80625 0.46875 0.109375 0.046875
11 0.81171875 0.4833984375 0.0109375 0.029296875
