12 0.90546875 0.517578125 0.0453125 0.23828125
12 0.653125 0.4638671875 0.01875 0.041015625
1 0.82265625 0.4794921875 0.0234375 0.107421875
1 0.77890625 0.4765625 0.0265625 0.09765625
1 0.621875 0.4755859375 0.028125 0.091796875
3 0.7953125 0.4794921875 0.140625 0.087890625
3 0.471875 0.4765625 0.096875 0.05859375
79 0.65234375 0.451171875 0.2265625 0.11328125
79 0.665625 0.490234375 0.665625 0.20703125
79 0.54453125 0.4697265625 0.0953125 0.060546875
79 0.17265625 0.4599609375 0.3453125 0.166015625
79 0.28515625 0.4443359375 0.1265625 0.083984375
3 0.3953125 0.458984375 0.028125 0.0234375
79 0.42265625 0.4541015625 0.0328125 0.033203125
