12 0.74296875 0.4580078125 0.0265625 0.033203125
12 0.74609375 0.48046875 0.0234375 0.0078125
12 0.6015625 0.44140625 0.015625 0.01171875
12 0.58359375 0.4443359375 0.0140625 0.009765625
12 0.671875 0.46875 0.009375 0.01171875
12 0.67265625 0.4765625 0.0109375 0.00390625
3 0.571875 0.513671875 0.04375 0.046875
3 0.5015625 0.5029296875 0.04375 0.048828125
3 0.54609375 0.4853515625 0.0171875 0.017578125
3 0.55625 0.4794921875 0.0125 0.013671875
3 0.534375 0.4794921875 0.0125 0.013671875
3 0.4578125 0.5029296875 0.03125 0.033203125
3 0.43515625 0.4951171875 0.0171875 0.017578125
3 0.41875 0.4931640625 0.015625 0.017578125
3 0.39765625 0.4990234375 0.0203125 0.017578125
3 0.3546875 0.5068359375 0.03125 0.021484375
3 0.29140625 0.517578125 0.0328125 0.0234375
3 0.1921875 0.53515625 0.059375 0.03125
3 0.40234375 0.5576171875 0.1140625 0.107421875
3 0.5765625 0.4833984375 0.01875 0.013671875
