10 0.46796875 0.3388671875 0.0109375 0.029296875
10 0.5265625 0.3974609375 0.009375 0.029296875
10 0.33125 0.2744140625 0.0125 0.048828125
10 0.2390625 0.2822265625 0.015625 0.044921875
12 0.3046875 0.2705078125 0.025 0.033203125
12 0.23046875 0.3818359375 0.0203125 0.041015625
12 0.8484375 0.2177734375 0.08125 0.126953125
12 0.8515625 0.3984375 0.028125 0.06640625
12 0.84453125 0.306640625 0.0328125 0.0390625
1 0.978125 0.46484375 0.040625 0.24609375
1 0.93203125 0.466796875 0.0578125 0.23828125
1 0.9046875 0.462890625 0.040625 0.16015625
1 0.825 0.455078125 0.025 0.1953125
1 0.86484375 0.4560546875 0.0234375 0.134765625
1 0.771875 0.47265625 0.08125 0.2421875
1 0.66484375 0.4677734375 0.0265625 0.111328125
1 0.62578125 0.4599609375 0.0140625 0.068359375
1 0.59296875 0.4580078125 0.0234375 0.068359375
1 0.03515625 0.4599609375 0.0140625 0.048828125
1 0.0515625 0.4619140625 0.0125 0.048828125
1 0.00625 0.4609375 0.0125 0.05859375
1 0.1125 0.466796875 0.021875 0.05859375
4 0.278125 0.47265625 0.021875 0.02734375
3 0.4625 0.474609375 0.01875 0.01171875
3 0.36640625 0.466796875 0.0171875 0.02734375
3 0.34609375 0.4658203125 0.0359375 0.033203125
1 0.27890625 0.4609375 0.0203125 0.0390625
