1 0.69453125 0.4521484375 0.0359375 0.083984375
1 0.346875 0.48046875 0.0375 0.140625
1 0.303125 0.447265625 0.021875 0.05078125
1 0.28515625 0.4443359375 0.0140625 0.044921875
1 0.040625 0.4697265625 0.01875 0.056640625
1 0.00625 0.47265625 0.0125 0.03125
3 0.92265625 0.5078125 0.1515625 0.42578125
3 0.784375 0.53515625 0.209375 0.234375
3 0.52109375 0.4794921875 0.2359375 0.150390625
3 0.38515625 0.48828125 0.0734375 0.1015625
3 0.315625 0.4873046875 0.06875 0.080078125
3 0.1921875 0.4775390625 0.1875 0.166015625
3 0.0921875 0.4833984375 0.075 0.080078125
