6 0.665625 0.4013671875 0.025 0.033203125
10 0.57421875 0.296875 0.0171875 0.0546875
10 0.54921875 0.275390625 0.0203125 0.0625
10 0.96953125 0.34375 0.0140625 0.0546875
10 0.953125 0.33984375 0.015625 0.0546875
12 0.5453125 0.3193359375 0.015625 0.025390625
12 0.57109375 0.333984375 0.0140625 0.01953125
12 0.46796875 0.2880859375 0.0390625 0.052734375
12 0.50390625 0.42578125 0.0703125 0.04296875
1 0.81328125 0.4521484375 0.0234375 0.095703125
1 0.6359375 0.412109375 0.0125 0.0390625
1 0.61953125 0.4111328125 0.0109375 0.037109375
1 0.1640625 0.4384765625 0.059375 0.240234375
1 0.1125 0.4296875 0.065625 0.23046875
1 0.1953125 0.3759765625 0.025 0.060546875
1 0.25234375 0.4404296875 0.0390625 0.119140625
1 0.29375 0.4443359375 0.05 0.126953125
1 0.3609375 0.435546875 0.034375 0.10546875
1 0.38359375 0.435546875 0.0265625 0.109375
1 0.409375 0.43359375 0.034375 0.08203125
2 0.7625 0.4453125 0.053125 0.046875
4 0.68515625 0.47265625 0.0359375 0.08984375
3 0.8890625 0.4677734375 0.159375 0.169921875
1 0.6796875 0.4521484375 0.05 0.123046875
1 0.7625 0.427734375 0.025 0.05859375
