10 0.5265625 0.396484375 0.009375 0.02734375
10 0.22890625 0.39453125 0.0109375 0.03125
10 0.23125 0.423828125 0.009375 0.015625
1 0.14375 0.4609375 0.0125 0.0234375
1 0.196875 0.453125 0.015625 0.03125
1 0.73125 0.4599609375 0.021875 0.056640625
1 0.7625 0.4697265625 0.01875 0.080078125
1 0.7796875 0.4697265625 0.0125 0.056640625
1 0.78359375 0.46484375 0.0171875 0.07421875
1 0.80546875 0.46875 0.0171875 0.06640625
2 0.2734375 0.4873046875 0.015625 0.029296875
2 0.25078125 0.4921875 0.0203125 0.03515625
2 0.2203125 0.4892578125 0.028125 0.044921875
2 0.0078125 0.5087890625 0.015625 0.068359375
3 0.37109375 0.4736328125 0.0390625 0.044921875
3 0.340625 0.4833984375 0.05625 0.060546875
3 0.159375 0.53125 0.2125 0.1328125
3 0.45703125 0.48046875 0.1203125 0.13671875
1 0.221875 0.4716796875 0.025 0.068359375
1 0.2515625 0.4755859375 0.01875 0.060546875
1 0.2734375 0.4736328125 0.015625 0.048828125
