10 0.80234375 0.384765625 0.0234375 0.078125
10 0.0953125 0.568359375 0.015625 0.04296875
10 0.09765625 0.412109375 0.0265625 0.07421875
10 0.9734375 0.4609375 0.040625 0.03515625
10 0.565625 0.521484375 0.00625 0.01171875
12 0.82265625 0.44921875 0.0359375 0.046875
12 0.82265625 0.4833984375 0.0390625 0.021484375
1 0.2140625 0.5693359375 0.0125 0.041015625
1 0.2296875 0.5673828125 0.0125 0.037109375
1 0.31953125 0.5654296875 0.0078125 0.033203125
1 0.3421875 0.5595703125 0.009375 0.021484375
1 0.35 0.55859375 0.00625 0.01953125
4 0.05078125 0.60546875 0.0390625 0.0625
3 0.3765625 0.5654296875 0.0375 0.029296875
3 0.3984375 0.564453125 0.01875 0.0234375
3 0.56484375 0.5517578125 0.0171875 0.017578125
3 0.45078125 0.55859375 0.0203125 0.01953125
3 0.46171875 0.5595703125 0.0109375 0.017578125
3 0.4703125 0.560546875 0.009375 0.015625
3 0.63203125 0.544921875 0.0171875 0.01953125
1 0.05703125 0.5869140625 0.0234375 0.068359375
