1 0.04453125 0.5830078125 0.0328125 0.103515625
1 0.0640625 0.5751953125 0.025 0.099609375
1 0.0828125 0.5849609375 0.025 0.111328125
1 0.128125 0.5810546875 0.021875 0.103515625
1 0.1515625 0.583984375 0.025 0.1015625
1 0.18515625 0.576171875 0.0296875 0.12109375
1 0.20859375 0.55078125 0.0234375 0.08203125
1 0.228125 0.55078125 0.028125 0.08203125
1 0.00703125 0.583984375 0.0140625 0.09765625
8 0.88359375 0.5048828125 0.2296875 0.146484375
4 0.98046875 0.6728515625 0.0359375 0.099609375
4 0.94921875 0.642578125 0.0984375 0.1171875
4 0.93203125 0.611328125 0.1328125 0.125
3 0.45078125 0.7373046875 0.3828125 0.423828125
3 0.70390625 0.6142578125 0.1546875 0.154296875
3 0.63828125 0.55859375 0.0453125 0.05078125
3 0.60234375 0.54296875 0.0421875 0.0390625
3 0.678125 0.5263671875 0.0625 0.021484375
3 0.5671875 0.53515625 0.028125 0.02734375
3 0.5078125 0.5224609375 0.015625 0.009765625
3 0.48203125 0.5224609375 0.0171875 0.009765625
3 0.51015625 0.5078125 0.0109375 0.015625
3 0.28984375 0.603515625 0.1265625 0.14453125
