10 0.3640625 0.380859375 0.015625 0.0390625
10 0.23203125 0.48046875 0.0078125 0.0234375
10 0.3046875 0.5107421875 0.00625 0.013671875
10 0.30703125 0.4833984375 0.0078125 0.025390625
10 0.38046875 0.4296875 0.0078125 0.0234375
10 0.4375 0.427734375 0.009375 0.02734375
10 0.54140625 0.4306640625 0.0078125 0.025390625
10 0.64765625 0.4921875 0.0078125 0.0234375
10 0.646875 0.5185546875 0.00625 0.009765625
12 0.34453125 0.375 0.0171875 0.01953125
12 0.371875 0.4296875 0.00625 0.015625
12 0.59140625 0.4482421875 0.0234375 0.013671875
12 0.221875 0.5048828125 0.015625 0.021484375
1 0.15390625 0.5439453125 0.0171875 0.056640625
1 0.175 0.5439453125 0.015625 0.060546875
1 0.27109375 0.5517578125 0.0171875 0.048828125
1 0.25625 0.55078125 0.021875 0.0546875
1 0.325 0.552734375 0.01875 0.05859375
1 0.39375 0.5478515625 0.009375 0.041015625
1 0.403125 0.5458984375 0.009375 0.044921875
1 0.41328125 0.537109375 0.0046875 0.01171875
1 0.57890625 0.5400390625 0.0046875 0.017578125
1 0.584375 0.5390625 0.003125 0.015625
1 0.57109375 0.5400390625 0.0078125 0.013671875
3 0.44375 0.5400390625 0.021875 0.021484375
3 0.54375 0.5732421875 0.084375 0.080078125
