10 0.13984375 0.22265625 0.0203125 0.078125
10 0.1 0.306640625 0.0125 0.0390625
10 0.14921875 0.326171875 0.0109375 0.03515625
10 0.93046875 0.310546875 0.0078125 0.03515625
10 0.971875 0.3056640625 0.009375 0.037109375
10 0.63359375 0.3701171875 0.0078125 0.029296875
10 0.68984375 0.4072265625 0.0078125 0.029296875
10 0.89296875 0.43359375 0.0078125 0.03125
12 0.95390625 0.3037109375 0.0078125 0.021484375
3 0.60703125 0.4775390625 0.0109375 0.013671875
10 0.35859375 0.423828125 0.0078125 0.02734375
10 0.3578125 0.4453125 0.009375 0.01171875
1 0.49609375 0.48046875 0.0046875 0.015625
1 0.559375 0.4794921875 0.00625 0.017578125
