10 0.8453125 0.380859375 0.009375 0.03125
10 0.47109375 0.3466796875 0.0171875 0.048828125
10 0.525 0.3828125 0.0125 0.0390625
10 0.56328125 0.4072265625 0.0078125 0.025390625
12 0.41015625 0.4287109375 0.0078125 0.021484375
12 0.47265625 0.41015625 0.0203125 0.0234375
12 0.5265625 0.427734375 0.0125 0.015625
12 0.5640625 0.4306640625 0.0125 0.013671875
12 0.72890625 0.4130859375 0.0109375 0.013671875
12 0.73046875 0.4267578125 0.0109375 0.013671875
1 0.184375 0.49609375 0.009375 0.0390625
1 0.76484375 0.4609375 0.0078125 0.03125
1 0.77265625 0.4609375 0.0078125 0.02734375
1 0.74609375 0.458984375 0.0078125 0.02734375
1 0.696875 0.46875 0.00625 0.0234375
1 0.69296875 0.46484375 0.0078125 0.02734375
1 0.484375 0.4736328125 0.00625 0.021484375
1 0.49140625 0.4716796875 0.0046875 0.017578125
4 0.603125 0.537109375 0.05625 0.10546875
4 0.46015625 0.494140625 0.0171875 0.02734375
3 0.96484375 0.7099609375 0.0671875 0.283203125
3 0.359375 0.5126953125 0.071875 0.064453125
3 0.521875 0.48046875 0.034375 0.03515625
3 0.578125 0.474609375 0.021875 0.0234375
3 0.65078125 0.4833984375 0.0515625 0.048828125
3 0.57421875 0.45703125 0.0140625 0.015625
3 0.5984375 0.4658203125 0.01875 0.017578125
1 0.603125 0.51171875 0.04375 0.09375
1 0.0796875 0.5185546875 0.021875 0.087890625
1 0.46015625 0.486328125 0.0140625 0.03515625
