1 0.60390625 0.458984375 0.0078125 0.03515625
2 0.5921875 0.478515625 0.0125 0.02734375
3 0.071875 0.5146484375 0.14375 0.115234375
3 0.15546875 0.484375 0.1203125 0.12109375
3 0.23515625 0.484375 0.0671875 0.08203125
3 0.275 0.484375 0.0375 0.0625
3 0.38671875 0.46484375 0.0359375 0.03125
3 0.409375 0.4619140625 0.025 0.029296875
3 0.42578125 0.458984375 0.0203125 0.02734375
3 0.4515625 0.455078125 0.015625 0.01171875
3 0.45546875 0.453125 0.0140625 0.015625
3 0.4640625 0.4541015625 0.00625 0.013671875
3 0.4734375 0.455078125 0.009375 0.0078125
3 0.4796875 0.455078125 0.003125 0.0078125
3 0.48359375 0.4560546875 0.0046875 0.005859375
3 0.8390625 0.48046875 0.071875 0.04296875
3 0.8734375 0.4775390625 0.034375 0.052734375
1 0.59375 0.4697265625 0.009375 0.041015625
1 0.50234375 0.4541015625 0.0046875 0.013671875
1 0.51640625 0.4521484375 0.0046875 0.017578125
