1 0.69296875 0.48046875 0.0140625 0.05859375
1 0.60546875 0.4619140625 0.0078125 0.025390625
1 0.59453125 0.4560546875 0.0046875 0.009765625
2 0.5453125 0.4697265625 0.00625 0.017578125
2 0.52734375 0.46875 0.0078125 0.01953125
3 0.9 0.630859375 0.196875 0.27734375
3 0.92109375 0.5009765625 0.1546875 0.091796875
3 0.86796875 0.4990234375 0.1421875 0.091796875
3 0.8203125 0.4912109375 0.090625 0.068359375
3 0.771875 0.4921875 0.046875 0.0546875
3 0.7484375 0.4814453125 0.0625 0.068359375
3 0.7 0.46875 0.04375 0.0390625
3 0.659375 0.4619140625 0.021875 0.025390625
3 0.64375 0.4599609375 0.015625 0.021484375
3 0.62265625 0.4599609375 0.0171875 0.021484375
3 0.584375 0.46484375 0.025 0.0234375
3 0.56796875 0.455078125 0.0078125 0.0078125
3 0.55546875 0.4521484375 0.0140625 0.013671875
3 0.52890625 0.458984375 0.0203125 0.0234375
3 0.5171875 0.46484375 0.0125 0.0234375
3 0.503125 0.4638671875 0.028125 0.033203125
3 0.503125 0.466796875 0.021875 0.02734375
3 0.48125 0.4658203125 0.03125 0.037109375
3 0.475 0.4716796875 0.03125 0.037109375
3 0.43671875 0.4716796875 0.0546875 0.060546875
3 0.38828125 0.48046875 0.0640625 0.08203125
3 0.36328125 0.4921875 0.0828125 0.078125
3 0.25390625 0.49609375 0.1640625 0.1640625
3 0.09921875 0.5458984375 0.1984375 0.181640625
3 0.0203125 0.6015625 0.040625 0.15234375
1 0.54453125 0.458984375 0.0109375 0.02734375
1 0.52890625 0.4599609375 0.0109375 0.029296875
