10 0.540625 0.1484375 0.03125 0.078125
10 0.07265625 0.484375 0.0109375 0.04296875
10 0.3625 0.41015625 0.021875 0.0625
10 0.38125 0.4091796875 0.021875 0.060546875
10 0.7796875 0.353515625 0.025 0.06640625
12 0.28359375 0.4765625 0.0171875 0.0078125
12 0.28515625 0.4892578125 0.0140625 0.017578125
12 0.296875 0.4560546875 0.01875 0.013671875
12 0.296875 0.470703125 0.01875 0.0078125
12 0.3625 0.470703125 0.028125 0.0078125
12 0.36328125 0.478515625 0.0265625 0.0078125
12 0.3640625 0.486328125 0.028125 0.0078125
12 0.3640625 0.4921875 0.028125 0.0078125
12 0.38046875 0.453125 0.0265625 0.015625
12 0.5859375 0.4365234375 0.015625 0.025390625
12 0.76171875 0.400390625 0.0328125 0.01171875
12 0.7640625 0.416015625 0.034375 0.015625
12 0.734375 0.4150390625 0.021875 0.044921875
3 0.071875 0.833984375 0.14375 0.3046875
3 0.059375 0.638671875 0.11875 0.15234375
3 0.040625 0.5751953125 0.08125 0.072265625
3 0.20859375 0.6611328125 0.3046875 0.271484375
3 0.38046875 0.5859375 0.1734375 0.171875
3 0.47265625 0.533203125 0.0953125 0.1015625
3 0.20234375 0.517578125 0.0828125 0.0234375
3 0.6546875 0.6826171875 0.38125 0.408203125
3 0.64921875 0.4736328125 0.2296875 0.037109375
