1 0.4984375 0.484375 0.0625 0.15625
1 0.47265625 0.4833984375 0.0453125 0.138671875
1 0.4453125 0.4736328125 0.05 0.142578125
2 0.040625 0.5390625 0.065625 0.12890625
3 0.1703125 0.4794921875 0.103125 0.087890625
3 0.22890625 0.47265625 0.0453125 0.0625
3 0.25078125 0.46875 0.0328125 0.0546875
3 0.26953125 0.46484375 0.0328125 0.046875
3 0.29765625 0.4609375 0.0328125 0.04296875
3 0.32734375 0.4541015625 0.0359375 0.033203125
3 0.353125 0.4521484375 0.025 0.029296875
3 0.3703125 0.4501953125 0.01875 0.021484375
3 0.38359375 0.447265625 0.0140625 0.01953125
3 0.3921875 0.4462890625 0.009375 0.017578125
3 0.40390625 0.4453125 0.0140625 0.015625
3 0.4171875 0.4453125 0.0125 0.01171875
3 0.5859375 0.470703125 0.084375 0.08203125
3 0.5453125 0.46484375 0.03125 0.0625
3 0.5328125 0.4609375 0.021875 0.05078125
3 0.51953125 0.455078125 0.0140625 0.0390625
1 0.0390625 0.486328125 0.059375 0.1953125
