10 0.34296875 0.1591796875 0.0203125 0.068359375
10 0.58828125 0.29296875 0.0203125 0.06640625
10 0.71171875 0.265625 0.0203125 0.06640625
10 0.73125 0.349609375 0.025 0.03125
10 0.9515625 0.1494140625 0.0375 0.095703125
10 0.9515625 0.0146484375 0.090625 0.029296875
12 0.61015625 0.33984375 0.0515625 0.015625
1 0.9609375 0.5166015625 0.0625 0.224609375
1 0.91640625 0.537109375 0.0640625 0.2734375
1 0.840625 0.5107421875 0.078125 0.255859375
1 0.70625 0.462890625 0.028125 0.109375
1 0.59765625 0.4775390625 0.0359375 0.111328125
1 0.5625 0.4912109375 0.025 0.080078125
1 0.54765625 0.4765625 0.0171875 0.0859375
1 0.16875 0.4775390625 0.021875 0.068359375
3 0.928125 0.4501953125 0.13125 0.150390625
3 0.2421875 0.4931640625 0.090625 0.080078125
3 0.28984375 0.4736328125 0.0359375 0.048828125
3 0.3140625 0.478515625 0.01875 0.02734375
3 0.3328125 0.4765625 0.021875 0.0234375
3 0.34765625 0.47265625 0.0171875 0.0234375
3 0.36171875 0.4697265625 0.0140625 0.017578125
3 0.37109375 0.4677734375 0.0078125 0.013671875
3 0.39765625 0.46484375 0.0109375 0.01171875
3 0.42265625 0.45703125 0.0078125 0.0078125
3 0.3875 0.4609375 0.009375 0.01171875
3 0.4484375 0.46875 0.028125 0.02734375
3 0.4390625 0.45703125 0.0125 0.01171875
3 0.434375 0.451171875 0.00625 0.0078125
