10 0.896875 0.255859375 0.021875 0.06640625
10 0.89921875 0.3271484375 0.0140625 0.029296875
10 0.66015625 0.365234375 0.0171875 0.01953125
10 0.65703125 0.3125 0.0140625 0.05078125
10 0.41015625 0.1982421875 0.0171875 0.052734375
10 0.221875 0.2177734375 0.015625 0.052734375
12 0.67109375 0.34765625 0.0328125 0.01171875
12 0.64765625 0.234375 0.0640625 0.03515625
12 0.25546875 0.197265625 0.0328125 0.04296875
12 0.521875 0.3876953125 0.00625 0.009765625
1 0.6875 0.4326171875 0.04375 0.119140625
3 0.89453125 0.416015625 0.2078125 0.1484375
3 0.4890625 0.4306640625 0.021875 0.025390625
3 0.47265625 0.431640625 0.0109375 0.01171875
3 0.46171875 0.4306640625 0.0109375 0.009765625
3 0.43515625 0.431640625 0.0140625 0.01171875
3 0.45 0.4296875 0.0125 0.01171875
3 0.3484375 0.451171875 0.071875 0.0703125
3 0.17109375 0.4501953125 0.0578125 0.048828125
