10 0.74765625 0.3037109375 0.0203125 0.083984375
10 0.76015625 0.36328125 0.0203125 0.0234375
10 0.496875 0.3740234375 0.01875 0.021484375
10 0.50078125 0.318359375 0.0140625 0.0546875
10 0.46328125 0.3798828125 0.0203125 0.021484375
12 0.8078125 0.345703125 0.0375 0.01171875
12 0.4265625 0.380859375 0.009375 0.01953125
1 0.01171875 0.462890625 0.0234375 0.0625
3 0.08125 0.46875 0.075 0.0625
3 0.55078125 0.4345703125 0.1609375 0.056640625
3 0.7046875 0.4853515625 0.25625 0.138671875
3 0.465625 0.51171875 0.50625 0.21484375
