10 0.60859375 0.4296875 0.0078125 0.02734375
10 0.3015625 0.423828125 0.00625 0.01953125
12 0.71953125 0.3994140625 0.0421875 0.041015625
1 0.45625 0.486328125 0.009375 0.0234375
1 0.634375 0.5419921875 0.028125 0.052734375
1 0.6828125 0.4921875 0.009375 0.04296875
1 0.67265625 0.4912109375 0.0109375 0.037109375
1 0.66484375 0.4912109375 0.0109375 0.037109375
1 0.640625 0.4921875 0.009375 0.03125
1 0.62734375 0.4873046875 0.0078125 0.033203125
1 0.01640625 0.482421875 0.0234375 0.05078125
1 0.2671875 0.505859375 0.01875 0.0703125
1 0.353125 0.4873046875 0.009375 0.037109375
1 0.88046875 0.50390625 0.0140625 0.08203125
1 0.80390625 0.4921875 0.0203125 0.046875
1 0.3421875 0.4814453125 0.0125 0.029296875
2 0.5875 0.5205078125 0.01875 0.044921875
3 0.07734375 0.5146484375 0.1546875 0.115234375
3 0.190625 0.5068359375 0.090625 0.091796875
3 0.246875 0.5009765625 0.0375 0.072265625
3 0.29296875 0.4951171875 0.0609375 0.076171875
3 0.49375 0.52734375 0.09375 0.09375
1 0.5875 0.5078125 0.01875 0.0625
