10 0.8671875 0.3642578125 0.034375 0.041015625
10 0.85703125 0.2578125 0.0296875 0.09375
10 0.4078125 0.4462890625 0.003125 0.009765625
12 0.4078125 0.4375 0.009375 0.00390625
12 0.3015625 0.4384765625 0.009375 0.013671875
12 0.171875 0.390625 0.0125 0.0234375
12 0.64296875 0.3916015625 0.0203125 0.029296875
12 0.5421875 0.4462890625 0.003125 0.005859375
12 0.5421875 0.435546875 0.00625 0.0078125
3 0.1640625 0.5068359375 0.14375 0.119140625
3 0.22421875 0.4658203125 0.0515625 0.048828125
3 0.29296875 0.5048828125 0.1171875 0.103515625
3 0.378125 0.48828125 0.040625 0.05078125
3 0.3546875 0.484375 0.01875 0.03125
3 0.55390625 0.4833984375 0.0265625 0.041015625
3 0.4703125 0.51953125 0.178125 0.20703125
3 0.340625 0.4794921875 0.01875 0.037109375
