12 0.64765625 0.46875 0.0203125 0.01171875
12 0.61015625 0.462890625 0.0203125 0.01171875
12 0.65546875 0.3974609375 0.0390625 0.060546875
1 0.15546875 0.4755859375 0.0140625 0.041015625
1 0.190625 0.470703125 0.009375 0.03515625
3 0.2375 0.458984375 0.046875 0.03125
3 0.95859375 0.45703125 0.0796875 0.09765625
3 0.3828125 0.427734375 0.009375 0.01171875
3 0.3953125 0.42578125 0.009375 0.0078125
3 0.40546875 0.4423828125 0.0203125 0.021484375
3 0.4625 0.4404296875 0.015625 0.017578125
3 0.478125 0.42578125 0.009375 0.01171875
3 0.48828125 0.427734375 0.0109375 0.01171875
3 0.48515625 0.4208984375 0.0078125 0.005859375
3 0.50078125 0.4296875 0.0109375 0.01171875
3 0.52578125 0.439453125 0.0140625 0.01953125
3 0.52109375 0.427734375 0.0140625 0.01171875
3 0.72890625 0.4287109375 0.0265625 0.033203125
3 0.07265625 0.4775390625 0.0296875 0.033203125
