10 0.51328125 0.42578125 0.0046875 0.015625
10 0.51484375 0.4423828125 0.0046875 0.005859375
10 0.521875 0.43359375 0.003125 0.01171875
10 0.52578125 0.4482421875 0.0046875 0.005859375
10 0.4203125 0.3984375 0.00625 0.015625
10 0.37578125 0.396484375 0.0046875 0.015625
10 0.503125 0.43359375 0.003125 0.015625
10 0.5015625 0.447265625 0.003125 0.00390625
12 0.7078125 0.3232421875 0.053125 0.083984375
12 0.61171875 0.423828125 0.0140625 0.015625
12 0.5375 0.4111328125 0.009375 0.013671875
12 0.5375 0.419921875 0.00625 0.00390625
12 0.4609375 0.41796875 0.021875 0.0078125
12 0.1015625 0.4296875 0.009375 0.015625
12 0.15390625 0.4453125 0.0140625 0.0234375
12 0.22421875 0.439453125 0.0046875 0.01171875
12 0.19609375 0.4375 0.0046875 0.01171875
1 0.67578125 0.443359375 0.0109375 0.03125
1 0.73984375 0.4404296875 0.0109375 0.033203125
1 0.58046875 0.4560546875 0.0140625 0.044921875
1 0.590625 0.455078125 0.009375 0.03125
1 0.025 0.4658203125 0.0125 0.033203125
2 0.82890625 0.484375 0.0265625 0.04296875
3 0.98984375 0.4736328125 0.0171875 0.033203125
3 0.96015625 0.470703125 0.0453125 0.03515625
3 0.8875 0.4599609375 0.046875 0.021484375
3 0.45390625 0.4736328125 0.0796875 0.083984375
3 0.4015625 0.4677734375 0.021875 0.017578125
3 0.36015625 0.4716796875 0.0453125 0.033203125
3 0.26328125 0.466796875 0.0453125 0.04296875
1 0.828125 0.4658203125 0.021875 0.052734375
