1 0.51328125 0.4638671875 0.0140625 0.029296875
1 0.51796875 0.4638671875 0.0140625 0.029296875
1 0.4671875 0.4609375 0.009375 0.02734375
1 0.4546875 0.462890625 0.009375 0.03125
1 0.46015625 0.4609375 0.0078125 0.03125
1 0.43984375 0.455078125 0.0078125 0.0234375
1 0.4328125 0.4541015625 0.00625 0.025390625
3 0.940625 0.4833984375 0.115625 0.091796875
3 0.8734375 0.6650390625 0.25 0.322265625
3 0.775 0.5703125 0.20625 0.1875
3 0.64765625 0.453125 0.0359375 0.0234375
3 0.6328125 0.5009765625 0.08125 0.083984375
3 0.58984375 0.4873046875 0.0453125 0.060546875
3 0.57734375 0.4736328125 0.0390625 0.044921875
3 0.478125 0.4609375 0.01875 0.0234375
3 0.49296875 0.4599609375 0.0140625 0.017578125
3 0.39609375 0.46875 0.0734375 0.0625
3 0.3390625 0.48046875 0.06875 0.0625
3 0.24765625 0.498046875 0.1171875 0.08984375
3 0.73671875 0.44921875 0.0671875 0.0546875
