12 0.10546875 0.27734375 0.0640625 0.06640625
1 0.971875 0.51171875 0.053125 0.125
1 0.6 0.4619140625 0.015625 0.044921875
1 0.3421875 0.4638671875 0.009375 0.033203125
2 0.859375 0.55078125 0.065625 0.10546875
3 0.5140625 0.453125 0.0125 0.01171875
3 0.49140625 0.4560546875 0.0078125 0.009765625
3 0.48125 0.4560546875 0.015625 0.013671875
3 0.4640625 0.455078125 0.015625 0.015625
3 0.4234375 0.4609375 0.059375 0.05078125
3 0.3703125 0.46484375 0.04375 0.04296875
3 0.28515625 0.4833984375 0.0328125 0.052734375
3 0.13984375 0.5126953125 0.2796875 0.240234375
11 0.5671875 0.46875 0.00625 0.015625
