6 0.3703125 0.44140625 0.03125 0.0390625
10 0.2640625 0.13671875 0.046875 0.078125
10 0.76796875 0.2998046875 0.0203125 0.064453125
10 0.77265625 0.3671875 0.0234375 0.02734375
10 0.89765625 0.2666015625 0.0265625 0.064453125
10 0.29296875 0.400390625 0.0046875 0.01171875
10 0.33515625 0.396484375 0.0046875 0.01171875
12 0.31328125 0.1357421875 0.0421875 0.068359375
12 0.5890625 0.232421875 0.1125 0.02734375
12 0.265625 0.416015625 0.015625 0.00390625
12 0.33046875 0.3974609375 0.0078125 0.009765625
1 0.1140625 0.58984375 0.228125 0.81640625
2 0.87890625 0.4736328125 0.0328125 0.060546875
3 0.309375 0.462890625 0.05625 0.05859375
3 0.34453125 0.45703125 0.0265625 0.03125
3 0.40390625 0.4541015625 0.0328125 0.037109375
3 0.46015625 0.4765625 0.0671875 0.06640625
3 0.41953125 0.4462890625 0.0171875 0.025390625
1 0.88203125 0.4521484375 0.0296875 0.095703125
79 0.40859375 0.76171875 0.4203125 0.47265625
79 0.45859375 0.4296875 0.0421875 0.03125
