6 0.5171875 0.447265625 0.0625 0.08203125
6 0.81875 0.4150390625 0.259375 0.087890625
6 0.43203125 0.453125 0.0984375 0.0390625
1 0.9375 0.64453125 0.121875 0.4765625
1 0.71796875 0.431640625 0.0296875 0.0546875
1 0.67578125 0.4521484375 0.0328125 0.072265625
1 0.65703125 0.4482421875 0.0265625 0.091796875
1 0.68984375 0.4365234375 0.0265625 0.056640625
1 0.63125 0.4599609375 0.01875 0.056640625
1 0.55078125 0.4599609375 0.0109375 0.041015625
1 0.57109375 0.4541015625 0.0078125 0.033203125
1 0.57734375 0.458984375 0.0078125 0.04296875
1 0.5828125 0.4609375 0.009375 0.0390625
1 0.5953125 0.462890625 0.015625 0.0546875
1 0.609375 0.4619140625 0.009375 0.052734375
1 0.6171875 0.4580078125 0.0125 0.056640625
1 0.4171875 0.4697265625 0.015625 0.048828125
1 0.40625 0.4716796875 0.0125 0.044921875
1 0.36640625 0.4619140625 0.0046875 0.017578125
1 0.3765625 0.46484375 0.00625 0.0234375
1 0.37265625 0.4658203125 0.0046875 0.021484375
1 0.11328125 0.4990234375 0.0171875 0.044921875
3 0.72890625 0.533203125 0.3984375 0.2109375
3 0.93671875 0.419921875 0.1234375 0.078125
3 0.471875 0.462890625 0.028125 0.0234375
3 0.45234375 0.4638671875 0.0265625 0.021484375
3 0.2984375 0.4736328125 0.028125 0.021484375
1 0.128125 0.4921875 0.0125 0.03125
