6 0.54375 0.271484375 0.20625 0.15625
6 0.39296875 0.375 0.0203125 0.02734375
12 0.37890625 0.345703125 0.0140625 0.015625
8 0.71171875 0.4306640625 0.1140625 0.158203125
3 0.13359375 0.4296875 0.2671875 0.8203125
3 0.2984375 0.466796875 0.15 0.1484375
3 0.39296875 0.439453125 0.0703125 0.09375
3 0.55078125 0.5185546875 0.3328125 0.365234375
3 0.81875 0.4443359375 0.090625 0.099609375
3 0.878125 0.431640625 0.046875 0.06640625
3 0.95625 0.470703125 0.084375 0.09375
3 0.4140625 0.388671875 0.0375 0.01953125
