12 0.571875 0.4326171875 0.009375 0.013671875
12 0.41328125 0.4111328125 0.0140625 0.021484375
12 0.43203125 0.4365234375 0.0078125 0.013671875
1 0.25703125 0.5087890625 0.0359375 0.099609375
1 0.54453125 0.46875 0.0109375 0.04296875
3 0.05859375 0.4912109375 0.1171875 0.091796875
3 0.134375 0.48828125 0.14375 0.09765625
3 0.1921875 0.458984375 0.065625 0.0390625
3 0.29765625 0.5009765625 0.2734375 0.123046875
3 0.93984375 0.5166015625 0.1171875 0.115234375
3 0.803125 0.4853515625 0.225 0.123046875
3 0.6921875 0.478515625 0.115625 0.08203125
79 0.55546875 0.4560546875 0.0609375 0.044921875
