10 0.16484375 0.287109375 0.0203125 0.06640625
10 0.54765625 0.0986328125 0.0203125 0.072265625
10 0.7890625 0.267578125 0.01875 0.06640625
10 0.7875 0.34765625 0.01875 0.03125
1 0.67265625 0.4501953125 0.0109375 0.048828125
1 0.6375 0.451171875 0.015625 0.0390625
1 0.71328125 0.458984375 0.0203125 0.046875
1 0.73515625 0.4619140625 0.0203125 0.044921875
1 0.578125 0.4521484375 0.009375 0.033203125
1 0.5640625 0.451171875 0.009375 0.03125
1 0.5546875 0.4482421875 0.00625 0.021484375
1 0.3625 0.4619140625 0.025 0.060546875
2 0.734375 0.474609375 0.01875 0.05078125
3 0.14296875 0.544921875 0.2859375 0.3984375
3 0.30625 0.4638671875 0.075 0.080078125
3 0.4234375 0.4560546875 0.090625 0.103515625
3 0.48125 0.44921875 0.015625 0.01171875
3 0.3515625 0.46875 0.025 0.05078125
