10 0.06875 0.375 0.0125 0.04296875
10 0.41328125 0.3955078125 0.0046875 0.013671875
10 0.53671875 0.3701171875 0.0109375 0.037109375
10 0.534375 0.4052734375 0.0125 0.013671875
10 0.06953125 0.4091796875 0.0109375 0.013671875
12 0.39375 0.404296875 0.00625 0.0078125
12 0.6953125 0.3681640625 0.015625 0.021484375
1 0.50078125 0.4521484375 0.0078125 0.029296875
1 0.52578125 0.4501953125 0.0078125 0.029296875
1 0.553125 0.4599609375 0.021875 0.064453125
1 0.5796875 0.4560546875 0.015625 0.060546875
1 0.596875 0.4521484375 0.015625 0.064453125
1 0.61171875 0.4599609375 0.0171875 0.064453125
1 0.64296875 0.4599609375 0.0171875 0.060546875
1 0.68359375 0.453125 0.0171875 0.06640625
1 0.82421875 0.4404296875 0.0359375 0.138671875
1 0.8515625 0.453125 0.034375 0.13671875
1 0.9296875 0.4560546875 0.053125 0.189453125
1 0.9796875 0.4580078125 0.0375 0.193359375
1 0.06953125 0.458984375 0.0109375 0.0546875
1 0.05859375 0.4423828125 0.0109375 0.021484375
1 0.18359375 0.4580078125 0.0109375 0.037109375
1 0.17109375 0.443359375 0.0109375 0.015625
2 0.45625 0.4638671875 0.0125 0.025390625
3 0.31640625 0.4599609375 0.0328125 0.037109375
3 0.34375 0.458984375 0.025 0.02734375
3 0.36171875 0.4599609375 0.0140625 0.021484375
3 0.37109375 0.45703125 0.0109375 0.01953125
3 0.39375 0.4580078125 0.025 0.025390625
1 0.45625 0.4580078125 0.0125 0.029296875
