6 0.475 0.533203125 0.0125 0.01171875
10 0.246875 0.482421875 0.025 0.03515625
10 0.23515625 0.35546875 0.0203125 0.078125
1 0.39375 0.5576171875 0.01875 0.041015625
1 0.375 0.5546875 0.01875 0.03125
1 0.87109375 0.55859375 0.0234375 0.04296875
1 0.846875 0.5595703125 0.021875 0.033203125
1 0.72890625 0.548828125 0.0109375 0.01953125
1 0.775 0.5517578125 0.015625 0.025390625
1 0.78671875 0.5546875 0.0109375 0.01953125
3 0.490625 0.607421875 0.103125 0.1171875
3 0.44140625 0.572265625 0.0265625 0.0546875
3 0.48046875 0.544921875 0.0203125 0.01171875
