6 0.46015625 0.5263671875 0.0359375 0.048828125
10 0.053125 0.552734375 0.034375 0.1015625
10 0.01640625 0.548828125 0.0234375 0.09375
10 0.07109375 0.1162109375 0.0703125 0.197265625
12 0.715625 0.4423828125 0.040625 0.052734375
12 0.06796875 0.328125 0.1015625 0.125
1 0.965625 0.6806640625 0.0625 0.259765625
1 0.91171875 0.6767578125 0.0671875 0.236328125
1 0.7046875 0.552734375 0.009375 0.0390625
1 0.71328125 0.55078125 0.0109375 0.03515625
1 0.69375 0.55078125 0.0125 0.03125
1 0.68203125 0.5419921875 0.0140625 0.037109375
1 0.6578125 0.54296875 0.0125 0.02734375
1 0.646875 0.544921875 0.0125 0.0234375
1 0.621875 0.544921875 0.009375 0.02734375
1 0.5875 0.546875 0.009375 0.02734375
1 0.56796875 0.5390625 0.0078125 0.01953125
1 0.5609375 0.5380859375 0.00625 0.021484375
1 0.55390625 0.5419921875 0.0078125 0.025390625
1 0.5046875 0.5439453125 0.00625 0.021484375
1 0.37734375 0.54296875 0.0078125 0.02734375
1 0.23046875 0.55859375 0.0171875 0.05859375
1 0.21796875 0.5615234375 0.0171875 0.052734375
1 0.25703125 0.5625 0.0140625 0.046875
1 0.59453125 0.5478515625 0.0078125 0.025390625
2 0.80625 0.6162109375 0.075 0.056640625
3 0.4671875 0.677734375 0.225 0.25390625
