2 0.64921875 0.544921875 0.0359375 0.11328125
2 0.53984375 0.537109375 0.0453125 0.1015625
2 0.47265625 0.48828125 0.0234375 0.0546875
2 0.4390625 0.494140625 0.03125 0.06640625
2 0.421875 0.478515625 0.021875 0.046875
2 0.39453125 0.4716796875 0.0109375 0.029296875
2 0.37109375 0.4677734375 0.0265625 0.056640625
2 0.35078125 0.47265625 0.0078125 0.0234375
2 0.31953125 0.4736328125 0.0078125 0.017578125
3 0.15390625 0.4453125 0.0734375 0.078125
3 0.1796875 0.44140625 0.05625 0.078125
1 0.6484375 0.4921875 0.05625 0.1875
1 0.54140625 0.494140625 0.0453125 0.13671875
1 0.43984375 0.4599609375 0.0359375 0.115234375
1 0.47109375 0.462890625 0.0265625 0.0859375
1 0.3703125 0.4453125 0.03125 0.08984375
1 0.39375 0.451171875 0.01875 0.05859375
1 0.35 0.4560546875 0.01875 0.048828125
1 0.3171875 0.4609375 0.0125 0.03125
1 0.42265625 0.4453125 0.0234375 0.08203125
