6 0.4375 0.46484375 0.015625 0.0234375
12 0.7921875 0.287109375 0.059375 0.07421875
12 0.796875 0.3486328125 0.021875 0.041015625
12 0.54765625 0.4462890625 0.0203125 0.025390625
12 0.61875 0.4013671875 0.028125 0.037109375
3 0.87421875 0.638671875 0.2484375 0.37890625
3 0.321875 0.4736328125 0.05 0.044921875
3 0.3484375 0.47265625 0.01875 0.03515625
3 0.365625 0.47265625 0.015625 0.03125
3 0.38828125 0.47265625 0.0171875 0.01953125
3 0.49921875 0.4775390625 0.0328125 0.033203125
3 0.4765625 0.4736328125 0.021875 0.025390625
3 0.46171875 0.466796875 0.0078125 0.015625
1 0.9640625 0.4345703125 0.03125 0.029296875
12 0.16875 0.3515625 0.028125 0.015625
