6 0.82421875 0.427734375 0.2671875 0.11328125
6 0.63515625 0.427734375 0.0890625 0.03515625
6 0.5203125 0.435546875 0.065625 0.0546875
6 0.4328125 0.4541015625 0.096875 0.041015625
1 0.98046875 0.48828125 0.0359375 0.2265625
1 0.93359375 0.5009765625 0.0765625 0.251953125
1 0.66484375 0.4404296875 0.0109375 0.037109375
1 0.67890625 0.4306640625 0.0109375 0.021484375
1 0.63359375 0.4658203125 0.0265625 0.087890625
1 0.625 0.451171875 0.009375 0.046875
1 0.61953125 0.44921875 0.0046875 0.03515625
1 0.6046875 0.4609375 0.015625 0.0546875
1 0.58828125 0.4638671875 0.0171875 0.052734375
1 0.5484375 0.455078125 0.009375 0.02734375
1 0.55703125 0.4560546875 0.0109375 0.033203125
1 0.5703125 0.4541015625 0.00625 0.033203125
1 0.5765625 0.4541015625 0.00625 0.033203125
1 0.61328125 0.4453125 0.0078125 0.0234375
1 0.128125 0.490234375 0.015625 0.02734375
3 0.9109375 0.4521484375 0.175 0.134765625
3 0.84921875 0.4501953125 0.1390625 0.103515625
3 0.65 0.44921875 0.0125 0.0234375
3 0.45390625 0.4638671875 0.0296875 0.021484375
3 0.50234375 0.5146484375 0.1265625 0.115234375
1 0.1125 0.494140625 0.025 0.04296875
3 0.25625 0.4794921875 0.065625 0.033203125
