10 0.75390625 0.4326171875 0.0140625 0.041015625
10 0.190625 0.4169921875 0.015625 0.041015625
10 0.2046875 0.4169921875 0.0125 0.041015625
10 0.98984375 0.3388671875 0.0171875 0.142578125
12 0.74765625 0.4677734375 0.0171875 0.025390625
12 0.19609375 0.4521484375 0.0140625 0.029296875
12 0.17109375 0.412109375 0.0203125 0.01953125
1 0.2609375 0.5126953125 0.021875 0.068359375
1 0.3625 0.505859375 0.00625 0.02734375
3 0.96171875 0.8193359375 0.0734375 0.357421875
3 0.83671875 0.6005859375 0.3234375 0.259765625
3 0.609375 0.5224609375 0.103125 0.052734375
3 0.6609375 0.51953125 0.0375 0.0390625
3 0.5515625 0.501953125 0.00625 0.0078125
3 0.5421875 0.5107421875 0.015625 0.017578125
3 0.51328125 0.5009765625 0.0078125 0.005859375
3 0.50078125 0.51171875 0.0140625 0.015625
3 0.49765625 0.5078125 0.0109375 0.01171875
3 0.478125 0.5087890625 0.0125 0.013671875
3 0.43984375 0.4951171875 0.0640625 0.091796875
3 0.38125 0.5146484375 0.028125 0.025390625
3 0.39921875 0.509765625 0.0140625 0.0234375
3 0.165625 0.521484375 0.184375 0.0859375
3 0.5203125 0.5 0.00625 0.0078125
3 0.53515625 0.5009765625 0.0078125 0.009765625
