10 0.8 0.177734375 0.028125 0.078125
10 0.103125 0.3466796875 0.015625 0.060546875
10 0.09921875 0.419921875 0.0171875 0.0234375
12 0.884375 0.421875 0.01875 0.02734375
12 0.11015625 0.3916015625 0.0421875 0.013671875
1 0.81875 0.5185546875 0.0375 0.091796875
1 0.80625 0.5126953125 0.03125 0.095703125
1 0.77421875 0.509765625 0.0453125 0.11328125
1 0.71171875 0.509765625 0.0265625 0.1015625
1 0.5046875 0.515625 0.028125 0.12109375
1 0.25234375 0.484375 0.0140625 0.046875
1 0.2375 0.484375 0.0125 0.05078125
1 0.23125 0.484375 0.009375 0.05078125
1 0.2171875 0.4814453125 0.015625 0.064453125
1 0.2 0.484375 0.0125 0.05859375
3 0.14453125 0.6279296875 0.2890625 0.220703125
12 0.66015625 0.4658203125 0.0234375 0.009765625
12 0.6921875 0.474609375 0.009375 0.0078125
12 0.475 0.478515625 0.009375 0.01171875
12 0.84765625 0.453125 0.0171875 0.0234375
3 0.48671875 0.5146484375 0.0171875 0.033203125
