10 0.64453125 0.2880859375 0.0140625 0.048828125
10 0.84453125 0.2685546875 0.0203125 0.060546875
10 0.84921875 0.34375 0.0171875 0.02734375
10 0.890625 0.3447265625 0.021875 0.025390625
12 0.50859375 0.396484375 0.0046875 0.0078125
12 0.50859375 0.384765625 0.0078125 0.01171875
12 0.50859375 0.3671875 0.0109375 0.015625
12 0.65 0.3388671875 0.0375 0.013671875
1 0.51484375 0.4296875 0.0140625 0.0390625
2 0.02578125 0.462890625 0.0515625 0.0625
2 0.56953125 0.4677734375 0.0296875 0.056640625
8 0.61796875 0.416015625 0.0609375 0.0703125
3 0.28359375 0.556640625 0.5671875 0.32421875
3 0.48515625 0.4296875 0.0359375 0.04296875
3 0.425 0.3896484375 0.0125 0.013671875
3 0.44453125 0.3984375 0.0140625 0.01953125
1 0.01640625 0.44140625 0.0328125 0.08984375
1 0.5484375 0.4208984375 0.034375 0.072265625
11 0.1265625 0.458984375 0.0125 0.046875
