6 0.84375 0.4013671875 0.309375 0.099609375
6 0.51484375 0.4501953125 0.0578125 0.083984375
6 0.4328125 0.4521484375 0.096875 0.037109375
1 0.128125 0.490234375 0.015625 0.02734375
1 0.1703125 0.4853515625 0.015625 0.052734375
1 0.18828125 0.482421875 0.0171875 0.04296875
1 0.6859375 0.4892578125 0.040625 0.123046875
1 0.72578125 0.4755859375 0.0390625 0.146484375
1 0.70859375 0.4755859375 0.0203125 0.107421875
1 0.5515625 0.4599609375 0.015625 0.041015625
1 0.5578125 0.4541015625 0.009375 0.029296875
1 0.575 0.458984375 0.009375 0.0390625
1 0.58984375 0.46484375 0.0203125 0.07421875
1 0.60859375 0.4560546875 0.0109375 0.044921875
1 0.61640625 0.4658203125 0.0234375 0.072265625
1 0.628125 0.466796875 0.015625 0.05859375
1 0.64140625 0.4609375 0.0203125 0.078125
1 0.64921875 0.4599609375 0.0171875 0.076171875
1 0.6609375 0.44921875 0.015625 0.0546875
1 0.3765625 0.4599609375 0.00625 0.013671875
1 0.36640625 0.458984375 0.0046875 0.01171875
3 0.471875 0.4619140625 0.028125 0.025390625
3 0.45234375 0.462890625 0.0265625 0.0234375
3 0.95078125 0.4853515625 0.0953125 0.111328125
3 0.946875 0.4501953125 0.103125 0.095703125
3 0.909375 0.4501953125 0.178125 0.134765625
3 0.85546875 0.4462890625 0.1484375 0.103515625
3 0.34609375 0.595703125 0.5515625 0.265625
1 0.1125 0.5 0.021875 0.05078125
