10 0.83125 0.2294921875 0.025 0.087890625
10 0.5140625 0.02734375 0.028125 0.0546875
10 0.828125 0.333984375 0.025 0.03515625
10 0.0109375 0.248046875 0.021875 0.0859375
1 0.70234375 0.478515625 0.0234375 0.0546875
1 0.71953125 0.4775390625 0.0171875 0.052734375
1 0.62265625 0.466796875 0.0109375 0.05078125
1 0.59765625 0.4697265625 0.0140625 0.041015625
1 0.52421875 0.46875 0.0078125 0.02734375
2 0.74453125 0.498046875 0.0296875 0.0625
3 0.41484375 0.4677734375 0.0515625 0.037109375
3 0.3890625 0.46875 0.028125 0.03125
3 0.271875 0.4755859375 0.084375 0.083984375
3 0.134375 0.5361328125 0.26875 0.361328125
