10 0.46953125 0.419921875 0.0171875 0.04296875
10 0.48828125 0.4580078125 0.0109375 0.029296875
10 0.7234375 0.458984375 0.009375 0.03125
12 0.90546875 0.498046875 0.0171875 0.0234375
12 0.33515625 0.525390625 0.0140625 0.0234375
12 0.22578125 0.515625 0.0078125 0.01171875
12 0.16640625 0.51171875 0.0078125 0.015625
2 0.8671875 0.55859375 0.025 0.03515625
3 0.0984375 0.5703125 0.1 0.05859375
3 0.14453125 0.5546875 0.0515625 0.046875
3 0.2015625 0.5595703125 0.0625 0.048828125
3 0.2984375 0.5703125 0.0625 0.0546875
3 0.34296875 0.55859375 0.0390625 0.04296875
3 0.38203125 0.55859375 0.0515625 0.046875
3 0.42265625 0.55078125 0.0296875 0.03125
3 0.4859375 0.5517578125 0.059375 0.044921875
3 0.55703125 0.58203125 0.0984375 0.1015625
3 0.6203125 0.5576171875 0.04375 0.048828125
3 0.67578125 0.55859375 0.0703125 0.08984375
3 0.74453125 0.6025390625 0.1515625 0.154296875
3 0.96796875 0.8642578125 0.0609375 0.267578125
