10 0.078125 0.3857421875 0.0125 0.048828125
10 0.81953125 0.40234375 0.0140625 0.0546875
3 0.62578125 0.51171875 0.0453125 0.04296875
3 0.68359375 0.51953125 0.0640625 0.05078125
3 0.315625 0.51171875 0.075 0.0625
3 0.409375 0.4873046875 0.08125 0.119140625
3 0.45859375 0.5107421875 0.0203125 0.044921875
3 0.478125 0.5087890625 0.021875 0.029296875
3 0.490625 0.494140625 0.009375 0.01171875
3 0.49765625 0.494140625 0.0046875 0.0078125
3 0.5421875 0.498046875 0.0125 0.01171875
3 0.50703125 0.4931640625 0.0078125 0.009765625
3 0.528125 0.494140625 0.009375 0.01171875
12 0.0921875 0.435546875 0.01875 0.0390625
10 0.096875 0.3876953125 0.0125 0.048828125
12 0.8109375 0.45703125 0.01875 0.04296875
11 0.78828125 0.544921875 0.0109375 0.03515625
