10 0.46875 0.326171875 0.0125 0.03125
10 0.30859375 0.2470703125 0.0203125 0.052734375
10 0.1984375 0.25 0.01875 0.05078125
10 0.17890625 0.396484375 0.0078125 0.0234375
10 0.18125 0.4267578125 0.00625 0.009765625
12 0.27734375 0.236328125 0.0296875 0.03515625
1 0.7953125 0.4150390625 0.028125 0.056640625
1 0.76015625 0.4248046875 0.0359375 0.052734375
1 0.65078125 0.458984375 0.0171875 0.0703125
1 0.63046875 0.4599609375 0.0234375 0.080078125
1 0.04765625 0.4697265625 0.0265625 0.068359375
4 0.2109375 0.48046875 0.028125 0.046875
3 0.35546875 0.46875 0.0171875 0.03125
3 0.3328125 0.4677734375 0.040625 0.037109375
1 0.21171875 0.46875 0.0234375 0.05859375
