6 0.84609375 0.4130859375 0.3046875 0.115234375
6 0.51796875 0.4482421875 0.0640625 0.083984375
6 0.43359375 0.4541015625 0.0953125 0.044921875
1 0.1140625 0.4912109375 0.0125 0.048828125
1 0.1296875 0.490234375 0.0125 0.03125
1 0.16875 0.484375 0.0125 0.046875
1 0.55078125 0.4599609375 0.0109375 0.041015625
1 0.584375 0.4609375 0.015625 0.05078125
1 0.60234375 0.4580078125 0.0140625 0.052734375
1 0.63125 0.4521484375 0.0125 0.041015625
1 0.615625 0.466796875 0.01875 0.0703125
1 0.64765625 0.462890625 0.0203125 0.0703125
1 0.66328125 0.47265625 0.0203125 0.08203125
1 0.67890625 0.4697265625 0.0203125 0.083984375
3 0.42734375 0.46484375 0.0328125 0.03125
3 0.4546875 0.462890625 0.021875 0.0234375
3 0.47265625 0.4619140625 0.0265625 0.025390625
3 0.771875 0.4365234375 0.115625 0.068359375
3 0.853125 0.4453125 0.146875 0.10546875
3 0.90703125 0.447265625 0.1828125 0.13671875
3 0.9515625 0.4873046875 0.09375 0.103515625
