12 0.79375 0.451171875 0.0125 0.01953125
12 0.79375 0.431640625 0.0125 0.01953125
12 0.41953125 0.4580078125 0.0046875 0.013671875
1 0.165625 0.4833984375 0.01875 0.033203125
1 0.35078125 0.490234375 0.0078125 0.015625
1 0.47421875 0.494140625 0.0078125 0.03125
1 0.48515625 0.4931640625 0.0109375 0.037109375
1 0.55234375 0.5029296875 0.0203125 0.052734375
1 0.58359375 0.5 0.0203125 0.06640625
3 0.04921875 0.4833984375 0.0578125 0.044921875
3 0.08515625 0.4853515625 0.0515625 0.041015625
3 0.0171875 0.4833984375 0.034375 0.044921875
3 0.20390625 0.484375 0.0609375 0.02734375
3 0.22890625 0.5302734375 0.1984375 0.091796875
3 0.27265625 0.4814453125 0.0734375 0.017578125
3 0.3390625 0.5283203125 0.09375 0.080078125
3 0.3828125 0.490234375 0.03125 0.0234375
3 0.43515625 0.4951171875 0.0765625 0.037109375
3 0.85234375 0.634765625 0.2921875 0.34375
