12 0.66171875 0.4638671875 0.0203125 0.041015625
12 0.9359375 0.521484375 0.053125 0.25
1 0.6296875 0.4775390625 0.028125 0.095703125
1 0.7890625 0.47265625 0.028125 0.08984375
3 0.771875 0.482421875 0.071875 0.09375
3 0.50703125 0.4794921875 0.1203125 0.064453125
3 0.40078125 0.458984375 0.0296875 0.02734375
79 0.17890625 0.466796875 0.3578125 0.15625
79 0.66796875 0.447265625 0.2140625 0.12109375
79 0.6109375 0.4931640625 0.775 0.208984375
79 0.2984375 0.4443359375 0.14375 0.083984375
79 0.4265625 0.455078125 0.0375 0.03515625
