6 0.43203125 0.4521484375 0.0984375 0.041015625
6 0.51328125 0.4365234375 0.0546875 0.060546875
1 0.89453125 0.576171875 0.1296875 0.42578125
1 0.728125 0.49609375 0.05 0.15625
1 0.740625 0.486328125 0.028125 0.1171875
1 0.77421875 0.48046875 0.0484375 0.1796875
1 0.603125 0.4609375 0.03125 0.08984375
1 0.6265625 0.46484375 0.01875 0.078125
1 0.6375 0.466796875 0.021875 0.08203125
1 0.6578125 0.4619140625 0.03125 0.087890625
1 0.64921875 0.458984375 0.0171875 0.08203125
1 0.559375 0.4677734375 0.0125 0.044921875
1 0.55078125 0.458984375 0.0109375 0.04296875
1 0.5734375 0.462890625 0.015625 0.046875
1 0.58203125 0.4599609375 0.0171875 0.052734375
1 0.59453125 0.46484375 0.0109375 0.04296875
1 0.9734375 0.5498046875 0.05 0.494140625
3 0.321875 0.599609375 0.559375 0.26953125
3 0.48203125 0.4775390625 0.1203125 0.060546875
