12 0.703125 0.3408203125 0.01875 0.029296875
12 0.628125 0.3671875 0.015625 0.02734375
12 0.75078125 0.365234375 0.0265625 0.0078125
12 0.73515625 0.3076171875 0.0234375 0.005859375
12 0.61875 0.3671875 0.0125 0.00390625
12 0.5640625 0.3955078125 0.009375 0.001953125
12 0.71640625 0.42578125 0.0109375 0.015625
1 0.98984375 0.4482421875 0.0171875 0.126953125
3 0.284375 0.46484375 0.046875 0.02734375
3 0.228125 0.478515625 0.053125 0.05078125
3 0.1828125 0.486328125 0.05625 0.05078125
3 0.11796875 0.4892578125 0.0796875 0.068359375
3 0.03984375 0.4833984375 0.0796875 0.111328125
