10 0.53515625 0.3876953125 0.0109375 0.033203125
10 0.20078125 0.3857421875 0.0109375 0.033203125
1 0.98125 0.4326171875 0.034375 0.068359375
1 0.7203125 0.44140625 0.015625 0.0234375
1 0.05625 0.4658203125 0.01875 0.048828125
1 0.01953125 0.48046875 0.0234375 0.07421875
2 0.28125 0.5166015625 0.034375 0.087890625
3 0.446875 0.4873046875 0.065625 0.064453125
3 0.41640625 0.47265625 0.0203125 0.04296875
3 0.390625 0.466796875 0.021875 0.02734375
3 0.365625 0.474609375 0.0375 0.0390625
1 0.2796875 0.484375 0.04375 0.1015625
