6 0.8453125 0.4169921875 0.30625 0.142578125
6 0.63515625 0.4296875 0.0921875 0.0390625
6 0.521875 0.4462890625 0.06875 0.080078125
6 0.43359375 0.4521484375 0.0953125 0.041015625
1 0.11484375 0.4931640625 0.0140625 0.052734375
1 0.128125 0.4892578125 0.0125 0.029296875
1 0.16953125 0.4814453125 0.0109375 0.037109375
1 0.36484375 0.4658203125 0.0078125 0.021484375
1 0.3734375 0.46484375 0.009375 0.0234375
1 0.38125 0.4638671875 0.00625 0.021484375
1 0.38671875 0.4638671875 0.0078125 0.021484375
1 0.42734375 0.4619140625 0.0078125 0.025390625
1 0.43671875 0.4619140625 0.0078125 0.021484375
1 0.44375 0.458984375 0.00625 0.015625
1 0.54921875 0.4599609375 0.0109375 0.037109375
1 0.55703125 0.4541015625 0.0109375 0.033203125
1 0.57109375 0.4599609375 0.0078125 0.041015625
1 0.57734375 0.4580078125 0.0109375 0.044921875
1 0.58828125 0.4580078125 0.0140625 0.044921875
1 0.5953125 0.455078125 0.0125 0.046875
1 0.60546875 0.453125 0.0109375 0.04296875
1 0.6125 0.4521484375 0.0125 0.044921875
1 0.63125 0.453125 0.015625 0.046875
1 0.61953125 0.4501953125 0.0109375 0.044921875
1 0.6859375 0.427734375 0.0125 0.01953125
2 0.31484375 0.5546875 0.0640625 0.11328125
3 0.45546875 0.4638671875 0.0234375 0.021484375
3 0.47265625 0.4619140625 0.0265625 0.025390625
3 0.64609375 0.4482421875 0.0203125 0.025390625
3 0.85390625 0.4453125 0.1515625 0.10546875
3 0.91640625 0.447265625 0.1640625 0.13671875
3 0.9515625 0.48828125 0.09375 0.11328125
1 0.31328125 0.5048828125 0.0609375 0.177734375
11 0.340625 0.4765625 0.00625 0.01953125
