10 0.8171875 0.3173828125 0.01875 0.076171875
10 0.6515625 0.4111328125 0.01875 0.021484375
10 0.65078125 0.3505859375 0.0171875 0.052734375
10 0.4 0.2314453125 0.01875 0.056640625
12 0.63515625 0.2724609375 0.0453125 0.021484375
12 0.4484375 0.22265625 0.03125 0.03515625
12 0.65546875 0.390625 0.0328125 0.01953125
1 0.796875 0.486328125 0.03125 0.125
1 0.74921875 0.4951171875 0.0296875 0.107421875
1 0.69375 0.49609375 0.028125 0.109375
3 0.51328125 0.466796875 0.0078125 0.0078125
3 0.509375 0.4736328125 0.00625 0.005859375
3 0.4984375 0.474609375 0.00625 0.0078125
3 0.47578125 0.4736328125 0.0109375 0.009765625
3 0.46171875 0.4736328125 0.0078125 0.005859375
3 0.5 0.4697265625 0.00625 0.005859375
3 0.35625 0.5361328125 0.26875 0.130859375
3 0.01015625 0.533203125 0.0203125 0.08203125
