12 0.4734375 0.427734375 0.015625 0.0234375
1 0.6 0.498046875 0.03125 0.125
1 0.36328125 0.490234375 0.0140625 0.0546875
1 0.37890625 0.4921875 0.0109375 0.0546875
1 0.35078125 0.484375 0.0109375 0.0390625
1 0.5125 0.5029296875 0.009375 0.029296875
4 0.3078125 0.5703125 0.0875 0.17578125
3 0.95625 0.52734375 0.084375 0.2421875
3 0.81015625 0.537109375 0.2453125 0.18359375
3 0.703125 0.5068359375 0.15625 0.115234375
3 0.5484375 0.5009765625 0.04375 0.052734375
3 0.57890625 0.494140625 0.0328125 0.06640625
3 0.42578125 0.4970703125 0.1015625 0.107421875
3 0.475 0.4912109375 0.034375 0.083984375
1 0.31328125 0.509765625 0.0921875 0.21875
12 0.28046875 0.4482421875 0.0078125 0.017578125
