10 0.01875 0.0751953125 0.0375 0.150390625
10 0.0296875 0.478515625 0.034375 0.1015625
10 0.4328125 0.4541015625 0.0125 0.037109375
12 0.16953125 0.48828125 0.0203125 0.0234375
12 0.82421875 0.4580078125 0.0234375 0.029296875
12 0.79140625 0.44140625 0.0390625 0.0703125
1 0.52890625 0.572265625 0.0421875 0.08984375
1 0.540625 0.564453125 0.046875 0.1015625
1 0.70625 0.5302734375 0.01875 0.060546875
1 0.9703125 0.5625 0.025 0.0859375
8 0.58046875 0.5009765625 0.0203125 0.025390625
3 0.28828125 0.5546875 0.0734375 0.05859375
3 0.37109375 0.5517578125 0.0703125 0.068359375
3 0.33828125 0.5400390625 0.0390625 0.041015625
3 0.83359375 0.53515625 0.0640625 0.0546875
3 0.63515625 0.5283203125 0.0390625 0.041015625
3 0.6046875 0.51953125 0.025 0.03125
3 0.5828125 0.515625 0.01875 0.01953125
3 0.9453125 0.5517578125 0.075 0.064453125
