10 0.71328125 0.2783203125 0.0484375 0.052734375
10 0.67734375 0.2939453125 0.0171875 0.048828125
10 0.32421875 0.0537109375 0.0421875 0.056640625
10 0.103125 0.05859375 0.0375 0.0546875
10 0.32734375 0.4072265625 0.0046875 0.013671875
10 0.2875 0.4296875 0.00625 0.01953125
12 0.4 0.0634765625 0.0375 0.060546875
12 0.16953125 0.0732421875 0.0359375 0.064453125
1 0.83203125 0.4765625 0.0453125 0.12109375
3 0.4890625 0.5556640625 0.396875 0.404296875
3 0.01875 0.4951171875 0.0375 0.072265625
3 0.0671875 0.4970703125 0.096875 0.064453125
3 0.1296875 0.494140625 0.053125 0.0546875
3 0.165625 0.48828125 0.0375 0.05078125
