10 0.84765625 0.2685546875 0.0421875 0.068359375
10 0.8328125 0.0849609375 0.040625 0.150390625
10 0.78671875 0.11328125 0.0328125 0.12890625
10 0.6 0.3232421875 0.015625 0.056640625
10 0.5875 0.330078125 0.0125 0.046875
10 0.38671875 0.1630859375 0.0140625 0.060546875
10 0.23046875 0.150390625 0.0171875 0.05859375
12 0.84375 0.2021484375 0.0375 0.044921875
12 0.5484375 0.4638671875 0.028125 0.037109375
12 0.60546875 0.234375 0.0734375 0.01953125
1 0.48984375 0.5224609375 0.1265625 0.283203125
1 0.7703125 0.4580078125 0.009375 0.025390625
8 0.0640625 0.427734375 0.128125 0.19140625
3 0.25 0.466796875 0.03125 0.015625
