10 0.1 0.259765625 0.025 0.0546875
10 0.165625 0.2529296875 0.03125 0.083984375
10 0.29765625 0.2783203125 0.0171875 0.048828125
10 0.725 0.228515625 0.028125 0.08203125
10 0.69765625 0.259765625 0.0234375 0.0703125
10 0.69453125 0.4228515625 0.0140625 0.029296875
10 0.721875 0.42578125 0.015625 0.03125
10 0.990625 0.068359375 0.015625 0.13671875
12 0.72421875 0.2841796875 0.0265625 0.029296875
12 0.6953125 0.306640625 0.021875 0.0234375
12 0.1234375 0.275390625 0.021875 0.03125
1 0.446875 0.40625 0.009375 0.0390625
1 0.45859375 0.40625 0.0140625 0.0390625
1 0.47734375 0.404296875 0.0078125 0.0234375
1 0.67890625 0.4140625 0.0078125 0.02734375
1 0.66953125 0.4130859375 0.0078125 0.025390625
1 0.65390625 0.4140625 0.0046875 0.01953125
1 0.64375 0.4130859375 0.00625 0.017578125
1 0.63828125 0.412109375 0.0046875 0.015625
2 0.21640625 0.57421875 0.2828125 0.2421875
3 0.5921875 0.4111328125 0.015625 0.017578125
3 0.8734375 0.4716796875 0.128125 0.095703125
1 0.23125 0.46875 0.159375 0.35546875
