12 0.61171875 0.05078125 0.1578125 0.046875
12 0.7046875 0.376953125 0.0375 0.0546875
12 0.71953125 0.3818359375 0.0171875 0.048828125
12 0.66015625 0.4208984375 0.0078125 0.021484375
12 0.58125 0.4287109375 0.015625 0.037109375
12 0.5484375 0.451171875 0.00625 0.01171875
12 0.5140625 0.4619140625 0.003125 0.005859375
12 0.38671875 0.462890625 0.0078125 0.01171875
1 0.6671875 0.4716796875 0.009375 0.025390625
1 0.63359375 0.4921875 0.0109375 0.03125
3 0.4640625 0.4833984375 0.078125 0.091796875
3 0.4171875 0.4755859375 0.015625 0.029296875
3 0.14609375 0.486328125 0.0703125 0.046875
3 0.03671875 0.4716796875 0.0609375 0.025390625
3 0.08046875 0.4755859375 0.0265625 0.013671875
3 0.09375 0.47265625 0.025 0.015625
