1 0.52890625 0.45703125 0.0078125 0.02734375
1 0.53984375 0.458984375 0.0078125 0.0234375
1 0.671875 0.4912109375 0.021875 0.083984375
1 0.7140625 0.4912109375 0.015625 0.080078125
2 0.43671875 0.4755859375 0.0140625 0.029296875
2 0.4640625 0.474609375 0.015625 0.03125
3 0.0984375 0.5302734375 0.196875 0.150390625
3 0.2046875 0.4990234375 0.115625 0.134765625
3 0.3015625 0.482421875 0.09375 0.09375
3 0.34921875 0.4814453125 0.0234375 0.064453125
3 0.37578125 0.4755859375 0.0515625 0.048828125
3 0.39296875 0.46875 0.0390625 0.05078125
3 0.41796875 0.4677734375 0.0265625 0.037109375
3 0.45 0.458984375 0.015625 0.02734375
3 0.47578125 0.453125 0.0109375 0.015625
3 0.515625 0.4619140625 0.025 0.025390625
3 0.95546875 0.5556640625 0.0859375 0.158203125
3 0.93515625 0.5302734375 0.1265625 0.126953125
3 0.82578125 0.517578125 0.1015625 0.1015625
3 0.93671875 0.4560546875 0.1234375 0.033203125
3 0.7625 0.4970703125 0.09375 0.099609375
3 0.64609375 0.4794921875 0.0453125 0.048828125
3 0.6203125 0.4619140625 0.025 0.033203125
3 0.60390625 0.4619140625 0.0140625 0.029296875
3 0.59453125 0.462890625 0.0140625 0.02734375
3 0.48984375 0.451171875 0.0140625 0.015625
1 0.43671875 0.46484375 0.0140625 0.0390625
1 0.4640625 0.4619140625 0.0125 0.041015625
