10 0.24453125 0.3896484375 0.0078125 0.021484375
10 0.2484375 0.400390625 0.00625 0.015625
10 0.19296875 0.42578125 0.0046875 0.01953125
12 0.29921875 0.42578125 0.0078125 0.01953125
12 0.484375 0.3974609375 0.015625 0.021484375
12 0.48359375 0.4169921875 0.0109375 0.017578125
12 0.53828125 0.380859375 0.0171875 0.0234375
12 0.53828125 0.4072265625 0.0140625 0.021484375
1 0.07578125 0.4716796875 0.0203125 0.064453125
1 0.23046875 0.4697265625 0.0078125 0.033203125
1 0.1328125 0.462890625 0.009375 0.03125
1 0.703125 0.4599609375 0.025 0.072265625
1 0.64296875 0.455078125 0.0296875 0.08203125
1 0.66875 0.470703125 0.034375 0.09375
1 0.79765625 0.4345703125 0.0203125 0.029296875
2 0.1546875 0.4892578125 0.021875 0.048828125
2 0.17734375 0.4814453125 0.0203125 0.041015625
2 0.29375 0.4775390625 0.0125 0.025390625
2 0.33828125 0.4931640625 0.0203125 0.052734375
2 0.384375 0.4892578125 0.025 0.056640625
2 0.65390625 0.498046875 0.0421875 0.08203125
2 0.56875 0.5380859375 0.05 0.099609375
2 0.74375 0.5849609375 0.1 0.158203125
3 0.25859375 0.46484375 0.0203125 0.01953125
3 0.38125 0.4765625 0.040625 0.0390625
3 0.43984375 0.482421875 0.0609375 0.06640625
3 0.48828125 0.4921875 0.0796875 0.07421875
3 0.515625 0.5 0.071875 0.08203125
3 0.81015625 0.541015625 0.3109375 0.18359375
3 0.95546875 0.5966796875 0.0859375 0.146484375
1 0.15625 0.466796875 0.021875 0.0625
1 0.17734375 0.4677734375 0.0203125 0.052734375
1 0.29296875 0.46484375 0.0140625 0.0390625
1 0.3390625 0.4716796875 0.021875 0.076171875
1 0.3828125 0.46875 0.021875 0.08203125
1 0.5703125 0.498046875 0.05 0.16015625
1 0.73984375 0.521484375 0.0890625 0.21484375
