10 0.7140625 0.40234375 0.021875 0.05859375
10 0.784375 0.4560546875 0.009375 0.029296875
1 0.79921875 0.548828125 0.0234375 0.078125
1 0.68515625 0.5205078125 0.0078125 0.025390625
1 0.6484375 0.541015625 0.015625 0.05078125
1 0.8765625 0.6103515625 0.071875 0.146484375
3 0.5609375 0.5283203125 0.0125 0.013671875
3 0.51640625 0.5224609375 0.0140625 0.017578125
3 0.390625 0.5341796875 0.040625 0.056640625
3 0.2671875 0.5732421875 0.153125 0.138671875
3 0.1046875 0.66015625 0.209375 0.2265625
3 0.5609375 0.5947265625 0.10625 0.119140625
