12 0.81796875 0.5078125 0.0203125 0.0234375
12 0.81875 0.5234375 0.015625 0.0078125
1 0.38046875 0.560546875 0.0078125 0.0234375
1 0.15859375 0.55859375 0.0140625 0.0234375
1 0.1359375 0.5703125 0.015625 0.046875
2 0.86015625 0.607421875 0.0328125 0.0625
4 0.2890625 0.7138671875 0.125 0.197265625
4 0.54375 0.646484375 0.053125 0.1015625
3 0.9359375 0.74609375 0.125 0.4375
3 0.61796875 0.56640625 0.0453125 0.04296875
3 0.58984375 0.552734375 0.0265625 0.01953125
3 0.578125 0.5732421875 0.046875 0.044921875
3 0.49921875 0.580078125 0.0765625 0.08984375
3 0.4375 0.5771484375 0.053125 0.060546875
3 0.35078125 0.61328125 0.0921875 0.1015625
3 0.2203125 0.58203125 0.04375 0.0390625
3 0.17734375 0.583984375 0.0546875 0.046875
3 0.05078125 0.60546875 0.1015625 0.08203125
3 0.27421875 0.57421875 0.0609375 0.04296875
3 0.40703125 0.5634765625 0.0234375 0.037109375
1 0.29375 0.6494140625 0.096875 0.193359375
1 0.5421875 0.6142578125 0.05625 0.130859375
1 0.86015625 0.5869140625 0.0328125 0.087890625
