10 0.8046875 0.265625 0.028125 0.07421875
10 0.8171875 0.34375 0.025 0.03125
10 0.5140625 0.2939453125 0.015625 0.064453125
10 0.509375 0.359375 0.021875 0.02734375
12 0.81171875 0.314453125 0.0328125 0.01953125
12 0.86796875 0.326171875 0.0546875 0.015625
12 0.4421875 0.373046875 0.0125 0.0234375
1 0.83046875 0.435546875 0.0265625 0.12890625
1 0.7609375 0.4736328125 0.059375 0.224609375
1 0.48359375 0.4541015625 0.0203125 0.095703125
1 0.46328125 0.46875 0.0390625 0.125
1 0.44375 0.466796875 0.040625 0.12109375
3 0.409375 0.4609375 0.05625 0.0546875
3 0.32890625 0.4541015625 0.0171875 0.013671875
3 0.05703125 0.4609375 0.0890625 0.06640625
3 0.35859375 0.453125 0.0109375 0.0078125
11 0.48984375 0.474609375 0.0140625 0.0546875
