10 0.64140625 0.28515625 0.0296875 0.03515625
10 0.0703125 0.3173828125 0.025 0.037109375
12 0.640625 0.3408203125 0.0375 0.060546875
12 0.56015625 0.3984375 0.0265625 0.0078125
12 0.28359375 0.4345703125 0.0078125 0.009765625
12 0.06640625 0.373046875 0.0296875 0.046875
1 0.971875 0.458984375 0.053125 0.1796875
1 0.7625 0.466796875 0.028125 0.09375
1 0.7296875 0.46484375 0.025 0.09765625
1 0.90078125 0.4619140625 0.0296875 0.134765625
3 0.42734375 0.458984375 0.0265625 0.015625
3 0.409375 0.4619140625 0.0125 0.021484375
3 0.39453125 0.46484375 0.0265625 0.03125
3 0.36875 0.466796875 0.025 0.0234375
3 0.346875 0.46875 0.021875 0.02734375
3 0.31875 0.4716796875 0.046875 0.041015625
3 0.10390625 0.5576171875 0.2078125 0.224609375
