10 0.32578125 0.421875 0.0078125 0.01953125
10 0.30390625 0.419921875 0.0078125 0.0234375
10 0.60625 0.4072265625 0.00625 0.021484375
10 0.6265625 0.4052734375 0.009375 0.025390625
12 0.66640625 0.373046875 0.0234375 0.0390625
12 0.53671875 0.44140625 0.0046875 0.0078125
1 0.8203125 0.4794921875 0.03125 0.111328125
1 0.5625 0.474609375 0.01875 0.06640625
1 0.42109375 0.4755859375 0.0203125 0.041015625
1 0.4125 0.474609375 0.009375 0.0390625
3 0.93046875 0.5263671875 0.1359375 0.251953125
3 0.690625 0.4873046875 0.140625 0.123046875
3 0.59375 0.4814453125 0.08125 0.060546875
3 0.5015625 0.474609375 0.0375 0.0390625
3 0.38671875 0.4755859375 0.0453125 0.029296875
3 0.4328125 0.4716796875 0.021875 0.029296875
3 0.45859375 0.4716796875 0.0171875 0.013671875
3 0.46953125 0.4677734375 0.0109375 0.009765625
