6 0.371875 0.44140625 0.03125 0.0390625
10 0.29296875 0.400390625 0.0046875 0.01171875
10 0.33671875 0.396484375 0.0046875 0.01171875
10 0.26171875 0.134765625 0.0390625 0.0703125
10 0.90234375 0.2685546875 0.0203125 0.064453125
10 0.76875 0.298828125 0.01875 0.06640625
10 0.77265625 0.3671875 0.0203125 0.02734375
12 0.015625 0.4150390625 0.015625 0.029296875
12 0.015625 0.44921875 0.025 0.04296875
12 0.265625 0.4150390625 0.015625 0.005859375
12 0.2328125 0.423828125 0.0125 0.00390625
12 0.3296875 0.3955078125 0.009375 0.009765625
12 0.31484375 0.13671875 0.0390625 0.06640625
12 0.603125 0.232421875 0.084375 0.02734375
1 0.55546875 0.599609375 0.3515625 0.796875
2 0.8796875 0.4736328125 0.03125 0.060546875
3 0.19453125 0.4599609375 0.0203125 0.021484375
3 0.32109375 0.4619140625 0.0515625 0.052734375
3 0.35078125 0.4541015625 0.0234375 0.033203125
3 0.40390625 0.4541015625 0.0328125 0.037109375
3 0.421875 0.447265625 0.015625 0.0234375
1 0.8828125 0.451171875 0.03125 0.09765625
79 0.83515625 0.7607421875 0.3265625 0.474609375
