10 0.63125 0.2509765625 0.015625 0.048828125
10 0.67890625 0.25 0.0109375 0.05078125
10 0.68359375 0.322265625 0.0234375 0.0234375
12 0.6875 0.2890625 0.05 0.015625
1 0.36796875 0.4033203125 0.0078125 0.021484375
1 0.35625 0.404296875 0.009375 0.01953125
1 0.3484375 0.4072265625 0.00625 0.017578125
1 0.340625 0.4111328125 0.009375 0.029296875
1 0.31484375 0.4248046875 0.0234375 0.072265625
1 0.04609375 0.4287109375 0.0296875 0.111328125
1 0.09375 0.4267578125 0.034375 0.107421875
3 0.5125 0.4423828125 0.24375 0.130859375
3 0.68125 0.4453125 0.35 0.140625
