10 0.23046875 0.4189453125 0.0078125 0.029296875
12 0.121875 0.4130859375 0.015625 0.021484375
1 0.58125 0.462890625 0.0125 0.04296875
1 0.56484375 0.4638671875 0.0171875 0.044921875
1 0.68203125 0.4443359375 0.0171875 0.025390625
1 0.79296875 0.462890625 0.0296875 0.09375
1 0.98203125 0.4677734375 0.0328125 0.146484375
1 0.015625 0.4873046875 0.03125 0.060546875
1 0.06640625 0.46875 0.0265625 0.0546875
3 0.14296875 0.4736328125 0.0828125 0.052734375
3 0.4 0.4833984375 0.06875 0.072265625
3 0.46171875 0.4677734375 0.0265625 0.068359375
3 0.50546875 0.47265625 0.0796875 0.08984375
