10 0.98203125 0.05859375 0.0328125 0.1171875
12 0.57265625 0.3564453125 0.0140625 0.021484375
12 0.57265625 0.375 0.0109375 0.015625
1 0.89921875 0.5009765625 0.0671875 0.294921875
1 0.9828125 0.5087890625 0.03125 0.150390625
1 0.60078125 0.4072265625 0.0078125 0.029296875
1 0.56328125 0.412109375 0.0078125 0.01953125
3 0.96484375 0.4345703125 0.0671875 0.091796875
3 0.83984375 0.43359375 0.0703125 0.0703125
3 0.7875 0.4306640625 0.0375 0.056640625
3 0.70703125 0.43359375 0.0359375 0.05078125
3 0.75078125 0.44140625 0.0359375 0.03125
3 0.33828125 0.435546875 0.0546875 0.05078125
3 0.43203125 0.4169921875 0.0140625 0.013671875
3 0.40703125 0.419921875 0.0203125 0.015625
