10 0.40390625 0.2333984375 0.0140625 0.048828125
10 0.63984375 0.34765625 0.0140625 0.046875
10 0.640625 0.4052734375 0.015625 0.017578125
10 0.7953125 0.3154296875 0.01875 0.060546875
12 0.45078125 0.224609375 0.0296875 0.03515625
12 0.628125 0.2734375 0.040625 0.01953125
1 0.84296875 0.4677734375 0.0296875 0.091796875
1 0.89453125 0.46875 0.0390625 0.08203125
3 0.084375 0.4990234375 0.053125 0.060546875
3 0.13515625 0.494140625 0.0953125 0.06640625
3 0.23984375 0.4833984375 0.0453125 0.037109375
3 0.28828125 0.482421875 0.0609375 0.05078125
3 0.396875 0.4697265625 0.028125 0.029296875
3 0.5078125 0.4609375 0.015625 0.01953125
3 0.49375 0.4619140625 0.009375 0.009765625
3 0.4859375 0.4599609375 0.009375 0.009765625
3 0.4734375 0.4580078125 0.009375 0.009765625
3 0.01328125 0.4921875 0.0265625 0.03125
3 0.046875 0.4892578125 0.04375 0.037109375
