6 0.5171875 0.431640625 0.059375 0.05078125
6 0.43203125 0.4541015625 0.0953125 0.041015625
6 0.8234375 0.4072265625 0.253125 0.076171875
1 0.925 0.5712890625 0.1 0.330078125
1 0.98125 0.501953125 0.034375 0.23046875
1 0.70703125 0.4677734375 0.0296875 0.119140625
1 0.66796875 0.45703125 0.0296875 0.07421875
1 0.68125 0.4521484375 0.021875 0.091796875
1 0.640625 0.4423828125 0.028125 0.076171875
1 0.62109375 0.447265625 0.0109375 0.03515625
1 0.6109375 0.447265625 0.009375 0.02734375
1 0.6 0.4453125 0.0125 0.02734375
1 0.59140625 0.4443359375 0.0109375 0.021484375
1 0.57578125 0.4453125 0.0109375 0.015625
1 0.45078125 0.455078125 0.0140625 0.03125
1 0.3765625 0.4658203125 0.00625 0.021484375
1 0.3703125 0.4658203125 0.00625 0.021484375
1 0.35859375 0.462890625 0.0046875 0.01953125
1 0.12890625 0.490234375 0.0140625 0.02734375
3 0.9109375 0.4501953125 0.175 0.130859375
3 0.8515625 0.4462890625 0.140625 0.103515625
3 0.778125 0.4453125 0.1125 0.0859375
3 0.30390625 0.47265625 0.0390625 0.02734375
3 0.52265625 0.541015625 0.3765625 0.17578125
11 0.340625 0.478515625 0.00625 0.0234375
1 0.109375 0.4990234375 0.021875 0.048828125
