12 0.69765625 0.2958984375 0.0265625 0.037109375
1 0.80390625 0.462890625 0.0359375 0.125
1 0.79609375 0.4521484375 0.0296875 0.119140625
1 0.57109375 0.451171875 0.0109375 0.03125
1 0.55859375 0.44921875 0.0140625 0.03125
2 0.79921875 0.4892578125 0.0453125 0.083984375
3 0.50390625 0.470703125 0.0484375 0.05078125
3 0.4953125 0.4609375 0.04375 0.0625
3 0.47109375 0.4580078125 0.0203125 0.048828125
3 0.45546875 0.4609375 0.0140625 0.0234375
3 0.421875 0.4619140625 0.03125 0.033203125
3 0.36953125 0.4638671875 0.0140625 0.021484375
3 0.35546875 0.4658203125 0.0234375 0.021484375
3 0.33203125 0.46875 0.0140625 0.03125
3 0.31875 0.4658203125 0.01875 0.044921875
3 0.28828125 0.462890625 0.0546875 0.05859375
3 0.27421875 0.4755859375 0.0578125 0.052734375
