6 0.85625 0.4091796875 0.284375 0.126953125
6 0.5171875 0.4482421875 0.059375 0.080078125
6 0.43359375 0.453125 0.0984375 0.04296875
1 0.115625 0.4931640625 0.0125 0.052734375
1 0.128125 0.4912109375 0.0125 0.029296875
1 0.16953125 0.486328125 0.0140625 0.046875
1 0.3640625 0.4658203125 0.00625 0.021484375
1 0.36796875 0.46484375 0.0046875 0.0234375
1 0.37734375 0.46484375 0.0046875 0.01953125
1 0.38125 0.462890625 0.00625 0.0234375
1 0.5578125 0.4521484375 0.00625 0.025390625
1 0.55 0.4599609375 0.0125 0.041015625
1 0.57109375 0.4580078125 0.0109375 0.044921875
1 0.58046875 0.4580078125 0.0078125 0.041015625
1 0.5890625 0.45703125 0.0125 0.04296875
1 0.5984375 0.4541015625 0.009375 0.037109375
1 0.60859375 0.4384765625 0.0078125 0.017578125
1 0.60703125 0.466796875 0.0140625 0.0546875
1 0.6171875 0.44140625 0.00625 0.0234375
1 0.63984375 0.4365234375 0.0078125 0.017578125
1 0.66796875 0.4384765625 0.0109375 0.037109375
1 0.67578125 0.43359375 0.0046875 0.015625
1 0.63046875 0.4482421875 0.0140625 0.048828125
1 0.625 0.46875 0.015625 0.0703125
1 0.65234375 0.4638671875 0.0171875 0.072265625
3 0.95078125 0.484375 0.0953125 0.109375
3 0.9109375 0.4482421875 0.175 0.134765625
3 0.8515625 0.4453125 0.14375 0.10546875
3 0.453125 0.462890625 0.025 0.0234375
3 0.4734375 0.462890625 0.025 0.0234375
11 0.340625 0.4775390625 0.00625 0.021484375
