12 0.725 0.40625 0.021875 0.03125
1 0.784375 0.470703125 0.0125 0.0546875
1 0.81484375 0.4833984375 0.0234375 0.072265625
1 0.7390625 0.47265625 0.015625 0.02734375
1 0.62578125 0.443359375 0.0078125 0.01953125
1 0.60390625 0.4453125 0.0046875 0.015625
1 0.596875 0.4404296875 0.00625 0.013671875
1 0.4421875 0.44921875 0.009375 0.02734375
1 0.45078125 0.443359375 0.0046875 0.01953125
1 0.43125 0.4453125 0.009375 0.0234375
2 0.765625 0.48046875 0.034375 0.03515625
2 0.76171875 0.4794921875 0.0328125 0.029296875
2 0.578125 0.46875 0.015625 0.02734375
8 0.58203125 0.4326171875 0.0203125 0.017578125
3 0.7390625 0.4599609375 0.05 0.033203125
3 0.72578125 0.458984375 0.0546875 0.0390625
3 0.73203125 0.4580078125 0.0515625 0.029296875
3 0.64609375 0.4755859375 0.0640625 0.076171875
3 0.5890625 0.4501953125 0.015625 0.021484375
3 0.56796875 0.4462890625 0.0140625 0.013671875
3 0.52109375 0.4443359375 0.0203125 0.013671875
3 0.5375 0.4521484375 0.028125 0.025390625
3 0.5015625 0.4482421875 0.021875 0.021484375
3 0.475 0.4609375 0.0375 0.03515625
3 0.97734375 0.7421875 0.0421875 0.15234375
1 0.57890625 0.45703125 0.0140625 0.0390625
11 0.30390625 0.4912109375 0.0140625 0.021484375
