10 0.01171875 0.2880859375 0.0109375 0.041015625
10 0.0625 0.3935546875 0.0125 0.052734375
10 0.415625 0.298828125 0.0125 0.03515625
10 0.57421875 0.3671875 0.0109375 0.02734375
10 0.66953125 0.3037109375 0.0171875 0.052734375
10 0.66796875 0.3642578125 0.0171875 0.021484375
12 0.5703125 0.3251953125 0.025 0.017578125
12 0.68828125 0.341796875 0.0390625 0.01171875
1 0.9765625 0.4619140625 0.04375 0.169921875
3 0.30625 0.453125 0.06875 0.0859375
3 0.21796875 0.4755859375 0.1859375 0.142578125
3 0.0609375 0.4931640625 0.121875 0.287109375
3 0.46796875 0.46484375 0.1671875 0.1953125
