10 0.353125 0.384765625 0.00625 0.01953125
10 0.42890625 0.3662109375 0.0078125 0.021484375
10 0.440625 0.396484375 0.00625 0.015625
10 0.47578125 0.37109375 0.0078125 0.01953125
10 0.28203125 0.4248046875 0.0078125 0.017578125
12 0.4484375 0.39453125 0.00625 0.0078125
12 0.51171875 0.427734375 0.0109375 0.01953125
12 0.63828125 0.337890625 0.0140625 0.03125
12 0.5921875 0.466796875 0.015625 0.03125
1 0.0484375 0.4599609375 0.015625 0.044921875
1 0.11171875 0.4658203125 0.0109375 0.021484375
3 0.33125 0.470703125 0.021875 0.0390625
3 0.2890625 0.4814453125 0.078125 0.080078125
3 0.43984375 0.5 0.1453125 0.1640625
8 0.58046875 0.4755859375 0.0921875 0.083984375
