10 0.73515625 0.431640625 0.0109375 0.03515625
10 0.97890625 0.4716796875 0.0171875 0.021484375
10 0.9546875 0.435546875 0.0125 0.046875
10 0.20859375 0.41796875 0.0109375 0.03515625
12 0.72890625 0.46484375 0.0140625 0.015625
12 0.97890625 0.4541015625 0.0234375 0.009765625
12 0.21640625 0.4521484375 0.0140625 0.033203125
1 0.2734375 0.5107421875 0.028125 0.064453125
1 0.29609375 0.5107421875 0.0265625 0.064453125
1 0.2890625 0.51171875 0.025 0.0625
3 0.8953125 0.7587890625 0.20625 0.478515625
3 0.75546875 0.5703125 0.2234375 0.19921875
3 0.6296875 0.5263671875 0.075 0.056640625
3 0.60546875 0.5126953125 0.0359375 0.033203125
3 0.40703125 0.5205078125 0.1765625 0.080078125
3 0.4984375 0.5068359375 0.015625 0.017578125
3 0.53984375 0.5087890625 0.0140625 0.017578125
3 0.5109375 0.4990234375 0.00625 0.005859375
3 0.54921875 0.5009765625 0.0078125 0.005859375
3 0.44140625 0.4658203125 0.0453125 0.033203125
10 0.221875 0.41796875 0.009375 0.03125
