1 0.46015625 0.583984375 0.0078125 0.02734375
1 0.4453125 0.587890625 0.009375 0.0234375
1 0.7640625 0.58203125 0.00625 0.02734375
1 0.76953125 0.5810546875 0.0078125 0.029296875
1 0.8328125 0.5791015625 0.0125 0.037109375
3 0.03828125 0.6064453125 0.0765625 0.091796875
3 0.2015625 0.6357421875 0.13125 0.126953125
3 0.525 0.587890625 0.0375 0.0390625
3 0.55234375 0.5849609375 0.0234375 0.025390625
3 0.6 0.591796875 0.034375 0.03515625
3 0.61875 0.5869140625 0.021875 0.033203125
3 0.7328125 0.5888671875 0.059375 0.044921875
3 0.9734375 0.591796875 0.05 0.0546875
