10 0.26875 0.078125 0.059375 0.09765625
10 0.1015625 0.3857421875 0.015625 0.048828125
10 0.24453125 0.3701171875 0.0171875 0.068359375
10 0.2421875 0.427734375 0.009375 0.01171875
10 0.50234375 0.2578125 0.0296875 0.05078125
10 0.603125 0.2646484375 0.015625 0.044921875
10 0.796875 0.359375 0.0125 0.0390625
10 0.9296875 0.2919921875 0.021875 0.068359375
10 0.94765625 0.2392578125 0.0328125 0.142578125
12 0.03046875 0.19921875 0.0609375 0.0390625
12 0.403125 0.4541015625 0.009375 0.009765625
12 0.54765625 0.25390625 0.0265625 0.0390625
12 0.6609375 0.310546875 0.06875 0.015625
12 0.45859375 0.4482421875 0.0078125 0.017578125
12 0.45859375 0.462890625 0.0078125 0.01171875
3 0.49296875 0.48046875 0.0515625 0.0546875
3 0.5453125 0.4658203125 0.0125 0.013671875
3 0.61875 0.494140625 0.146875 0.1796875
3 0.753125 0.482421875 0.0875 0.140625
3 0.8625 0.498046875 0.240625 0.203125
3 0.96796875 0.5732421875 0.0609375 0.189453125
11 0.225 0.501953125 0.009375 0.0234375
