1 0.52109375 0.4423828125 0.0078125 0.025390625
1 0.4890625 0.4443359375 0.00625 0.025390625
2 0.48046875 0.4521484375 0.0078125 0.017578125
3 0.17890625 0.55859375 0.1796875 0.14453125
3 0.2609375 0.5205078125 0.115625 0.126953125
3 0.33046875 0.490234375 0.0671875 0.08984375
3 0.37265625 0.484375 0.0328125 0.0625
3 0.41796875 0.4560546875 0.0421875 0.044921875
3 0.44453125 0.4501953125 0.0203125 0.029296875
3 0.4546875 0.44140625 0.021875 0.03125
3 0.90859375 0.734375 0.1796875 0.32421875
3 0.75234375 0.5703125 0.1828125 0.14453125
3 0.67109375 0.529296875 0.1078125 0.1015625
3 0.6390625 0.5 0.096875 0.10546875
3 0.59609375 0.4931640625 0.0390625 0.072265625
3 0.58515625 0.482421875 0.0296875 0.05078125
3 0.58125 0.470703125 0.0375 0.0390625
3 0.56328125 0.4619140625 0.0328125 0.033203125
3 0.559375 0.4521484375 0.03125 0.037109375
3 0.5328125 0.44140625 0.021875 0.03125
3 0.5 0.4443359375 0.021875 0.025390625
3 0.1046875 0.482421875 0.09375 0.0859375
1 0.48046875 0.4443359375 0.0078125 0.025390625
