6 0.415625 0.5751953125 0.09375 0.095703125
10 0.2984375 0.4990234375 0.0125 0.033203125
10 0.2921875 0.587890625 0.009375 0.01171875
12 0.23203125 0.4765625 0.0484375 0.015625
12 0.228125 0.49609375 0.04375 0.01953125
12 0.22734375 0.5185546875 0.0453125 0.017578125
12 0.22734375 0.5361328125 0.0421875 0.013671875
12 0.26328125 0.4990234375 0.0234375 0.025390625
12 0.2640625 0.5185546875 0.025 0.009765625
12 0.83515625 0.482421875 0.0359375 0.0234375
12 0.828125 0.4501953125 0.015625 0.029296875
12 0.83671875 0.5126953125 0.0265625 0.033203125
12 0.69921875 0.5224609375 0.0359375 0.048828125
1 0.9796875 0.60546875 0.0375 0.08984375
1 0.8515625 0.6005859375 0.01875 0.060546875
1 0.8390625 0.599609375 0.0125 0.0625
1 0.84453125 0.5986328125 0.0109375 0.052734375
1 0.75078125 0.595703125 0.0109375 0.05078125
1 0.6890625 0.583984375 0.009375 0.01953125
1 0.6984375 0.583984375 0.009375 0.01953125
1 0.60703125 0.591796875 0.0109375 0.03125
1 0.58359375 0.5849609375 0.0078125 0.021484375
1 0.59453125 0.587890625 0.0078125 0.0234375
1 0.21953125 0.578125 0.0234375 0.046875
4 0.55625 0.6220703125 0.03125 0.048828125
4 0.22890625 0.60546875 0.0703125 0.0625
3 0.0484375 0.7021484375 0.096875 0.197265625
3 0.484375 0.615234375 0.103125 0.0859375
1 0.55546875 0.607421875 0.0265625 0.0546875
