10 0.51484375 0.3955078125 0.0046875 0.021484375
10 0.2625 0.40625 0.00625 0.01953125
12 0.60703125 0.3642578125 0.0140625 0.025390625
12 0.26484375 0.431640625 0.0078125 0.015625
12 0.94375 0.287109375 0.028125 0.046875
1 0.6875 0.4541015625 0.01875 0.052734375
1 0.70703125 0.44921875 0.0140625 0.0546875
1 0.71875 0.44921875 0.015625 0.0625
3 0.4203125 0.439453125 0.00625 0.0078125
3 0.42734375 0.439453125 0.0078125 0.0078125
3 0.4375 0.451171875 0.0125 0.01171875
3 0.46328125 0.453125 0.0109375 0.015625
3 0.3953125 0.4541015625 0.009375 0.013671875
