10 0.72734375 0.32421875 0.0265625 0.0390625
10 0.70859375 0.2314453125 0.0265625 0.087890625
10 0.37734375 0.265625 0.0203125 0.07421875
10 0.37265625 0.33984375 0.0234375 0.02734375
12 0.78984375 0.3017578125 0.0546875 0.017578125
12 0.76796875 0.2646484375 0.0109375 0.044921875
12 0.3109375 0.361328125 0.0125 0.01953125
1 0.84296875 0.4482421875 0.0453125 0.126953125
1 0.61484375 0.4765625 0.0546875 0.1875
1 0.65859375 0.4736328125 0.0390625 0.181640625
1 0.34453125 0.44921875 0.0328125 0.109375
3 0.22890625 0.4462890625 0.0109375 0.013671875
3 0.2109375 0.447265625 0.009375 0.01171875
3 0.27578125 0.4560546875 0.0546875 0.056640625
11 0.3515625 0.47265625 0.015625 0.05859375
