10 0.709375 0.251953125 0.025 0.1328125
10 0.5234375 0.1201171875 0.025 0.103515625
10 0.709375 0.3740234375 0.03125 0.033203125
10 0.52265625 0.4375 0.0046875 0.01171875
12 0.484375 0.4296875 0.00625 0.0078125
1 0.38984375 0.490234375 0.0078125 0.02734375
1 0.3796875 0.482421875 0.00625 0.015625
2 0.0125 0.5146484375 0.025 0.056640625
2 0.03046875 0.509765625 0.0421875 0.0546875
3 0.50859375 0.49609375 0.0359375 0.0546875
3 0.45390625 0.515625 0.1046875 0.10546875
3 0.33984375 0.4873046875 0.0515625 0.060546875
3 0.271875 0.5009765625 0.115625 0.099609375
3 0.15234375 0.498046875 0.1515625 0.09375
3 0.55 0.5 0.01875 0.03125
1 0.034375 0.486328125 0.034375 0.109375
1 0.00859375 0.4814453125 0.0171875 0.099609375
