10 0.01875 0.37890625 0.028125 0.078125
10 0.33828125 0.4853515625 0.0078125 0.021484375
12 0.85625 0.4921875 0.015625 0.01953125
12 0.85703125 0.4736328125 0.0140625 0.017578125
12 0.85703125 0.505859375 0.0109375 0.0078125
12 0.65234375 0.4658203125 0.0171875 0.013671875
12 0.10625 0.5498046875 0.015625 0.021484375
1 0.73828125 0.5341796875 0.0078125 0.025390625
1 0.05390625 0.5791015625 0.0140625 0.037109375
1 0.5 0.546875 0.0125 0.02734375
4 0.43125 0.5830078125 0.028125 0.048828125
4 0.47734375 0.5810546875 0.0265625 0.048828125
3 0.75625 0.7177734375 0.346875 0.287109375
3 0.54609375 0.580078125 0.1046875 0.11328125
3 0.05234375 0.744140625 0.1046875 0.22265625
3 0.2359375 0.6181640625 0.140625 0.119140625
1 0.43046875 0.5654296875 0.0234375 0.052734375
1 0.4765625 0.564453125 0.028125 0.0546875
