10 0.58515625 0.3515625 0.0078125 0.0234375
10 0.63671875 0.4013671875 0.0078125 0.021484375
10 0.64140625 0.4267578125 0.0078125 0.009765625
12 0.7375 0.3037109375 0.046875 0.056640625
12 0.73671875 0.3486328125 0.0359375 0.025390625
1 0.79140625 0.5126953125 0.0703125 0.302734375
1 0.84609375 0.541015625 0.0984375 0.35546875
2 0.72890625 0.501953125 0.0609375 0.078125
3 0.065625 0.474609375 0.13125 0.23828125
3 0.33203125 0.556640625 0.5390625 0.578125
12 0.96171875 0.306640625 0.0171875 0.07421875
12 0.64765625 0.3681640625 0.0140625 0.009765625
