10 0.628125 0.3935546875 0.00625 0.029296875
10 0.59375 0.3447265625 0.00625 0.025390625
10 0.5796875 0.3447265625 0.00625 0.021484375
10 0.5640625 0.388671875 0.0125 0.02734375
10 0.57578125 0.40625 0.0078125 0.0234375
10 0.621875 0.373046875 0.009375 0.0078125
10 0.55234375 0.4091796875 0.0046875 0.013671875
10 0.4421875 0.375 0.00625 0.01953125
10 0.36875 0.369140625 0.00625 0.01953125
10 0.56953125 0.419921875 0.0078125 0.0078125
10 0.52578125 0.41015625 0.0046875 0.01953125
10 0.2796875 0.3349609375 0.009375 0.029296875
10 0.18515625 0.3486328125 0.0078125 0.029296875
10 0.0765625 0.3681640625 0.00625 0.017578125
10 0.209375 0.4208984375 0.00625 0.017578125
12 0.47734375 0.392578125 0.0203125 0.0078125
12 0.37890625 0.3671875 0.0109375 0.01171875
12 0.1265625 0.37890625 0.025 0.0078125
12 0.98046875 0.2158203125 0.0328125 0.080078125
12 0.98359375 0.291015625 0.0296875 0.0703125
1 0.55703125 0.45703125 0.0109375 0.03515625
1 0.5375 0.455078125 0.0125 0.0390625
1 0.5453125 0.458984375 0.009375 0.03515625
1 0.0078125 0.4345703125 0.0125 0.044921875
1 0.49921875 0.4482421875 0.0046875 0.013671875
1 0.50546875 0.4482421875 0.0046875 0.017578125
3 0.821875 0.44921875 0.0875 0.0546875
3 0.084375 0.4599609375 0.075 0.033203125
3 0.11875 0.4580078125 0.0375 0.029296875
3 0.2546875 0.4697265625 0.06875 0.060546875
3 0.340625 0.455078125 0.04375 0.04296875
3 0.2984375 0.4560546875 0.0375 0.033203125
3 0.4703125 0.455078125 0.046875 0.05078125
3 0.36484375 0.4501953125 0.0203125 0.033203125
3 0.38203125 0.4482421875 0.0171875 0.021484375
3 0.39921875 0.447265625 0.0109375 0.01171875
3 0.21796875 0.4541015625 0.0171875 0.021484375
