10 0.85 0.267578125 0.021875 0.0625
10 0.8546875 0.34375 0.01875 0.02734375
10 0.896875 0.3447265625 0.021875 0.025390625
10 0.64765625 0.2900390625 0.0140625 0.052734375
12 0.6515625 0.33984375 0.0375 0.015625
12 0.50703125 0.369140625 0.0109375 0.015625
12 0.50703125 0.3876953125 0.0078125 0.013671875
12 0.5078125 0.3994140625 0.00625 0.009765625
2 0.8484375 0.4599609375 0.0875 0.064453125
2 0.825 0.4609375 0.075 0.05859375
8 0.6171875 0.41796875 0.0625 0.078125
3 0.48125 0.43359375 0.040625 0.046875
3 0.45703125 0.431640625 0.0171875 0.02734375
3 0.45234375 0.416015625 0.0203125 0.01953125
3 0.45 0.4091796875 0.01875 0.021484375
3 0.4421875 0.4013671875 0.0125 0.017578125
3 0.42265625 0.3955078125 0.0109375 0.013671875
3 0.38828125 0.3984375 0.0140625 0.015625
3 0.37578125 0.431640625 0.0296875 0.05078125
3 0.36015625 0.4365234375 0.0234375 0.052734375
3 0.31796875 0.439453125 0.0859375 0.09375
1 0.85703125 0.4326171875 0.0328125 0.099609375
1 0.81796875 0.435546875 0.0265625 0.08984375
11 0.1203125 0.462890625 0.015625 0.05078125
