1 0.66484375 0.44140625 0.0078125 0.0078125
3 0.8453125 0.466796875 0.084375 0.08984375
3 0.7390625 0.44140625 0.009375 0.01171875
3 0.73359375 0.4453125 0.0109375 0.015625
3 0.7234375 0.4462890625 0.0125 0.017578125
3 0.71328125 0.44921875 0.0203125 0.01953125
3 0.70078125 0.453125 0.0140625 0.0234375
3 0.690625 0.453125 0.021875 0.02734375
3 0.68125 0.453125 0.025 0.02734375
3 0.6671875 0.4609375 0.03125 0.03125
3 0.64296875 0.4609375 0.0234375 0.0390625
3 0.6171875 0.46484375 0.046875 0.046875
3 0.57109375 0.4677734375 0.0484375 0.056640625
3 0.54140625 0.47265625 0.0421875 0.0703125
3 0.4734375 0.4697265625 0.11875 0.091796875
3 0.065625 0.4599609375 0.13125 0.158203125
3 0.5796875 0.447265625 0.03125 0.02734375
1 0.7953125 0.45703125 0.034375 0.109375
1 0.75234375 0.45703125 0.0171875 0.08203125
1 0.759375 0.4560546875 0.0125 0.076171875
