6 0.61875 0.3642578125 0.109375 0.111328125
6 0.75234375 0.4287109375 0.0609375 0.068359375
3 0.22890625 0.4375 0.3796875 0.4140625
3 0.48984375 0.4501953125 0.0609375 0.068359375
3 0.59296875 0.474609375 0.1703125 0.1875
3 0.69140625 0.4443359375 0.0609375 0.052734375
3 0.98046875 0.4658203125 0.0359375 0.111328125
3 0.9375 0.4560546875 0.090625 0.099609375
3 0.85234375 0.4443359375 0.0765625 0.060546875
3 0.80390625 0.4423828125 0.0484375 0.048828125
3 0.771875 0.4423828125 0.028125 0.044921875
