1 0.69296875 0.462890625 0.0859375 0.1015625
1 0.5875 0.453125 0.04375 0.09375
3 0.95390625 0.51953125 0.0890625 0.26171875
3 0.86953125 0.5234375 0.1609375 0.171875
3 0.80078125 0.5078125 0.1296875 0.140625
3 0.74765625 0.46484375 0.0828125 0.0546875
3 0.59375 0.4833984375 0.128125 0.119140625
3 0.4265625 0.4755859375 0.0625 0.060546875
3 0.3828125 0.4765625 0.04375 0.04296875
3 0.36171875 0.46875 0.0640625 0.05078125
3 0.31796875 0.470703125 0.0296875 0.03515625
3 0.1765625 0.470703125 0.1375 0.078125
3 0.04453125 0.521484375 0.0890625 0.1484375
3 0.0671875 0.5048828125 0.134375 0.130859375
3 0.07890625 0.4501953125 0.1578125 0.173828125
