12 0.30390625 0.4228515625 0.0109375 0.013671875
12 0.3125 0.408203125 0.01875 0.02734375
12 0.34296875 0.421875 0.0140625 0.01171875
12 0.42265625 0.421875 0.0140625 0.01171875
12 0.52890625 0.40625 0.0109375 0.0234375
12 0.52890625 0.421875 0.0109375 0.0078125
12 0.3125 0.4560546875 0.009375 0.033203125
3 0.140625 0.4599609375 0.03125 0.033203125
3 0.22734375 0.466796875 0.0390625 0.03515625
3 0.3421875 0.462890625 0.025 0.03515625
3 0.3609375 0.4638671875 0.028125 0.037109375
3 0.396875 0.4638671875 0.05625 0.060546875
3 0.465625 0.45703125 0.034375 0.01171875
3 0.3484375 0.4638671875 0.01875 0.033203125
3 0.371875 0.4375 0.028125 0.01953125
