6 0.3890625 0.4267578125 0.0625 0.080078125
10 0.78984375 0.267578125 0.0234375 0.07421875
10 0.790625 0.3544921875 0.025 0.029296875
12 0.7796875 0.3271484375 0.05 0.021484375
12 0.6921875 0.3681640625 0.0125 0.021484375
12 0.56875 0.3984375 0.0125 0.015625
12 0.56875 0.4111328125 0.0125 0.009765625
1 0.21328125 0.4736328125 0.0578125 0.154296875
3 0.6171875 0.4619140625 0.084375 0.083984375
3 0.5734375 0.4501953125 0.053125 0.068359375
3 0.5421875 0.45703125 0.01875 0.0390625
3 0.5328125 0.44921875 0.03125 0.0390625
3 0.515625 0.4462890625 0.0125 0.029296875
3 0.50703125 0.4462890625 0.0078125 0.021484375
3 0.503125 0.4443359375 0.0125 0.025390625
3 0.48828125 0.4443359375 0.0171875 0.013671875
3 0.46796875 0.4443359375 0.0203125 0.021484375
3 0.446875 0.443359375 0.0125 0.015625
3 0.3421875 0.4609375 0.05625 0.0703125
3 0.27890625 0.470703125 0.1015625 0.08984375
