10 0.20703125 0.3955078125 0.0171875 0.048828125
10 0.58828125 0.43359375 0.0015625 0.0078125
10 0.6 0.4345703125 0.003125 0.009765625
10 0.74609375 0.390625 0.0140625 0.046875
12 0.215625 0.4375 0.021875 0.05078125
12 0.58515625 0.4326171875 0.0046875 0.005859375
12 0.7484375 0.44140625 0.021875 0.0390625
1 0.0796875 0.5166015625 0.025 0.099609375
1 0.04921875 0.51171875 0.0359375 0.09375
1 0.05625 0.48046875 0.015625 0.04296875
1 0.334375 0.4873046875 0.0125 0.044921875
1 0.57265625 0.4697265625 0.0078125 0.021484375
1 0.36015625 0.4697265625 0.0109375 0.021484375
2 0.9703125 0.5908203125 0.05625 0.107421875
3 0.47265625 0.521484375 0.0703125 0.06640625
3 0.50234375 0.5078125 0.0484375 0.0546875
3 0.453125 0.4873046875 0.04375 0.044921875
3 0.47578125 0.4765625 0.0140625 0.0234375
3 0.61875 0.4677734375 0.01875 0.021484375
3 0.59296875 0.4609375 0.0078125 0.0078125
3 0.58125 0.4609375 0.009375 0.0078125
3 0.60390625 0.462890625 0.0109375 0.01171875
1 0.9703125 0.5498046875 0.05625 0.154296875
