6 0.4453125 0.4140625 0.015625 0.0234375
10 0.58671875 0.3564453125 0.0203125 0.025390625
10 0.21015625 0.3798828125 0.0171875 0.025390625
12 0.98046875 0.2724609375 0.0359375 0.029296875
12 0.9828125 0.296875 0.025 0.01953125
12 0.96640625 0.177734375 0.0640625 0.15625
12 0.5875 0.39453125 0.025 0.04296875
12 0.2140625 0.4072265625 0.021875 0.029296875
12 0.50390625 0.4091796875 0.0078125 0.013671875
12 0.54296875 0.4111328125 0.0078125 0.013671875
1 0.54375 0.427734375 0.00625 0.01953125
1 0.5359375 0.427734375 0.00625 0.015625
1 0.53203125 0.4248046875 0.0046875 0.013671875
1 0.57109375 0.4482421875 0.0078125 0.037109375
1 0.56171875 0.44921875 0.0109375 0.03515625
1 0.5375 0.44921875 0.0125 0.04296875
1 0.53046875 0.44921875 0.0078125 0.03515625
1 0.55078125 0.451171875 0.0078125 0.03515625
1 0.60703125 0.4296875 0.0046875 0.0234375
1 0.59453125 0.4404296875 0.0078125 0.033203125
1 0.58515625 0.4443359375 0.0078125 0.033203125
1 0.60546875 0.4619140625 0.0171875 0.048828125
1 0.621875 0.4443359375 0.0125 0.037109375
1 0.64609375 0.4189453125 0.0046875 0.013671875
1 0.621875 0.416015625 0.00625 0.015625
1 0.61640625 0.416015625 0.0046875 0.015625
1 0.6265625 0.484375 0.021875 0.06640625
1 0.64140625 0.4833984375 0.0203125 0.064453125
1 0.6328125 0.447265625 0.0125 0.02734375
1 0.671875 0.501953125 0.01875 0.078125
1 0.6578125 0.4775390625 0.0125 0.052734375
1 0.6640625 0.47265625 0.0125 0.04296875
1 0.67578125 0.47265625 0.0140625 0.05078125
1 0.64453125 0.4716796875 0.0171875 0.056640625
1 0.64453125 0.44140625 0.0140625 0.01953125
1 0.7140625 0.435546875 0.009375 0.03515625
1 0.70234375 0.416015625 0.0078125 0.0234375
1 0.73984375 0.4365234375 0.0109375 0.021484375
1 0.69453125 0.4921875 0.0265625 0.078125
1 0.7140625 0.4599609375 0.01875 0.037109375
1 0.69140625 0.4755859375 0.0171875 0.064453125
1 0.69453125 0.4482421875 0.0140625 0.021484375
1 0.77265625 0.498046875 0.0234375 0.08984375
1 0.7875 0.44921875 0.015625 0.04296875
1 0.78125 0.4150390625 0.00625 0.025390625
1 0.7734375 0.4169921875 0.009375 0.025390625
1 0.80234375 0.4462890625 0.0140625 0.044921875
1 0.81328125 0.439453125 0.0078125 0.03515625
1 0.81953125 0.4462890625 0.0078125 0.037109375
1 0.85546875 0.4384765625 0.0109375 0.037109375
1 0.8453125 0.439453125 0.009375 0.03125
1 0.88515625 0.5146484375 0.0296875 0.138671875
1 0.89765625 0.51953125 0.0421875 0.14453125
1 0.95390625 0.5361328125 0.0515625 0.169921875
1 0.94296875 0.50390625 0.0390625 0.14453125
1 0.99140625 0.521484375 0.0140625 0.1640625
1 0.91015625 0.4384765625 0.0109375 0.052734375
1 0.959375 0.4404296875 0.0125 0.033203125
1 0.9734375 0.4423828125 0.0125 0.048828125
1 0.9421875 0.421875 0.0125 0.0234375
1 0.903125 0.423828125 0.009375 0.03125
1 0.8921875 0.419921875 0.009375 0.0234375
1 0.85546875 0.4140625 0.0109375 0.01953125
1 0.09296875 0.4912109375 0.0203125 0.068359375
1 0.13125 0.4912109375 0.025 0.060546875
1 0.11875 0.4853515625 0.015625 0.064453125
1 0.15859375 0.4873046875 0.0171875 0.068359375
1 0.16796875 0.4765625 0.0140625 0.046875
3 0.02734375 0.52734375 0.0546875 0.07421875
3 0.253125 0.5224609375 0.121875 0.115234375
3 0.325 0.4931640625 0.059375 0.060546875
3 0.328125 0.44921875 0.040625 0.03515625
3 0.36328125 0.466796875 0.0453125 0.05078125
3 0.37578125 0.45703125 0.0359375 0.04296875
3 0.39140625 0.44921875 0.0171875 0.03125
3 0.3953125 0.4453125 0.015625 0.0234375
3 0.40078125 0.4326171875 0.0203125 0.025390625
3 0.3984375 0.4189453125 0.015625 0.013671875
3 0.4203125 0.412109375 0.009375 0.0078125
3 0.490625 0.5361328125 0.121875 0.119140625
3 0.421875 0.5048828125 0.078125 0.076171875
3 0.43984375 0.4580078125 0.0671875 0.048828125
3 0.43125 0.4306640625 0.015625 0.009765625
3 0.428125 0.421875 0.0125 0.015625
3 0.496875 0.458984375 0.046875 0.0390625
3 0.47890625 0.4482421875 0.0265625 0.029296875
3 0.46640625 0.4345703125 0.0234375 0.017578125
3 0.45625 0.4267578125 0.015625 0.013671875
11 0.6625 0.525390625 0.025 0.046875
