12 0.63046875 0.404296875 0.0171875 0.0234375
1 0.50859375 0.4697265625 0.0140625 0.033203125
1 0.49140625 0.4697265625 0.0140625 0.033203125
1 0.49921875 0.466796875 0.0109375 0.03515625
1 0.40546875 0.4580078125 0.0078125 0.033203125
1 0.4140625 0.4580078125 0.009375 0.033203125
1 0.4234375 0.4580078125 0.009375 0.029296875
1 0.43046875 0.4609375 0.0078125 0.02734375
1 0.43984375 0.45703125 0.0078125 0.0234375
3 0.08671875 0.537109375 0.1734375 0.16015625
3 0.2640625 0.4951171875 0.19375 0.134765625
3 0.36796875 0.4775390625 0.0234375 0.060546875
3 0.38671875 0.4609375 0.0203125 0.0234375
3 0.46484375 0.462890625 0.0296875 0.02734375
3 0.45234375 0.4580078125 0.0171875 0.021484375
3 0.56015625 0.4658203125 0.0484375 0.037109375
3 0.61328125 0.4658203125 0.0578125 0.041015625
3 0.6125 0.486328125 0.04375 0.0625
3 0.63671875 0.50390625 0.0703125 0.07421875
3 0.7203125 0.5400390625 0.178125 0.142578125
3 0.71328125 0.455078125 0.0578125 0.03125
3 0.89765625 0.4775390625 0.0890625 0.044921875
3 0.9703125 0.486328125 0.05625 0.046875
3 0.8734375 0.642578125 0.25 0.3046875
