10 0.5171875 0.3818359375 0.009375 0.033203125
10 0.51484375 0.4150390625 0.0109375 0.013671875
10 0.40859375 0.4033203125 0.0046875 0.013671875
10 0.1078125 0.384765625 0.009375 0.04296875
12 0.38828125 0.41015625 0.0078125 0.0078125
1 0.9703125 0.470703125 0.05625 0.2265625
1 0.81953125 0.4619140625 0.0453125 0.142578125
1 0.784375 0.458984375 0.0375 0.14453125
1 0.7265625 0.4619140625 0.03125 0.103515625
1 0.6984375 0.4482421875 0.028125 0.095703125
1 0.61328125 0.458984375 0.0109375 0.0546875
1 0.5734375 0.4482421875 0.0125 0.041015625
1 0.55859375 0.462890625 0.0171875 0.05859375
1 0.54453125 0.4658203125 0.0171875 0.052734375
1 0.534375 0.4453125 0.0125 0.0234375
1 0.52421875 0.4453125 0.0078125 0.01953125
1 0.20234375 0.4580078125 0.0109375 0.033203125
1 0.10625 0.458984375 0.0125 0.05078125
1 0.09140625 0.4482421875 0.0171875 0.021484375
1 0.2296875 0.453125 0.009375 0.03515625
2 0.84921875 0.5234375 0.0671875 0.12890625
2 0.4515625 0.46875 0.003125 0.015625
3 0.38828125 0.462890625 0.0265625 0.02734375
3 0.36953125 0.4609375 0.0109375 0.01953125
3 0.36171875 0.4619140625 0.0140625 0.021484375
3 0.34921875 0.4619140625 0.0203125 0.025390625
3 0.328125 0.4619140625 0.028125 0.029296875
1 0.4515625 0.4580078125 0.0125 0.025390625
