12 0.8703125 0.1962890625 0.0375 0.072265625
1 0.971875 0.44921875 0.034375 0.0859375
1 0.98828125 0.4453125 0.0203125 0.078125
1 0.84921875 0.4453125 0.0171875 0.05859375
1 0.4265625 0.474609375 0.028125 0.09375
1 0.2125 0.4609375 0.009375 0.03125
2 0.66875 0.5029296875 0.046875 0.115234375
2 0.703125 0.490234375 0.05 0.13671875
2 0.73828125 0.5029296875 0.0609375 0.119140625
2 0.7640625 0.4990234375 0.071875 0.107421875
2 0.384375 0.494140625 0.025 0.07421875
2 0.4578125 0.5283203125 0.05625 0.158203125
2 0.56796875 0.541015625 0.0671875 0.15625
3 0.36328125 0.4638671875 0.0171875 0.033203125
3 0.3375 0.4638671875 0.05 0.044921875
3 0.14296875 0.4853515625 0.0953125 0.107421875
3 0.0609375 0.5087890625 0.121875 0.158203125
1 0.38515625 0.4697265625 0.0328125 0.107421875
1 0.4578125 0.48046875 0.05625 0.203125
1 0.57265625 0.470703125 0.0671875 0.234375
