12 0.21015625 0.255859375 0.0359375 0.046875
2 0.09921875 0.41796875 0.0546875 0.08203125
3 0.9625 0.447265625 0.071875 0.1015625
3 0.9234375 0.4248046875 0.15 0.119140625
3 0.75546875 0.423828125 0.0578125 0.0546875
3 0.8328125 0.4189453125 0.046875 0.041015625
3 0.72578125 0.404296875 0.0234375 0.02734375
3 0.6890625 0.4033203125 0.0125 0.017578125
3 0.65625 0.408203125 0.0125 0.0234375
3 0.64140625 0.4111328125 0.0265625 0.025390625
3 0.6171875 0.4111328125 0.021875 0.033203125
3 0.5921875 0.4130859375 0.040625 0.033203125
3 0.55546875 0.4140625 0.0359375 0.04296875
3 0.53125 0.4150390625 0.034375 0.052734375
3 0.4828125 0.412109375 0.084375 0.0703125
3 0.56640625 0.3994140625 0.0328125 0.029296875
3 0.628125 0.3974609375 0.01875 0.017578125
3 0.16484375 0.400390625 0.1796875 0.1171875
3 0.8015625 0.4111328125 0.034375 0.025390625
1 0.703125 0.427734375 0.034375 0.09375
1 0.671875 0.408203125 0.021875 0.08203125
79 0.70234375 0.4765625 0.0140625 0.01171875
79 0.6703125 0.451171875 0.0125 0.01171875
3 0.046875 0.3759765625 0.09375 0.099609375
12 0.053125 0.2861328125 0.01875 0.009765625
