2 0.38203125 0.482421875 0.0109375 0.01953125
2 0.36015625 0.4892578125 0.0171875 0.029296875
2 0.29375 0.505859375 0.025 0.05078125
2 0.30625 0.4990234375 0.015625 0.041015625
2 0.31875 0.5 0.015625 0.03515625
2 0.3421875 0.48828125 0.009375 0.0234375
2 0.15390625 0.51953125 0.0421875 0.0703125
2 0.1765625 0.5166015625 0.034375 0.060546875
2 0.2046875 0.5166015625 0.0375 0.076171875
2 0.2296875 0.509765625 0.028125 0.0546875
3 0.521875 0.484375 0.0625 0.06640625
3 0.48828125 0.4833984375 0.0171875 0.044921875
3 0.47734375 0.4833984375 0.0109375 0.033203125
3 0.40625 0.478515625 0.015625 0.015625
3 0.0875 0.501953125 0.128125 0.09375
3 0.225 0.4619140625 0.0375 0.037109375
3 0.3359375 0.4775390625 0.025 0.029296875
1 0.3828125 0.4736328125 0.0125 0.033203125
1 0.3609375 0.4775390625 0.01875 0.044921875
1 0.31953125 0.486328125 0.0171875 0.05078125
1 0.30703125 0.48046875 0.0171875 0.06640625
1 0.29453125 0.4853515625 0.0234375 0.072265625
1 0.3421875 0.4775390625 0.009375 0.033203125
1 0.23046875 0.486328125 0.0296875 0.0859375
1 0.2046875 0.494140625 0.03125 0.1171875
1 0.17890625 0.4931640625 0.0234375 0.083984375
1 0.15703125 0.49609375 0.0421875 0.109375
