10 0.81328125 0.3115234375 0.0265625 0.083984375
10 0.7640625 0.3193359375 0.028125 0.072265625
10 0.81640625 0.4228515625 0.0328125 0.044921875
10 0.271875 0.0458984375 0.028125 0.091796875
12 0.7171875 0.408203125 0.046875 0.0703125
12 0.7375 0.1279296875 0.14375 0.044921875
12 0.05859375 0.05078125 0.0609375 0.08203125
1 0.17734375 0.48828125 0.0109375 0.03515625
3 0.225 0.4912109375 0.0625 0.068359375
3 0.415625 0.48046875 0.01875 0.01953125
3 0.3828125 0.46875 0.015625 0.015625
3 0.34609375 0.458984375 0.0078125 0.01171875
3 0.3578125 0.4599609375 0.009375 0.009765625
3 0.8015625 0.482421875 0.103125 0.03515625
3 0.4828125 0.4775390625 0.015625 0.017578125
3 0.4671875 0.4697265625 0.009375 0.009765625
3 0.45859375 0.466796875 0.0078125 0.01171875
3 0.27265625 0.4814453125 0.0328125 0.021484375
