12 0.70546875 0.3603515625 0.0296875 0.041015625
12 0.7046875 0.384765625 0.0125 0.0078125
1 0.246875 0.4736328125 0.009375 0.048828125
1 0.2625 0.470703125 0.0125 0.05078125
1 0.55546875 0.4453125 0.0078125 0.01953125
1 0.5765625 0.4443359375 0.00625 0.013671875
1 0.58203125 0.4443359375 0.0046875 0.017578125
1 0.5875 0.4453125 0.00625 0.01953125
1 0.63046875 0.46484375 0.0109375 0.05078125
1 0.65234375 0.4638671875 0.0140625 0.048828125
1 0.64296875 0.4609375 0.0109375 0.0546875
1 0.66171875 0.4609375 0.0171875 0.05078125
2 0.79296875 0.5048828125 0.0421875 0.033203125
2 0.321875 0.5458984375 0.028125 0.076171875
3 0.37890625 0.458984375 0.0140625 0.01953125
3 0.38671875 0.458984375 0.0171875 0.0234375
3 0.39921875 0.4609375 0.0171875 0.0234375
3 0.41484375 0.462890625 0.0234375 0.02734375
3 0.434375 0.462890625 0.034375 0.03515625
3 0.45234375 0.4697265625 0.0359375 0.033203125
3 0.3296875 0.4599609375 0.01875 0.025390625
3 0.30234375 0.4638671875 0.0328125 0.041015625
3 0.3515625 0.45703125 0.028125 0.0234375
3 0.36015625 0.482421875 0.0453125 0.05078125
3 0.06640625 0.4736328125 0.1140625 0.041015625
3 0.07421875 0.51171875 0.1390625 0.0859375
3 0.01640625 0.51953125 0.0328125 0.11328125
3 0.7671875 0.498046875 0.08125 0.046875
3 0.903125 0.51171875 0.190625 0.15234375
3 0.78359375 0.623046875 0.2296875 0.2109375
3 0.8796875 0.7822265625 0.2375 0.388671875
3 0.56953125 0.4755859375 0.0515625 0.041015625
3 0.60859375 0.455078125 0.0390625 0.03125
1 0.321875 0.509765625 0.028125 0.109375
