10 0.76796875 0.20703125 0.0296875 0.1171875
10 0.8546875 0.1572265625 0.040625 0.162109375
10 0.12421875 0.1337890625 0.0453125 0.166015625
10 0.16171875 0.1669921875 0.0203125 0.037109375
10 0.62109375 0.32421875 0.0140625 0.05078125
10 0.6375 0.3125 0.015625 0.05859375
1 0.85 0.4501953125 0.01875 0.060546875
1 0.87109375 0.451171875 0.0234375 0.078125
1 0.1703125 0.4072265625 0.034375 0.111328125
1 0.065625 0.43359375 0.040625 0.2109375
1 0.084375 0.451171875 0.05 0.20703125
1 0.103125 0.427734375 0.05625 0.16015625
1 0.26484375 0.3857421875 0.0140625 0.044921875
1 0.2765625 0.38671875 0.0125 0.04296875
1 0.63359375 0.4189453125 0.0078125 0.025390625
1 0.6265625 0.4189453125 0.00625 0.025390625
1 0.54140625 0.4111328125 0.0046875 0.017578125
1 0.43984375 0.4130859375 0.0078125 0.021484375
2 0.475 0.4287109375 0.0125 0.029296875
3 0.94375 0.4716796875 0.109375 0.123046875
3 0.68046875 0.44140625 0.0640625 0.05859375
3 0.565625 0.4150390625 0.015625 0.017578125
1 0.47578125 0.40625 0.0140625 0.02734375
