10 0.33359375 0.3955078125 0.0109375 0.033203125
10 0.68984375 0.390625 0.0109375 0.02734375
1 0.146875 0.509765625 0.028125 0.08203125
1 0.12109375 0.505859375 0.0234375 0.09375
1 0.7640625 0.4541015625 0.0125 0.033203125
1 0.35703125 0.466796875 0.0078125 0.02734375
1 0.371875 0.46484375 0.009375 0.02734375
1 0.68046875 0.4365234375 0.0140625 0.033203125
3 0.478125 0.4697265625 0.03125 0.029296875
3 0.5453125 0.4443359375 0.015625 0.013671875
3 0.565625 0.4482421875 0.015625 0.017578125
3 0.57578125 0.435546875 0.0109375 0.01171875
3 0.5671875 0.4306640625 0.009375 0.009765625
3 0.59375 0.431640625 0.0125 0.01171875
3 0.6015625 0.4287109375 0.009375 0.009765625
11 0.38515625 0.4951171875 0.0109375 0.029296875
