6 0.23671875 0.5048828125 0.0296875 0.033203125
12 0.9625 0.478515625 0.040625 0.03515625
12 0.9609375 0.44921875 0.040625 0.0234375
12 0.96171875 0.40234375 0.0515625 0.06640625
12 0.63828125 0.416015625 0.0515625 0.01171875
12 0.65 0.3857421875 0.01875 0.029296875
12 0.41015625 0.4619140625 0.0265625 0.005859375
12 0.41796875 0.4462890625 0.0109375 0.013671875
12 0.37890625 0.4560546875 0.0078125 0.013671875
12 0.37265625 0.4697265625 0.0234375 0.005859375
1 0.06328125 0.6181640625 0.0765625 0.248046875
1 0.3765625 0.537109375 0.015625 0.04296875
1 0.39921875 0.5380859375 0.0140625 0.048828125
1 0.4078125 0.533203125 0.00625 0.03515625
1 0.4203125 0.5439453125 0.0125 0.037109375
1 0.43046875 0.5400390625 0.0140625 0.048828125
1 0.4421875 0.541015625 0.0125 0.046875
1 0.45234375 0.5380859375 0.0140625 0.048828125
1 0.46640625 0.5517578125 0.0171875 0.041015625
1 0.51015625 0.5537109375 0.0203125 0.064453125
1 0.54375 0.5576171875 0.03125 0.076171875
1 0.85390625 0.599609375 0.0390625 0.140625
1 0.89765625 0.61328125 0.0328125 0.1328125
1 0.9265625 0.6064453125 0.034375 0.119140625
8 0.28515625 0.505859375 0.0390625 0.03125
4 0.20078125 0.552734375 0.0265625 0.05078125
3 0.1109375 0.5302734375 0.03125 0.029296875
3 0.234375 0.546875 0.046875 0.05078125
3 0.328125 0.5087890625 0.0625 0.048828125
3 0.34921875 0.56640625 0.0421875 0.07421875
3 0.2859375 0.5888671875 0.13125 0.134765625
1 0.2 0.5361328125 0.021875 0.037109375
