10 0.50625 0.3837890625 0.0125 0.033203125
10 0.49765625 0.4287109375 0.0078125 0.021484375
10 0.54921875 0.421875 0.0078125 0.0234375
10 0.43671875 0.4775390625 0.0078125 0.029296875
10 0.58359375 0.46875 0.0109375 0.03125
10 0.56640625 0.4892578125 0.0046875 0.009765625
10 0.53671875 0.4931640625 0.0046875 0.009765625
10 0.65 0.4208984375 0.009375 0.025390625
12 0.48671875 0.37890625 0.0140625 0.01953125
12 0.4890625 0.42578125 0.00625 0.01171875
12 0.43515625 0.486328125 0.0171875 0.0234375
12 0.56171875 0.4892578125 0.0046875 0.005859375
12 0.1125 0.4658203125 0.009375 0.029296875
12 0.09609375 0.525390625 0.0203125 0.0390625
1 0.86875 0.5126953125 0.0125 0.029296875
2 0.940625 0.568359375 0.0375 0.078125
3 0.453125 0.541015625 0.06875 0.04296875
3 0.7359375 0.5693359375 0.25 0.236328125
3 0.58203125 0.5322265625 0.0671875 0.068359375
1 0.93984375 0.53515625 0.0328125 0.08984375
