6 0.85546875 0.419921875 0.2859375 0.1484375
6 0.51484375 0.4453125 0.0609375 0.078125
6 0.4328125 0.453125 0.096875 0.0390625
1 0.5515625 0.4619140625 0.0125 0.041015625
1 0.559375 0.45703125 0.009375 0.0390625
1 0.57109375 0.4560546875 0.0078125 0.037109375
1 0.57890625 0.4580078125 0.0078125 0.041015625
1 0.58515625 0.4560546875 0.0078125 0.041015625
1 0.58984375 0.4521484375 0.0078125 0.037109375
1 0.5984375 0.4521484375 0.009375 0.041015625
1 0.60859375 0.4580078125 0.0140625 0.056640625
1 0.62109375 0.4609375 0.0171875 0.06640625
1 0.6421875 0.46484375 0.025 0.05859375
1 0.66953125 0.4365234375 0.0140625 0.037109375
1 0.82109375 0.490234375 0.0671875 0.23828125
1 0.88125 0.4912109375 0.053125 0.228515625
3 0.45390625 0.4619140625 0.0265625 0.021484375
3 0.47265625 0.4619140625 0.0296875 0.025390625
3 0.88515625 0.4248046875 0.0703125 0.064453125
3 0.94765625 0.431640625 0.1015625 0.1015625
3 0.95546875 0.4873046875 0.0859375 0.111328125
1 0.1328125 0.548828125 0.11875 0.30078125
37 0.17265625 0.69921875 0.0703125 0.04296875
