10 0.7375 0.25 0.025 0.08203125
10 0.659375 0.228515625 0.03125 0.08984375
10 0.60703125 0.1552734375 0.0171875 0.064453125
10 0.74609375 0.34765625 0.0265625 0.0390625
10 0.37265625 0.3427734375 0.0109375 0.025390625
10 0.34375 0.328125 0.0125 0.0546875
10 0.16328125 0.2626953125 0.0109375 0.044921875
10 0.30546875 0.3359375 0.0109375 0.03515625
10 0.68359375 0.3359375 0.0203125 0.0390625
12 0.70390625 0.18359375 0.0546875 0.04296875
12 0.18359375 0.2548828125 0.0203125 0.025390625
12 0.20546875 0.2548828125 0.0203125 0.021484375
12 0.24296875 0.2958984375 0.0421875 0.013671875
12 0.69375 0.3837890625 0.028125 0.033203125
1 0.5765625 0.4677734375 0.028125 0.115234375
1 0.58828125 0.4599609375 0.0234375 0.103515625
1 0.26875 0.41796875 0.015625 0.05859375
3 0.9703125 0.435546875 0.05625 0.04296875
3 0.78984375 0.4404296875 0.1359375 0.056640625
3 0.67578125 0.439453125 0.1265625 0.05078125
3 0.54453125 0.4345703125 0.1515625 0.052734375
3 0.48515625 0.4287109375 0.1296875 0.060546875
3 0.1984375 0.478515625 0.109375 0.1015625
3 0.03984375 0.41796875 0.0515625 0.046875
3 0.08671875 0.4111328125 0.0421875 0.037109375
3 0.0640625 0.3916015625 0.0375 0.033203125
3 0.165625 0.390625 0.05625 0.03515625
3 0.190625 0.4013671875 0.046875 0.033203125
3 0.265625 0.3916015625 0.0625 0.044921875
3 0.2109375 0.3935546875 0.040625 0.033203125
3 0.09296875 0.3857421875 0.0359375 0.029296875
