6 0.30234375 0.505859375 0.0671875 0.05078125
10 0.228125 0.42578125 0.015625 0.0546875
10 0.63125 0.4072265625 0.015625 0.052734375
10 0.88125 0.4306640625 0.01875 0.052734375
10 0.89375 0.5224609375 0.009375 0.029296875
12 0.62890625 0.45703125 0.0296875 0.0390625
12 0.89453125 0.47265625 0.0265625 0.03125
12 0.23359375 0.478515625 0.0234375 0.03125
1 0.15390625 0.5126953125 0.0078125 0.029296875
1 0.13828125 0.5146484375 0.0078125 0.029296875
1 0.603125 0.5205078125 0.00625 0.021484375
1 0.6453125 0.51953125 0.009375 0.0234375
1 0.61640625 0.5185546875 0.0078125 0.025390625
1 0.33359375 0.5595703125 0.0203125 0.080078125
1 0.2421875 0.5419921875 0.01875 0.083984375
8 0.48671875 0.4931640625 0.1171875 0.115234375
4 0.21484375 0.544921875 0.0421875 0.0546875
4 0.27109375 0.5517578125 0.0390625 0.052734375
3 0.56015625 0.541015625 0.0390625 0.0390625
3 0.52890625 0.568359375 0.0390625 0.04296875
3 0.628125 0.6201171875 0.159375 0.146484375
3 0.409375 0.5390625 0.134375 0.078125
3 0.43203125 0.6865234375 0.2578125 0.267578125
