6 0.40703125 0.447265625 0.0578125 0.05078125
6 0.4578125 0.4443359375 0.053125 0.025390625
6 0.5125 0.4462890625 0.059375 0.080078125
6 0.63671875 0.4306640625 0.0890625 0.041015625
6 0.84296875 0.40234375 0.3109375 0.11328125
1 0.11640625 0.4912109375 0.0140625 0.052734375
1 0.1296875 0.4892578125 0.0125 0.029296875
1 0.1703125 0.4814453125 0.0125 0.037109375
1 0.5484375 0.4609375 0.009375 0.0390625
1 0.55703125 0.4541015625 0.0078125 0.037109375
1 0.565625 0.474609375 0.01875 0.07421875
1 0.575 0.45703125 0.009375 0.04296875
1 0.60390625 0.451171875 0.0109375 0.03515625
1 0.61015625 0.462890625 0.0109375 0.05078125
1 0.61953125 0.4658203125 0.0140625 0.068359375
1 0.634375 0.4619140625 0.025 0.076171875
1 0.675 0.4296875 0.0125 0.01953125
1 0.58828125 0.4658203125 0.0234375 0.091796875
3 0.95078125 0.486328125 0.0953125 0.109375
3 0.91015625 0.447265625 0.1765625 0.13671875
3 0.8234375 0.4482421875 0.178125 0.103515625
3 0.646875 0.4453125 0.015625 0.01953125
3 0.45234375 0.462890625 0.0265625 0.0234375
3 0.471875 0.4638671875 0.025 0.025390625
3 0.3421875 0.5888671875 0.5125 0.263671875
