10 0.91484375 0.30859375 0.0078125 0.03125
10 0.95546875 0.3037109375 0.0078125 0.037109375
10 0.62578125 0.3720703125 0.0109375 0.037109375
10 0.6828125 0.4052734375 0.009375 0.029296875
10 0.10234375 0.3076171875 0.0078125 0.025390625
10 0.146875 0.23046875 0.025 0.07421875
10 0.8828125 0.431640625 0.009375 0.03125
12 0.9375 0.3017578125 0.00625 0.021484375
3 0.60234375 0.47265625 0.0109375 0.015625
10 0.35703125 0.419921875 0.0078125 0.02734375
10 0.35625 0.443359375 0.009375 0.01171875
1 0.4921875 0.4736328125 0.00625 0.021484375
1 0.55546875 0.474609375 0.0046875 0.015625
12 0.98203125 0.3798828125 0.0234375 0.064453125
11 0.98828125 0.5419921875 0.0140625 0.048828125
