10 0.21015625 0.3173828125 0.0171875 0.060546875
10 0.2078125 0.384765625 0.015625 0.0234375
10 0.5453125 0.1513671875 0.01875 0.060546875
10 0.759375 0.298828125 0.01875 0.05859375
10 0.75390625 0.3662109375 0.0109375 0.025390625
1 0.7046875 0.466796875 0.015625 0.04296875
1 0.7140625 0.4453125 0.0125 0.03515625
1 0.7234375 0.4716796875 0.01875 0.052734375
1 0.51484375 0.4501953125 0.0078125 0.029296875
2 0.24765625 0.5068359375 0.0265625 0.064453125
2 0.584375 0.4697265625 0.00625 0.021484375
2 0.6015625 0.46875 0.00625 0.015625
3 0.33984375 0.5029296875 0.1515625 0.115234375
3 0.42265625 0.47265625 0.0796875 0.08984375
3 0.475 0.4599609375 0.05 0.064453125
1 0.24765625 0.478515625 0.0359375 0.09765625
1 0.6 0.458984375 0.009375 0.03125
1 0.58359375 0.45703125 0.0109375 0.03515625
