10 0.94765625 0.3544921875 0.0203125 0.033203125
10 0.65234375 0.3095703125 0.0171875 0.060546875
10 0.64765625 0.3759765625 0.0203125 0.021484375
10 0.4375 0.390625 0.00625 0.01953125
10 0.49921875 0.416015625 0.0046875 0.015625
10 0.27890625 0.4150390625 0.0046875 0.021484375
12 0.978125 0.2978515625 0.034375 0.044921875
12 0.65078125 0.3515625 0.0453125 0.01953125
12 0.41328125 0.4052734375 0.0078125 0.009765625
1 0.903125 0.46484375 0.0375 0.14453125
1 0.87578125 0.4736328125 0.0328125 0.134765625
1 0.8578125 0.4697265625 0.03125 0.138671875
1 0.78359375 0.4736328125 0.0265625 0.123046875
1 0.77109375 0.4814453125 0.0265625 0.134765625
1 0.74296875 0.4736328125 0.0265625 0.119140625
1 0.70859375 0.4599609375 0.0234375 0.083984375
1 0.67265625 0.4375 0.0296875 0.0390625
1 0.55859375 0.486328125 0.0484375 0.12890625
1 0.53203125 0.48046875 0.0421875 0.125
1 0.48984375 0.462890625 0.0109375 0.03125
1 0.0046875 0.46484375 0.009375 0.0546875
1 0.0109375 0.4638671875 0.0125 0.056640625
1 0.0203125 0.46484375 0.015625 0.05859375
2 0.0171875 0.4853515625 0.034375 0.044921875
2 0.0234375 0.482421875 0.046875 0.04296875
3 0.4125 0.4658203125 0.03125 0.033203125
3 0.39609375 0.462890625 0.0078125 0.015625
3 0.3859375 0.462890625 0.0125 0.0234375
3 0.3734375 0.4658203125 0.021875 0.025390625
3 0.28984375 0.4716796875 0.0265625 0.056640625
3 0.25546875 0.4736328125 0.0484375 0.064453125
3 0.19140625 0.4794921875 0.0953125 0.083984375
