10 0.40546875 0.3994140625 0.0109375 0.025390625
10 0.4125 0.4228515625 0.009375 0.013671875
10 0.70625 0.3984375 0.009375 0.0234375
10 0.7046875 0.4208984375 0.009375 0.009765625
12 0.81640625 0.3896484375 0.0421875 0.041015625
12 0.07890625 0.4189453125 0.0171875 0.021484375
12 0.29296875 0.4130859375 0.0109375 0.017578125
1 0.0625 0.4873046875 0.025 0.083984375
1 0.115625 0.474609375 0.028125 0.046875
1 0.08984375 0.4853515625 0.0171875 0.087890625
2 0.72734375 0.5380859375 0.0296875 0.068359375
3 0.18359375 0.5146484375 0.1578125 0.126953125
3 0.28671875 0.49609375 0.0828125 0.09375
3 0.58671875 0.4501953125 0.0296875 0.029296875
3 0.60546875 0.44140625 0.0109375 0.015625
1 0.7265625 0.513671875 0.03125 0.0859375
