6 0.59140625 0.490234375 0.0234375 0.03125
10 0.08046875 0.3994140625 0.0171875 0.044921875
10 0.159375 0.341796875 0.021875 0.05859375
12 0.078125 0.439453125 0.025 0.02734375
12 0.1765625 0.404296875 0.015625 0.05078125
12 0.25546875 0.37109375 0.0796875 0.03515625
12 0.25546875 0.3984375 0.0796875 0.01953125
12 0.25546875 0.4169921875 0.0796875 0.017578125
12 0.25625 0.4375 0.078125 0.0234375
12 0.6578125 0.44140625 0.025 0.01171875
12 0.65859375 0.4521484375 0.0265625 0.005859375
12 0.65859375 0.4599609375 0.0265625 0.005859375
12 0.65859375 0.466796875 0.0265625 0.0078125
1 0.80859375 0.4931640625 0.0078125 0.033203125
1 0.01171875 0.5009765625 0.0109375 0.021484375
8 0.64375 0.349609375 0.065625 0.0234375
3 0.02734375 0.72265625 0.0546875 0.23046875
3 0.30703125 0.529296875 0.1828125 0.1796875
3 0.36484375 0.68359375 0.3515625 0.3125
3 0.5015625 0.5146484375 0.15625 0.232421875
3 0.5921875 0.509765625 0.01875 0.03125
3 0.6171875 0.525390625 0.059375 0.06640625
3 0.64140625 0.5537109375 0.1046875 0.095703125
3 0.66875 0.5087890625 0.040625 0.037109375
3 0.77890625 0.5537109375 0.1234375 0.099609375
3 0.1421875 0.515625 0.04375 0.03515625
3 0.10390625 0.517578125 0.0453125 0.0390625
3 0.04375 0.5185546875 0.0625 0.044921875
3 0.4109375 0.5087890625 0.025 0.037109375
