10 0.2109375 0.07421875 0.028125 0.0859375
10 0.01640625 0.0869140625 0.0296875 0.080078125
10 0.4859375 0.271484375 0.015625 0.046875
10 0.08125 0.3671875 0.015625 0.0390625
12 0.15546875 0.0537109375 0.0484375 0.064453125
12 0.634375 0.31640625 0.01875 0.01953125
10 0.08984375 0.412109375 0.0171875 0.01953125
1 0.01640625 0.46875 0.0328125 0.06640625
1 0.08203125 0.466796875 0.0328125 0.0625
1 0.809375 0.462890625 0.021875 0.109375
2 0.6234375 0.5009765625 0.03125 0.064453125
3 0.29453125 0.47265625 0.1578125 0.07421875
3 0.44375 0.48046875 0.15 0.16796875
1 0.62421875 0.4794921875 0.0296875 0.099609375
