6 0.23828125 0.4404296875 0.0890625 0.037109375
6 0.57734375 0.4296875 0.2453125 0.09375
6 0.41484375 0.4306640625 0.0765625 0.048828125
6 0.31328125 0.43359375 0.0421875 0.05078125
12 0.48203125 0.3427734375 0.0203125 0.044921875
1 0.16640625 0.45703125 0.0140625 0.03515625
1 0.1203125 0.451171875 0.009375 0.03125
1 0.12734375 0.44921875 0.0078125 0.0234375
1 0.353125 0.44140625 0.009375 0.02734375
1 0.36796875 0.4443359375 0.0109375 0.033203125
1 0.384375 0.443359375 0.009375 0.03125
1 0.39375 0.4423828125 0.009375 0.033203125
1 0.40078125 0.453125 0.0140625 0.05859375
1 0.4125 0.470703125 0.025 0.09765625
1 0.428125 0.4521484375 0.0125 0.064453125
1 0.4359375 0.4482421875 0.0125 0.060546875
1 0.446875 0.4677734375 0.03125 0.099609375
1 0.52421875 0.46484375 0.0328125 0.109375
1 0.64453125 0.5634765625 0.1609375 0.369140625
1 0.95 0.5703125 0.096875 0.46484375
1 0.865625 0.505859375 0.0875 0.296875
1 0.75234375 0.51171875 0.0703125 0.27734375
1 0.7953125 0.5205078125 0.096875 0.306640625
1 0.815625 0.494140625 0.040625 0.2421875
1 0.01171875 0.4638671875 0.0140625 0.025390625
2 0.86953125 0.5283203125 0.1390625 0.119140625
3 0.1828125 0.447265625 0.021875 0.02734375
3 0.25859375 0.4482421875 0.0234375 0.021484375
3 0.278125 0.447265625 0.03125 0.0234375
3 0.325 0.4765625 0.075 0.0703125
3 0.63671875 0.451171875 0.1765625 0.08984375
3 0.540625 0.4453125 0.084375 0.0703125
