12 0.771875 0.3896484375 0.046875 0.029296875
12 0.77265625 0.3447265625 0.0484375 0.060546875
12 0.26875 0.400390625 0.021875 0.03125
12 0.26953125 0.4228515625 0.0171875 0.009765625
1 0.0703125 0.4658203125 0.028125 0.072265625
1 0.115625 0.46875 0.03125 0.0703125
1 0.32578125 0.51953125 0.0359375 0.1171875
1 0.31875 0.447265625 0.009375 0.03125
1 0.821875 0.4453125 0.0125 0.03125
1 0.7984375 0.458984375 0.0125 0.0625
1 0.809375 0.4619140625 0.0125 0.060546875
1 0.6984375 0.4580078125 0.015625 0.029296875
1 0.675 0.447265625 0.015625 0.01953125
1 0.6625 0.447265625 0.009375 0.015625
1 0.62109375 0.4521484375 0.0109375 0.029296875
1 0.6375 0.453125 0.009375 0.03515625
1 0.64140625 0.4541015625 0.0078125 0.037109375
1 0.64765625 0.4541015625 0.0078125 0.033203125
1 0.57421875 0.4404296875 0.0109375 0.033203125
1 0.503125 0.45703125 0.015625 0.0234375
1 0.3703125 0.44140625 0.00625 0.0234375
2 0.35703125 0.46875 0.0140625 0.0234375
3 0.44296875 0.431640625 0.0140625 0.01171875
3 0.425 0.4326171875 0.015625 0.013671875
3 0.471875 0.4326171875 0.00625 0.009765625
3 0.48046875 0.4326171875 0.0109375 0.013671875
3 0.49296875 0.435546875 0.0203125 0.0234375
3 0.51171875 0.4462890625 0.0171875 0.025390625
3 0.534375 0.4482421875 0.04375 0.037109375
3 0.5328125 0.55859375 0.165625 0.18359375
3 0.865625 0.6669921875 0.265625 0.287109375
1 0.35703125 0.4521484375 0.0140625 0.037109375
4 0.54609375 0.4609375 0.0328125 0.01953125
2 0.58828125 0.458984375 0.0109375 0.03125
2 0.5765625 0.4619140625 0.0125 0.021484375
