6 0.39140625 0.4267578125 0.0609375 0.076171875
12 0.6921875 0.369140625 0.0125 0.0234375
10 0.79296875 0.3525390625 0.0203125 0.025390625
10 0.7890625 0.2685546875 0.021875 0.076171875
12 0.78046875 0.328125 0.0484375 0.0234375
12 0.56875 0.3994140625 0.0125 0.013671875
12 0.56953125 0.4111328125 0.0109375 0.009765625
1 0.14296875 0.47265625 0.0765625 0.15234375
2 0.0109375 0.513671875 0.021875 0.05078125
3 0.28046875 0.4716796875 0.1015625 0.087890625
3 0.34296875 0.4609375 0.0546875 0.0703125
3 0.44609375 0.443359375 0.0109375 0.01171875
3 0.4671875 0.4443359375 0.021875 0.021484375
3 0.49140625 0.4453125 0.0109375 0.01171875
3 0.5015625 0.4453125 0.009375 0.0234375
3 0.51484375 0.447265625 0.0140625 0.03125
3 0.5328125 0.4501953125 0.03125 0.041015625
3 0.5421875 0.455078125 0.01875 0.0390625
3 0.57578125 0.451171875 0.0546875 0.0703125
3 0.6171875 0.4638671875 0.084375 0.083984375
