10 0.57109375 0.431640625 0.0046875 0.01171875
10 0.53203125 0.431640625 0.0046875 0.01171875
10 0.49765625 0.4501953125 0.0046875 0.009765625
12 0.71875 0.37890625 0.015625 0.02734375
12 0.71875 0.4033203125 0.015625 0.021484375
12 0.7203125 0.4375 0.009375 0.02734375
12 0.628125 0.3974609375 0.009375 0.017578125
12 0.62890625 0.4267578125 0.0078125 0.017578125
12 0.63046875 0.4521484375 0.0078125 0.013671875
1 0.9859375 0.509765625 0.025 0.078125
1 0.9625 0.484375 0.034375 0.14453125
6 0.54453125 0.4658203125 0.0109375 0.017578125
3 0.58515625 0.4755859375 0.0203125 0.021484375
3 0.42421875 0.4755859375 0.0296875 0.029296875
