12 0.7 0.365234375 0.028125 0.03515625
12 0.7 0.3095703125 0.059375 0.076171875
12 0.46484375 0.4228515625 0.0046875 0.005859375
1 0.54375 0.470703125 0.0125 0.0390625
1 0.55625 0.466796875 0.0125 0.046875
1 0.56796875 0.46875 0.0140625 0.04296875
3 0.54765625 0.455078125 0.0640625 0.03515625
3 0.01640625 0.4970703125 0.0328125 0.083984375
3 0.06328125 0.486328125 0.1046875 0.09375
3 0.15078125 0.462890625 0.0640625 0.04296875
3 0.21875 0.4677734375 0.075 0.060546875
3 0.2640625 0.4677734375 0.046875 0.056640625
3 0.29296875 0.46875 0.0203125 0.03515625
3 0.30859375 0.4658203125 0.0265625 0.033203125
3 0.3296875 0.462890625 0.028125 0.02734375
3 0.34453125 0.4609375 0.0140625 0.0234375
3 0.3796875 0.4609375 0.040625 0.0390625
3 0.40625 0.4423828125 0.015625 0.017578125
3 0.40078125 0.4326171875 0.0109375 0.013671875
3 0.453125 0.4482421875 0.01875 0.017578125
3 0.47890625 0.4228515625 0.0109375 0.013671875
3 0.459375 0.4326171875 0.0125 0.013671875
3 0.46171875 0.3896484375 0.0140625 0.013671875
3 0.471875 0.3779296875 0.009375 0.009765625
3 0.69296875 0.4580078125 0.0796875 0.037109375
3 0.7390625 0.4541015625 0.103125 0.044921875
3 0.94140625 0.470703125 0.1140625 0.078125
3 0.859375 0.4619140625 0.153125 0.056640625
3 0.79765625 0.4521484375 0.1203125 0.048828125
3 0.475 0.375 0.009375 0.01171875
