12 0.27578125 0.4326171875 0.0140625 0.005859375
12 0.8171875 0.302734375 0.05625 0.01953125
2 0.825 0.5859375 0.071875 0.13671875
2 0.7171875 0.5595703125 0.053125 0.126953125
2 0.67265625 0.537109375 0.0421875 0.1015625
2 0.6203125 0.53125 0.015625 0.05859375
3 0.08203125 0.4970703125 0.1640625 0.177734375
3 0.409375 0.4853515625 0.01875 0.017578125
1 0.82578125 0.5302734375 0.0671875 0.169921875
1 0.72734375 0.4951171875 0.0546875 0.173828125
1 0.675 0.5048828125 0.0375 0.119140625
1 0.6234375 0.4970703125 0.034375 0.091796875
