12 0.73984375 0.3955078125 0.0453125 0.013671875
1 0.54140625 0.486328125 0.0234375 0.0703125
1 0.515625 0.4931640625 0.01875 0.072265625
3 0.82578125 0.6181640625 0.2921875 0.216796875
3 0.6390625 0.560546875 0.178125 0.13671875
3 0.571875 0.486328125 0.134375 0.0546875
3 0.72265625 0.4912109375 0.1359375 0.056640625
3 0.84609375 0.4921875 0.0671875 0.046875
3 0.9703125 0.505859375 0.05625 0.0703125
3 0.021875 0.466796875 0.04375 0.04296875
3 0.0625 0.4716796875 0.059375 0.041015625
3 0.11015625 0.47265625 0.0578125 0.04296875
3 0.16875 0.47265625 0.078125 0.05859375
3 0.38046875 0.4443359375 0.0484375 0.025390625
3 0.43046875 0.447265625 0.0296875 0.01953125
3 0.31875 0.4423828125 0.040625 0.021484375
