2 0.15625 0.515625 0.04375 0.0859375
2 0.20390625 0.5390625 0.0484375 0.09765625
2 0.2484375 0.5087890625 0.05 0.103515625
2 0.36875 0.5654296875 0.125 0.142578125
2 0.78515625 0.5693359375 0.1953125 0.142578125
3 0.496875 0.4775390625 0.021875 0.041015625
3 0.5078125 0.48046875 0.021875 0.05078125
3 0.54921875 0.4814453125 0.0734375 0.080078125
3 0.38125 0.46484375 0.021875 0.02734375
3 0.30859375 0.4775390625 0.0296875 0.033203125
3 0.1640625 0.48046875 0.05625 0.08203125
3 0.0421875 0.505859375 0.084375 0.12109375
3 0.40859375 0.4716796875 0.0203125 0.021484375
1 0.78828125 0.51171875 0.0984375 0.20703125
1 0.3609375 0.51953125 0.109375 0.203125
1 0.2484375 0.4814453125 0.05 0.134765625
1 0.16015625 0.4833984375 0.0453125 0.111328125
1 0.2046875 0.490234375 0.04375 0.13671875
10 0.61484375 0.3291015625 0.0109375 0.044921875
