10 0.02421875 0.2197265625 0.0109375 0.041015625
10 0.06171875 0.365234375 0.0078125 0.02734375
10 0.121875 0.37109375 0.009375 0.03125
10 0.134375 0.3681640625 0.009375 0.037109375
10 0.4015625 0.2529296875 0.015625 0.041015625
10 0.50859375 0.2412109375 0.0140625 0.041015625
10 0.64140625 0.1806640625 0.0140625 0.048828125
10 0.80078125 0.181640625 0.0140625 0.046875
12 0.36484375 0.373046875 0.0109375 0.02734375
10 0.89921875 0.345703125 0.0109375 0.03125
12 0.3 0.2861328125 0.0375 0.013671875
12 0.46015625 0.240234375 0.0328125 0.02734375
12 0.70078125 0.1728515625 0.0421875 0.033203125
12 0.96171875 0.2314453125 0.0421875 0.013671875
12 0.84296875 0.3515625 0.0171875 0.0234375
12 0.84296875 0.3681640625 0.0109375 0.009765625
1 0.25859375 0.4697265625 0.0453125 0.130859375
3 0.9421875 0.51953125 0.1125 0.28515625
3 0.61015625 0.53515625 0.2765625 0.26171875
3 0.46796875 0.42578125 0.0359375 0.03515625
3 0.4921875 0.419921875 0.021875 0.02734375
3 0.4875 0.4248046875 0.0125 0.025390625
3 0.52265625 0.4208984375 0.0421875 0.041015625
10 0.0359375 0.396484375 0.015625 0.01953125
10 0.9140625 0.3779296875 0.009375 0.009765625
12 0.92109375 0.345703125 0.0203125 0.0390625
12 0.1140625 0.39453125 0.01875 0.0078125
