12 0.8890625 0.3525390625 0.0125 0.037109375
12 0.6890625 0.376953125 0.009375 0.03125
12 0.55390625 0.3955078125 0.0078125 0.025390625
12 0.1828125 0.4228515625 0.00625 0.017578125
1 0.85703125 0.4306640625 0.0390625 0.064453125
1 0.2703125 0.482421875 0.03125 0.09765625
1 0.171875 0.4970703125 0.034375 0.142578125
1 0.14609375 0.4921875 0.0421875 0.171875
3 0.775 0.498046875 0.275 0.1484375
3 0.5671875 0.482421875 0.1875 0.1328125
3 0.46171875 0.490234375 0.0609375 0.09375
3 0.22734375 0.484375 0.0546875 0.0625
3 0.2 0.478515625 0.05625 0.05859375
3 0.0375 0.529296875 0.075 0.1875
3 0.0609375 0.4970703125 0.078125 0.126953125
3 0.1234375 0.478515625 0.025 0.0546875
