6 0.434375 0.4541015625 0.1 0.041015625
6 0.5140625 0.447265625 0.059375 0.08203125
6 0.85546875 0.419921875 0.2859375 0.1484375
1 0.115625 0.4912109375 0.0125 0.048828125
1 0.12890625 0.4912109375 0.0109375 0.029296875
1 0.1703125 0.482421875 0.0125 0.0390625
1 0.38046875 0.4619140625 0.0046875 0.021484375
1 0.5515625 0.4599609375 0.0125 0.041015625
1 0.5578125 0.453125 0.00625 0.02734375
1 0.57109375 0.451171875 0.0078125 0.02734375
1 0.5796875 0.458984375 0.009375 0.04296875
1 0.5875 0.455078125 0.009375 0.0390625
1 0.5953125 0.4560546875 0.0125 0.044921875
1 0.603125 0.4521484375 0.009375 0.041015625
1 0.61640625 0.4658203125 0.0140625 0.068359375
1 0.634375 0.462890625 0.025 0.0859375
1 0.66875 0.431640625 0.009375 0.0234375
1 0.66015625 0.4677734375 0.0203125 0.072265625
3 0.3609375 0.4677734375 0.028125 0.021484375
3 0.45234375 0.462890625 0.0265625 0.0234375
3 0.471875 0.4619140625 0.028125 0.021484375
3 0.9515625 0.48046875 0.09375 0.12890625
3 0.909375 0.4462890625 0.178125 0.138671875
11 0.34140625 0.478515625 0.0046875 0.01953125
