12 0.5015625 0.3154296875 0.0375 0.060546875
1 0.18828125 0.4228515625 0.0109375 0.052734375
1 0.20078125 0.4169921875 0.0171875 0.052734375
1 0.19375 0.4765625 0.021875 0.1015625
1 0.215625 0.474609375 0.021875 0.10546875
2 0.084375 0.5166015625 0.084375 0.111328125
4 0.74296875 0.6396484375 0.1984375 0.365234375
3 0.68203125 0.5078125 0.0859375 0.18359375
3 0.5375 0.541015625 0.290625 0.3046875
3 0.94296875 0.5205078125 0.1109375 0.205078125
1 0.08046875 0.4775390625 0.0515625 0.166015625
1 0.740625 0.5576171875 0.203125 0.474609375
