10 0.7125 0.2841796875 0.05 0.060546875
10 0.32890625 0.0576171875 0.0421875 0.064453125
10 0.1125 0.060546875 0.04375 0.0625
10 0.67578125 0.291015625 0.0203125 0.05078125
10 0.32734375 0.4013671875 0.0046875 0.013671875
10 0.70859375 0.353515625 0.0203125 0.02734375
12 0.40234375 0.0673828125 0.0328125 0.064453125
12 0.17734375 0.0732421875 0.0296875 0.060546875
1 0.12890625 0.49609375 0.0578125 0.1171875
8 0.98046875 0.4326171875 0.0359375 0.033203125
3 0.48671875 0.5439453125 0.3671875 0.380859375
3 0.16953125 0.4833984375 0.0390625 0.056640625
3 0.021875 0.4892578125 0.04375 0.072265625
3 0.0703125 0.4912109375 0.09375 0.064453125
3 0.12421875 0.4873046875 0.0671875 0.060546875
3 0.83515625 0.4453125 0.0265625 0.01953125
