1 0.571875 0.470703125 0.021875 0.0625
1 0.77890625 0.5029296875 0.0578125 0.091796875
1 0.73359375 0.4677734375 0.0265625 0.076171875
1 0.69921875 0.470703125 0.0171875 0.0859375
1 0.6828125 0.4638671875 0.0125 0.060546875
1 0.66875 0.46875 0.015625 0.0703125
1 0.65 0.4609375 0.0125 0.0625
1 0.63828125 0.462890625 0.0109375 0.05859375
2 0.8703125 0.5546875 0.115625 0.15234375
3 0.81484375 0.455078125 0.0578125 0.046875
11 0.06640625 0.46484375 0.0078125 0.0234375
12 0.65078125 0.38671875 0.0265625 0.03125
