10 0.45703125 0.373046875 0.0046875 0.015625
10 0.48671875 0.375 0.0046875 0.01171875
10 0.40703125 0.357421875 0.0046875 0.01171875
10 0.5421875 0.3984375 0.00625 0.01171875
10 0.54296875 0.4072265625 0.0046875 0.005859375
12 0.7609375 0.3369140625 0.05625 0.068359375
12 0.68359375 0.3974609375 0.0203125 0.029296875
12 0.36484375 0.36328125 0.0109375 0.015625
12 0.1171875 0.474609375 0.025 0.0390625
12 0.23984375 0.4560546875 0.0171875 0.021484375
3 0.02578125 0.4365234375 0.0515625 0.041015625
3 0.32578125 0.4453125 0.0234375 0.01953125
3 0.4828125 0.412109375 0.00625 0.0078125
3 0.43515625 0.3994140625 0.0078125 0.005859375
3 0.44296875 0.4013671875 0.0078125 0.009765625
3 0.45078125 0.400390625 0.0078125 0.0078125
11 0.696875 0.4873046875 0.0125 0.021484375
