1 0.05234375 0.482421875 0.0265625 0.0859375
1 0.07265625 0.474609375 0.0234375 0.078125
1 0.2171875 0.4716796875 0.015625 0.064453125
1 0.684375 0.4716796875 0.025 0.083984375
1 0.35859375 0.4580078125 0.0109375 0.033203125
1 0.396875 0.45703125 0.00625 0.0234375
2 0.02890625 0.5029296875 0.0578125 0.056640625
2 0.14140625 0.498046875 0.0578125 0.04296875
3 0.28046875 0.478515625 0.0734375 0.08203125
3 0.42109375 0.46484375 0.0296875 0.02734375
3 0.4296875 0.4599609375 0.028125 0.033203125
3 0.45546875 0.4609375 0.0171875 0.0234375
3 0.44296875 0.4599609375 0.0140625 0.029296875
3 0.49375 0.458984375 0.025 0.0234375
3 0.51875 0.455078125 0.009375 0.0078125
3 0.5484375 0.453125 0.009375 0.01171875
11 0.63515625 0.486328125 0.0140625 0.03515625
