2 0.5328125 0.4677734375 0.0125 0.029296875
2 0.2390625 0.673828125 0.09375 0.19921875
3 0.0625 0.6357421875 0.125 0.212890625
3 0.10390625 0.56640625 0.2078125 0.16015625
3 0.29375 0.5185546875 0.10625 0.107421875
3 0.33984375 0.5009765625 0.0734375 0.083984375
3 0.39453125 0.474609375 0.0578125 0.06640625
3 0.40859375 0.4658203125 0.0484375 0.060546875
3 0.434375 0.4619140625 0.021875 0.048828125
3 0.4390625 0.4560546875 0.040625 0.052734375
3 0.47578125 0.4580078125 0.0421875 0.041015625
3 0.490625 0.443359375 0.025 0.02734375
3 0.509375 0.44140625 0.021875 0.0234375
3 0.5171875 0.4375 0.021875 0.02734375
3 0.5296875 0.4384765625 0.009375 0.021484375
3 0.53671875 0.4375 0.0140625 0.01953125
3 0.5421875 0.4345703125 0.0125 0.017578125
3 0.55078125 0.4345703125 0.0140625 0.017578125
3 0.55859375 0.43359375 0.0109375 0.015625
3 0.56875 0.431640625 0.0125 0.015625
3 0.5765625 0.431640625 0.00625 0.01171875
3 0.59140625 0.4462890625 0.0234375 0.025390625
3 0.6 0.4375 0.015625 0.01953125
3 0.62578125 0.4228515625 0.0109375 0.021484375
3 0.58046875 0.4287109375 0.0078125 0.013671875
3 0.59609375 0.4677734375 0.0234375 0.044921875
3 0.61875 0.4794921875 0.040625 0.056640625
3 0.621875 0.466796875 0.053125 0.0546875
3 0.6453125 0.48828125 0.05 0.06640625
3 0.71015625 0.5224609375 0.1359375 0.146484375
3 0.91875 0.6513671875 0.159375 0.333984375
3 0.91875 0.4638671875 0.159375 0.056640625
1 0.5328125 0.4580078125 0.0125 0.037109375
1 0.2375 0.6064453125 0.103125 0.244140625
1 0.87890625 0.6787109375 0.1015625 0.396484375
79 0.8703125 0.876953125 0.078125 0.0625
