10 0.4625 0.2734375 0.021875 0.0703125
10 0.4390625 0.2822265625 0.0125 0.064453125
10 0.46484375 0.353515625 0.0234375 0.0234375
10 0.18984375 0.103515625 0.0203125 0.078125
12 0.44609375 0.166015625 0.0390625 0.02734375
12 0.478125 0.3291015625 0.04375 0.017578125
12 0.2 0.3974609375 0.00625 0.017578125
12 0.01796875 0.4150390625 0.0109375 0.013671875
1 0.90625 0.47265625 0.075 0.23046875
1 0.63515625 0.4833984375 0.0390625 0.162109375
1 0.51953125 0.4453125 0.0640625 0.05078125
1 0.39453125 0.451171875 0.0109375 0.05859375
3 0.7640625 0.453125 0.1875 0.08984375
3 0.5921875 0.439453125 0.05625 0.08203125
3 0.3234375 0.4521484375 0.0375 0.041015625
3 0.27734375 0.44921875 0.0265625 0.03125
3 0.24765625 0.451171875 0.0296875 0.03515625
3 0.190625 0.4599609375 0.059375 0.060546875
3 0.14453125 0.45703125 0.0265625 0.02734375
3 0.0796875 0.46484375 0.128125 0.12109375
3 0.22421875 0.458984375 0.0171875 0.0234375
8 0.2484375 0.4384765625 0.03125 0.041015625
