10 0.0234375 0.447265625 0.009375 0.03515625
10 0.04296875 0.44140625 0.0078125 0.03125
12 0.678125 0.427734375 0.028125 0.02734375
12 0.4828125 0.435546875 0.05 0.01171875
12 0.48125 0.4208984375 0.046875 0.017578125
12 0.50078125 0.4033203125 0.0515625 0.013671875
12 0.5015625 0.388671875 0.053125 0.015625
12 0.5 0.3681640625 0.053125 0.017578125
1 0.1828125 0.5244140625 0.015625 0.064453125
1 0.1140625 0.525390625 0.015625 0.0625
4 0.9625 0.5419921875 0.071875 0.115234375
4 0.8796875 0.529296875 0.090625 0.07421875
3 0.30859375 0.5419921875 0.2265625 0.134765625
3 0.48828125 0.529296875 0.1515625 0.1015625
3 0.61953125 0.552734375 0.1890625 0.16015625
3 0.75390625 0.4755859375 0.0328125 0.041015625
3 0.7984375 0.4853515625 0.053125 0.060546875
3 0.97109375 0.6357421875 0.0546875 0.201171875
3 0.67109375 0.6943359375 0.3390625 0.396484375
3 0.7265625 0.4775390625 0.025 0.037109375
1 0.884375 0.5 0.046875 0.09765625
1 0.96171875 0.5341796875 0.0734375 0.185546875
1 0.6796875 0.482421875 0.021875 0.04296875
