10 0.16953125 0.4775390625 0.0359375 0.103515625
10 0.15625 0.0693359375 0.078125 0.138671875
10 0.54296875 0.353515625 0.0140625 0.0390625
10 0.58359375 0.3828125 0.0109375 0.02734375
10 0.61484375 0.400390625 0.0078125 0.01953125
10 0.865625 0.3798828125 0.009375 0.029296875
12 0.06640625 0.40625 0.0453125 0.01953125
12 0.06796875 0.4267578125 0.0421875 0.017578125
12 0.08515625 0.443359375 0.0453125 0.015625
12 0.5453125 0.408203125 0.015625 0.01953125
12 0.58515625 0.419921875 0.0109375 0.01171875
12 0.61640625 0.4228515625 0.0109375 0.013671875
4 0.6921875 0.4814453125 0.025 0.041015625
3 0.20625 0.5244140625 0.159375 0.091796875
3 0.38671875 0.5185546875 0.2296875 0.107421875
3 0.81171875 0.478515625 0.0828125 0.0625
3 0.7640625 0.4755859375 0.046875 0.052734375
3 0.96015625 0.5009765625 0.0765625 0.099609375
3 0.6328125 0.4501953125 0.015625 0.017578125
3 0.653125 0.447265625 0.015625 0.01953125
3 0.6234375 0.4482421875 0.0125 0.017578125
1 0.69296875 0.4638671875 0.0234375 0.041015625
