12 0.35234375 0.4423828125 0.0109375 0.017578125
1 0.83203125 0.5048828125 0.0546875 0.158203125
1 0.78125 0.521484375 0.059375 0.19140625
1 0.6125 0.4912109375 0.025 0.107421875
1 0.2984375 0.4892578125 0.01875 0.072265625
1 0.27109375 0.4775390625 0.0203125 0.076171875
1 0.403125 0.482421875 0.021875 0.05859375
3 0.8328125 0.4892578125 0.278125 0.126953125
3 0.478125 0.4794921875 0.028125 0.033203125
3 0.45 0.486328125 0.04375 0.04296875
3 0.3640625 0.4755859375 0.05 0.037109375
3 0.13359375 0.4873046875 0.0921875 0.083984375
3 0.1875 0.4716796875 0.065625 0.056640625
3 0.0734375 0.4638671875 0.05 0.037109375
3 0.23359375 0.474609375 0.0265625 0.02734375
3 0.021875 0.462890625 0.04375 0.03125
79 0.38828125 0.490234375 0.0234375 0.0390625
