10 0.746875 0.2841796875 0.025 0.107421875
10 0.7296875 0.3134765625 0.0125 0.083984375
10 0.17421875 0.1376953125 0.0484375 0.119140625
10 0.096875 0.240234375 0.03125 0.07421875
10 0.1359375 0.2685546875 0.015625 0.041015625
10 0.28671875 0.2607421875 0.0140625 0.056640625
10 0.30703125 0.2734375 0.0171875 0.0390625
10 0.10546875 0.13671875 0.0359375 0.11328125
10 0.29765625 0.3369140625 0.0109375 0.033203125
1 0.234375 0.4140625 0.028125 0.08203125
1 0.8671875 0.455078125 0.009375 0.03515625
2 0.175 0.4453125 0.05 0.1015625
3 0.64140625 0.44140625 0.0765625 0.0859375
3 0.6890625 0.453125 0.021875 0.03515625
3 0.75625 0.4501953125 0.028125 0.041015625
3 0.7015625 0.4501953125 0.009375 0.013671875
3 0.77578125 0.4541015625 0.0109375 0.029296875
3 0.7984375 0.45703125 0.034375 0.0390625
3 0.84375 0.4697265625 0.059375 0.064453125
3 0.5234375 0.453125 0.040625 0.03515625
3 0.56875 0.4462890625 0.028125 0.029296875
3 0.59609375 0.451171875 0.0265625 0.03515625
3 0.95625 0.4765625 0.084375 0.05859375
3 0.91328125 0.46875 0.0546875 0.0546875
3 0.71171875 0.4462890625 0.0140625 0.017578125
1 0.17890625 0.404296875 0.0453125 0.13671875
