1 0.84453125 0.419921875 0.0046875 0.01953125
1 0.84921875 0.4248046875 0.0046875 0.021484375
1 0.85859375 0.4248046875 0.0078125 0.025390625
1 0.86953125 0.4248046875 0.0078125 0.029296875
2 0.503125 0.4755859375 0.0125 0.029296875
3 0.62109375 0.4326171875 0.0546875 0.013671875
3 0.58828125 0.4326171875 0.0203125 0.013671875
3 0.56171875 0.4365234375 0.0234375 0.009765625
3 0.4734375 0.4345703125 0.009375 0.009765625
3 0.45625 0.443359375 0.028125 0.02734375
3 0.4515625 0.45703125 0.03125 0.02734375
3 0.43359375 0.443359375 0.0171875 0.015625
3 0.42421875 0.453125 0.0171875 0.0234375
3 0.4125 0.458984375 0.01875 0.03125
3 0.3984375 0.4619140625 0.021875 0.037109375
3 0.37734375 0.4658203125 0.0359375 0.044921875
3 0.36875 0.47265625 0.0375 0.046875
3 0.334375 0.4775390625 0.05 0.068359375
3 0.31484375 0.4912109375 0.0296875 0.060546875
3 0.2765625 0.5 0.078125 0.109375
3 0.14375 0.490234375 0.053125 0.0546875
3 0.190625 0.5283203125 0.14375 0.142578125
3 0.4890625 0.4443359375 0.021875 0.029296875
3 0.515625 0.4462890625 0.015625 0.029296875
3 0.5328125 0.4580078125 0.034375 0.052734375
3 0.55390625 0.46875 0.0515625 0.06640625
3 0.5546875 0.4833984375 0.028125 0.064453125
3 0.57109375 0.48828125 0.0328125 0.07421875
3 0.63125 0.5224609375 0.15 0.166015625
3 0.69296875 0.5927734375 0.1796875 0.185546875
3 0.83671875 0.6884765625 0.3234375 0.298828125
3 0.9609375 0.900390625 0.075 0.1953125
1 0.503125 0.4609375 0.0125 0.0390625
