10 0.17578125 0.359375 0.0109375 0.0390625
10 0.76171875 0.3564453125 0.0140625 0.037109375
10 0.79921875 0.384765625 0.0171875 0.0234375
12 0.19375 0.3779296875 0.0125 0.025390625
12 0.80390625 0.3662109375 0.0296875 0.013671875
12 0.62109375 0.388671875 0.0078125 0.015625
3 0.9140625 0.5703125 0.16875 0.375
3 0.5359375 0.4423828125 0.0375 0.021484375
3 0.51328125 0.447265625 0.0203125 0.03125
3 0.50078125 0.4501953125 0.0140625 0.025390625
3 0.43125 0.44921875 0.025 0.0234375
3 0.35 0.455078125 0.021875 0.0390625
3 0.3796875 0.4619140625 0.059375 0.052734375
3 0.32890625 0.455078125 0.0359375 0.0546875
3 0.28984375 0.4580078125 0.0703125 0.068359375
3 0.0921875 0.474609375 0.184375 0.10546875
3 0.6578125 0.59765625 0.45625 0.3359375
