1 0.359375 0.4658203125 0.0125 0.048828125
1 0.509375 0.4560546875 0.003125 0.009765625
3 0.05546875 0.4658203125 0.1109375 0.080078125
3 0.08984375 0.453125 0.1203125 0.08984375
3 0.2125 0.4619140625 0.1375 0.072265625
3 0.9765625 0.7421875 0.04375 0.265625
3 0.89453125 0.6171875 0.2078125 0.26953125
3 0.78046875 0.5595703125 0.1609375 0.154296875
3 0.70234375 0.5283203125 0.1046875 0.107421875
3 0.625 0.498046875 0.078125 0.0625
3 0.609375 0.4833984375 0.053125 0.056640625
3 0.5859375 0.4775390625 0.034375 0.052734375
3 0.56953125 0.47265625 0.0234375 0.0390625
3 0.559375 0.466796875 0.01875 0.03515625
3 0.5375 0.46875 0.03125 0.03125
3 0.3140625 0.4541015625 0.0375 0.037109375
3 0.365625 0.462890625 0.065625 0.03515625
3 0.42578125 0.4609375 0.0328125 0.03125
3 0.47734375 0.462890625 0.0203125 0.01953125
3 0.4875 0.4609375 0.009375 0.01953125
3 0.49609375 0.4580078125 0.0109375 0.013671875
3 0.5046875 0.4560546875 0.009375 0.009765625
