1 0.4046875 0.4609375 0.0125 0.0390625
1 0.828125 0.6083984375 0.075 0.267578125
1 0.8359375 0.56640625 0.075 0.24609375
3 0.0953125 0.4580078125 0.125 0.068359375
3 0.13984375 0.451171875 0.0953125 0.07421875
3 0.20546875 0.4580078125 0.0484375 0.052734375
3 0.21171875 0.4501953125 0.0796875 0.064453125
3 0.29140625 0.458984375 0.0828125 0.05078125
3 0.31171875 0.4521484375 0.0640625 0.044921875
3 0.39453125 0.4580078125 0.0578125 0.033203125
3 0.42109375 0.4580078125 0.0265625 0.029296875
3 0.44140625 0.4541015625 0.0234375 0.025390625
3 0.4859375 0.45703125 0.015625 0.015625
3 0.4578125 0.4560546875 0.0125 0.017578125
3 0.49609375 0.4560546875 0.0046875 0.013671875
3 0.50234375 0.455078125 0.0078125 0.01171875
3 0.50703125 0.4541015625 0.0046875 0.009765625
3 0.54140625 0.462890625 0.0265625 0.02734375
3 0.5109375 0.453125 0.00625 0.0078125
3 0.92578125 0.689453125 0.1453125 0.32421875
3 0.7546875 0.5263671875 0.14375 0.173828125
3 0.69296875 0.5146484375 0.0578125 0.111328125
3 0.6640625 0.505859375 0.0625 0.08203125
3 0.6375 0.49609375 0.05 0.06640625
3 0.60546875 0.48046875 0.0453125 0.04296875
3 0.59765625 0.4736328125 0.0390625 0.044921875
3 0.58125 0.466796875 0.028125 0.0390625
3 0.56875 0.46484375 0.01875 0.03125
3 0.5609375 0.4619140625 0.0125 0.029296875
