1 0.1125 0.4970703125 0.01875 0.087890625
1 0.13828125 0.4970703125 0.0203125 0.083984375
1 0.453125 0.4736328125 0.009375 0.033203125
2 0.0234375 0.634765625 0.046875 0.1328125
2 0.14921875 0.51953125 0.0296875 0.0546875
2 0.371875 0.6123046875 0.065625 0.142578125
3 0.27265625 0.4873046875 0.0640625 0.064453125
3 0.3078125 0.4853515625 0.01875 0.052734375
3 0.31875 0.4833984375 0.015625 0.041015625
3 0.328125 0.4794921875 0.015625 0.037109375
3 0.32734375 0.462890625 0.0328125 0.03125
3 0.3515625 0.462890625 0.01875 0.0234375
3 0.36953125 0.4580078125 0.0203125 0.021484375
3 0.38125 0.4580078125 0.00625 0.017578125
3 0.4171875 0.46484375 0.021875 0.0234375
3 0.39375 0.4541015625 0.00625 0.013671875
3 0.4 0.4521484375 0.009375 0.013671875
3 0.40546875 0.44921875 0.0078125 0.01171875
3 0.44765625 0.4541015625 0.0109375 0.013671875
3 0.4515625 0.462890625 0.0125 0.01953125
3 0.5109375 0.49609375 0.071875 0.0703125
3 0.48359375 0.4765625 0.0296875 0.0546875
3 0.465625 0.474609375 0.015625 0.046875
1 0.02265625 0.5888671875 0.0453125 0.185546875
1 0.14921875 0.49609375 0.0296875 0.0859375
1 0.37265625 0.55859375 0.0640625 0.1953125
1 0.49765625 0.55078125 0.0421875 0.1796875
79 0.5125 0.4482421875 0.034375 0.025390625
79 0.49375 0.6455078125 0.025 0.021484375
12 0.18046875 0.400390625 0.0203125 0.03125
12 0.18046875 0.421875 0.0140625 0.0078125
