12 0.41484375 0.4990234375 0.0109375 0.025390625
12 0.41484375 0.4794921875 0.0109375 0.013671875
12 0.34375 0.416015625 0.021875 0.02734375
1 0.625 0.5341796875 0.009375 0.025390625
1 0.928125 0.5458984375 0.01875 0.068359375
1 0.96875 0.5576171875 0.025 0.076171875
3 0.13984375 0.5546875 0.2203125 0.22265625
3 0.31953125 0.5283203125 0.1765625 0.197265625
3 0.42890625 0.53125 0.0421875 0.0390625
3 0.515625 0.5517578125 0.084375 0.099609375
3 0.590625 0.525390625 0.025 0.03125
3 0.4703125 0.6220703125 0.178125 0.173828125
3 0.8125 0.6025390625 0.1625 0.123046875
