6 0.60703125 0.3837890625 0.1265625 0.072265625
10 0.76484375 0.3837890625 0.0140625 0.041015625
12 0.18671875 0.435546875 0.0234375 0.02734375
12 0.18828125 0.462890625 0.0171875 0.0234375
12 0.3953125 0.4267578125 0.009375 0.017578125
12 0.39609375 0.447265625 0.0109375 0.01953125
12 0.8203125 0.4140625 0.028125 0.01171875
12 0.71171875 0.4375 0.0109375 0.01171875
12 0.746875 0.4384765625 0.00625 0.009765625
12 0.27890625 0.4658203125 0.0109375 0.017578125
1 0.034375 0.56640625 0.025 0.109375
1 0.0078125 0.56640625 0.015625 0.10546875
1 0.17734375 0.5458984375 0.0140625 0.064453125
1 0.12109375 0.5458984375 0.0203125 0.052734375
1 0.1015625 0.5419921875 0.015625 0.056640625
1 0.37890625 0.5 0.0078125 0.03125
1 0.34375 0.4951171875 0.00625 0.025390625
1 0.409375 0.4912109375 0.009375 0.025390625
1 0.41796875 0.4921875 0.0078125 0.0234375
1 0.4265625 0.4921875 0.009375 0.0234375
1 0.35625 0.4990234375 0.009375 0.025390625
3 0.58515625 0.6044921875 0.2984375 0.384765625
3 0.89296875 0.580078125 0.2078125 0.21484375
3 0.8046875 0.5458984375 0.075 0.142578125
3 0.76015625 0.533203125 0.0703125 0.1171875
3 0.73515625 0.5126953125 0.0453125 0.107421875
3 0.28359375 0.5458984375 0.0953125 0.099609375
3 0.82421875 0.4560546875 0.0359375 0.025390625
3 0.771875 0.462890625 0.021875 0.01953125
3 0.8828125 0.4619140625 0.028125 0.029296875
