10 0.35546875 0.240234375 0.0109375 0.04296875
10 0.3734375 0.3935546875 0.003125 0.009765625
10 0.4125 0.3955078125 0.003125 0.009765625
10 0.4359375 0.396484375 0.003125 0.0078125
10 0.61328125 0.3544921875 0.0109375 0.037109375
10 0.98203125 0.26953125 0.0203125 0.06640625
10 0.871875 0.203125 0.025 0.09375
10 0.83046875 0.220703125 0.0171875 0.08203125
10 0.846875 0.3232421875 0.015625 0.037109375
10 0.71171875 0.34375 0.0109375 0.0390625
10 0.71875 0.3935546875 0.009375 0.017578125
10 0.61640625 0.3984375 0.0109375 0.015625
12 0.22890625 0.2275390625 0.0203125 0.029296875
12 0.48203125 0.302734375 0.0703125 0.015625
12 0.425 0.4228515625 0.003125 0.009765625
12 0.44921875 0.404296875 0.0109375 0.00390625
12 0.521875 0.40625 0.009375 0.0234375
12 0.5234375 0.42578125 0.009375 0.015625
12 0.54765625 0.400390625 0.0078125 0.01171875
12 0.35859375 0.40234375 0.0140625 0.00390625
1 0.33203125 0.4560546875 0.0328125 0.080078125
2 0.2234375 0.4833984375 0.0875 0.076171875
3 0.09453125 0.4970703125 0.1890625 0.150390625
3 0.965625 0.4580078125 0.065625 0.048828125
3 0.959375 0.4384765625 0.071875 0.041015625
3 0.8984375 0.45703125 0.0625 0.0546875
3 0.671875 0.4521484375 0.05625 0.037109375
3 0.58828125 0.4541015625 0.0234375 0.033203125
3 0.5546875 0.44921875 0.034375 0.0234375
3 0.71171875 0.435546875 0.0359375 0.01953125
3 0.659375 0.4287109375 0.028125 0.013671875
1 0.21796875 0.4501953125 0.0546875 0.091796875
