10 0.8921875 0.359375 0.025 0.02734375
10 0.88671875 0.271484375 0.0203125 0.078125
10 0.18671875 0.2412109375 0.0203125 0.072265625
10 0.178125 0.3310546875 0.01875 0.029296875
12 0.9140625 0.333984375 0.0625 0.01953125
12 0.315625 0.4599609375 0.0125 0.025390625
1 0.58359375 0.46484375 0.0484375 0.12890625
1 0.2609375 0.4560546875 0.021875 0.064453125
1 0.23125 0.447265625 0.009375 0.03125
1 0.2453125 0.453125 0.009375 0.01953125
1 0.01328125 0.4306640625 0.0265625 0.162109375
2 0.1484375 0.455078125 0.05 0.04296875
2 0.1125 0.44921875 0.046875 0.05078125
3 0.8 0.4912109375 0.396875 0.208984375
3 0.68984375 0.4365234375 0.0828125 0.037109375
3 0.5546875 0.4560546875 0.040625 0.064453125
3 0.53125 0.4658203125 0.01875 0.033203125
3 0.50703125 0.46484375 0.0203125 0.02734375
3 0.48203125 0.4619140625 0.0328125 0.033203125
3 0.4609375 0.4619140625 0.0125 0.025390625
3 0.4390625 0.4580078125 0.015625 0.017578125
3 0.39375 0.4619140625 0.025 0.041015625
3 0.41015625 0.4599609375 0.0171875 0.029296875
3 0.37421875 0.4560546875 0.0234375 0.060546875
3 0.35390625 0.4560546875 0.0484375 0.064453125
3 0.3203125 0.4677734375 0.090625 0.068359375
12 0.31484375 0.4267578125 0.0109375 0.017578125
