10 0.0375 0.5654296875 0.025 0.083984375
10 0.02890625 0.1826171875 0.0546875 0.166015625
10 0.85234375 0.4697265625 0.0265625 0.037109375
10 0.29609375 0.5439453125 0.0078125 0.009765625
12 0.2546875 0.3603515625 0.03125 0.083984375
1 0.95546875 0.576171875 0.0484375 0.140625
1 0.78671875 0.61328125 0.0484375 0.17578125
1 0.88203125 0.5537109375 0.0328125 0.107421875
1 0.84921875 0.5595703125 0.0296875 0.099609375
1 0.73203125 0.544921875 0.0203125 0.07421875
1 0.5390625 0.5390625 0.0125 0.03125
1 0.5125 0.5302734375 0.00625 0.021484375
1 0.17265625 0.556640625 0.0109375 0.04296875
3 0.25859375 0.6083984375 0.1140625 0.103515625
3 0.19140625 0.6005859375 0.0703125 0.076171875
3 0.36953125 0.5654296875 0.0453125 0.044921875
3 0.31875 0.5576171875 0.046875 0.048828125
3 0.38359375 0.5556640625 0.0296875 0.033203125
3 0.47421875 0.548828125 0.0296875 0.02734375
3 0.4375 0.544921875 0.025 0.02734375
3 0.45859375 0.5390625 0.0109375 0.01953125
3 0.440625 0.5263671875 0.009375 0.009765625
