10 0.08125 0.345703125 0.0125 0.046875
10 0.11015625 0.3916015625 0.0140625 0.021484375
10 0.61796875 0.3818359375 0.0171875 0.017578125
10 0.621875 0.3369140625 0.015625 0.056640625
10 0.93359375 0.171875 0.0578125 0.08984375
10 0.828125 0.326171875 0.01875 0.05859375
12 0.98515625 0.0830078125 0.0265625 0.060546875
12 0.56953125 0.3818359375 0.0109375 0.013671875
1 0.32890625 0.4580078125 0.0078125 0.037109375
1 0.33515625 0.4580078125 0.0078125 0.033203125
1 0.3421875 0.4580078125 0.00625 0.033203125
1 0.62265625 0.4521484375 0.0265625 0.087890625
1 0.90234375 0.490234375 0.0703125 0.328125
1 0.85234375 0.4853515625 0.0640625 0.376953125
3 0.46875 0.453125 0.0125 0.01171875
3 0.48359375 0.4521484375 0.0109375 0.017578125
3 0.49609375 0.4521484375 0.0140625 0.017578125
3 0.54453125 0.458984375 0.0421875 0.046875
3 0.26015625 0.4609375 0.0609375 0.0546875
3 0.4265625 0.4482421875 0.071875 0.076171875
3 0.96484375 0.4833984375 0.0671875 0.076171875
11 0.60703125 0.46875 0.0109375 0.04296875
