12 0.7453125 0.26171875 0.059375 0.07421875
12 0.74609375 0.3203125 0.0609375 0.0390625
12 0.60546875 0.384765625 0.0328125 0.0078125
12 0.578125 0.416015625 0.009375 0.015625
12 0.25 0.416015625 0.015625 0.03515625
12 0.3203125 0.486328125 0.021875 0.08203125
3 0.7265625 0.46484375 0.096875 0.078125
3 0.63828125 0.474609375 0.1765625 0.08203125
3 0.45390625 0.4677734375 0.0359375 0.037109375
3 0.40703125 0.4658203125 0.0171875 0.021484375
3 0.37265625 0.4736328125 0.0171875 0.021484375
3 0.3390625 0.4736328125 0.025 0.029296875
3 0.1875 0.4873046875 0.1125 0.103515625
1 0.9859375 0.4775390625 0.025 0.134765625
