6 0.43515625 0.453125 0.0984375 0.04296875
6 0.5171875 0.4453125 0.065625 0.08203125
6 0.890625 0.4228515625 0.215625 0.134765625
1 0.17109375 0.48828125 0.0140625 0.05078125
1 0.128125 0.4912109375 0.015625 0.029296875
1 0.11484375 0.494140625 0.0140625 0.0546875
1 0.35390625 0.466796875 0.0078125 0.01953125
1 0.465625 0.46484375 0.015625 0.05078125
1 0.55234375 0.4599609375 0.0140625 0.041015625
1 0.66328125 0.470703125 0.0234375 0.10546875
1 0.628125 0.466796875 0.03125 0.1171875
1 0.60234375 0.4541015625 0.0140625 0.048828125
1 0.57578125 0.4560546875 0.0140625 0.052734375
1 0.5859375 0.4560546875 0.0125 0.048828125
1 0.8296875 0.48046875 0.046875 0.2109375
2 0.45859375 0.4794921875 0.0140625 0.037109375
3 0.95 0.486328125 0.096875 0.11328125
3 0.921875 0.4482421875 0.153125 0.146484375
3 0.846875 0.4482421875 0.128125 0.107421875
1 0.38359375 0.4794921875 0.0328125 0.107421875
1 0.4578125 0.4677734375 0.015625 0.056640625
11 0.340625 0.4775390625 0.00625 0.017578125
79 0.38125 0.5361328125 0.015625 0.013671875
6 0.68359375 0.431640625 0.1203125 0.1015625
