10 0.815625 0.3173828125 0.01875 0.072265625
10 0.6515625 0.41015625 0.015625 0.01953125
10 0.64921875 0.3505859375 0.0171875 0.052734375
10 0.39921875 0.23046875 0.0203125 0.0546875
12 0.6375 0.2724609375 0.04375 0.021484375
12 0.4484375 0.2216796875 0.028125 0.037109375
1 0.7953125 0.486328125 0.028125 0.09375
1 0.759375 0.490234375 0.028125 0.09765625
1 0.74609375 0.470703125 0.0171875 0.0859375
3 0.49765625 0.470703125 0.0078125 0.0078125
3 0.490625 0.470703125 0.00625 0.0078125
3 0.509375 0.4697265625 0.009375 0.009765625
3 0.475 0.470703125 0.009375 0.01171875
3 0.46328125 0.4716796875 0.0078125 0.009765625
3 0.43828125 0.4755859375 0.0109375 0.009765625
3 0.3640625 0.4912109375 0.053125 0.048828125
3 0.2515625 0.5009765625 0.071875 0.060546875
3 0.21328125 0.4990234375 0.0390625 0.048828125
3 0.1171875 0.5107421875 0.10625 0.068359375
3 0.03125 0.5185546875 0.0625 0.064453125
