12 0.05078125 0.30078125 0.0453125 0.0234375
12 0.04921875 0.3427734375 0.0484375 0.060546875
12 0.04609375 0.3876953125 0.0546875 0.025390625
12 0.1703125 0.435546875 0.04375 0.078125
12 0.59140625 0.4697265625 0.0109375 0.017578125
12 0.5765625 0.490234375 0.021875 0.0078125
12 0.590625 0.5087890625 0.01875 0.021484375
12 0.58984375 0.52734375 0.0140625 0.015625
1 0.47890625 0.5546875 0.0078125 0.02734375
1 0.45859375 0.544921875 0.0046875 0.01171875
1 0.471875 0.552734375 0.00625 0.015625
1 0.7328125 0.556640625 0.03125 0.05078125
4 0.3453125 0.6181640625 0.059375 0.091796875
4 0.29765625 0.62109375 0.1046875 0.12890625
3 0.52421875 0.5625 0.0296875 0.03515625
3 0.5140625 0.556640625 0.025 0.03125
3 0.5875 0.609375 0.075 0.0859375
3 0.6234375 0.6181640625 0.0625 0.103515625
3 0.66171875 0.625 0.1015625 0.1171875
3 0.7203125 0.6728515625 0.18125 0.185546875
3 0.8515625 0.744140625 0.29375 0.28515625
3 0.49609375 0.5615234375 0.0109375 0.013671875
3 0.55078125 0.5830078125 0.0234375 0.056640625
3 0.584375 0.595703125 0.071875 0.08984375
1 0.346875 0.578125 0.025 0.0625
