6 0.1015625 0.5146484375 0.175 0.224609375
1 0.98125 0.5 0.034375 0.10546875
1 0.45625 0.5244140625 0.021875 0.060546875
1 0.44765625 0.5224609375 0.0140625 0.048828125
1 0.3609375 0.5107421875 0.0125 0.021484375
1 0.42578125 0.5263671875 0.0171875 0.052734375
1 0.23828125 0.541015625 0.0140625 0.05078125
1 0.22890625 0.5400390625 0.0109375 0.048828125
4 0.0265625 0.666015625 0.053125 0.19140625
3 0.2 0.5419921875 0.028125 0.033203125
3 0.50859375 0.529296875 0.0765625 0.0703125
1 0.021875 0.6259765625 0.04375 0.205078125
