10 0.7765625 0.0849609375 0.06875 0.169921875
10 0.990625 0.0908203125 0.015625 0.083984375
10 0.71171875 0.3623046875 0.0140625 0.041015625
10 0.7390625 0.4033203125 0.0125 0.017578125
10 0.515625 0.373046875 0.009375 0.03515625
10 0.34921875 0.27734375 0.0109375 0.0390625
10 0.23359375 0.26953125 0.0109375 0.03515625
12 0.80390625 0.36328125 0.0265625 0.046875
12 0.26015625 0.263671875 0.0171875 0.01953125
12 0.509375 0.314453125 0.01875 0.015625
1 0.925 0.4736328125 0.046875 0.154296875
1 0.8953125 0.47265625 0.046875 0.15625
1 0.98203125 0.46484375 0.0328125 0.16015625
1 0.54375 0.4560546875 0.0125 0.041015625
1 0.55546875 0.46875 0.0109375 0.046875
2 0.68671875 0.59375 0.0921875 0.21484375
3 0.81875 0.45703125 0.125 0.07421875
3 0.35546875 0.6220703125 0.5078125 0.466796875
1 0.71171875 0.5205078125 0.1359375 0.287109375
1 0.0171875 0.4775390625 0.025 0.060546875
2 0.0171875 0.48828125 0.025 0.0390625
