1 0.928125 0.4931640625 0.021875 0.068359375
1 0.46328125 0.474609375 0.0171875 0.05078125
1 0.49140625 0.4775390625 0.0171875 0.044921875
2 0.94609375 0.5439453125 0.1046875 0.119140625
2 0.46328125 0.4873046875 0.0171875 0.033203125
2 0.490625 0.48828125 0.015625 0.03125
3 0.45078125 0.4501953125 0.0140625 0.017578125
3 0.4390625 0.4482421875 0.0125 0.013671875
3 0.4265625 0.447265625 0.0125 0.01171875
3 0.41328125 0.4482421875 0.0109375 0.013671875
3 0.4640625 0.4521484375 0.015625 0.013671875
3 0.4875 0.4580078125 0.025 0.029296875
3 0.50390625 0.4658203125 0.0171875 0.029296875
3 0.521875 0.46484375 0.028125 0.04296875
3 0.54609375 0.474609375 0.0484375 0.05078125
3 0.38828125 0.447265625 0.0203125 0.01953125
3 0.3796875 0.466796875 0.0375 0.03515625
3 0.28984375 0.49609375 0.0796875 0.08984375
3 0.1921875 0.5146484375 0.1375 0.150390625
3 0.0890625 0.548828125 0.178125 0.1875
3 0.67890625 0.5146484375 0.1046875 0.103515625
3 0.80546875 0.5712890625 0.2203125 0.193359375
3 0.959375 0.759765625 0.078125 0.23828125
