2 0.33984375 0.6865234375 0.0890625 0.197265625
2 0.4234375 0.494140625 0.01875 0.04296875
3 0.896875 0.712890625 0.203125 0.3984375
3 0.08671875 0.6376953125 0.1734375 0.248046875
3 0.18671875 0.5673828125 0.1609375 0.162109375
3 0.32265625 0.5029296875 0.1015625 0.107421875
3 0.36171875 0.482421875 0.0609375 0.078125
3 0.39375 0.4775390625 0.03125 0.068359375
3 0.4015625 0.4677734375 0.046875 0.072265625
3 0.440625 0.4658203125 0.028125 0.052734375
3 0.47109375 0.4482421875 0.0328125 0.033203125
3 0.4953125 0.4443359375 0.025 0.025390625
3 0.503125 0.44140625 0.025 0.03125
3 0.51796875 0.4404296875 0.0109375 0.021484375
3 0.5265625 0.439453125 0.015625 0.01953125
3 0.5328125 0.4384765625 0.0125 0.017578125
3 0.54140625 0.4375 0.0140625 0.01953125
3 0.55 0.4365234375 0.009375 0.017578125
3 0.559375 0.435546875 0.015625 0.015625
3 0.5671875 0.43359375 0.009375 0.015625
3 0.57265625 0.4326171875 0.0078125 0.013671875
3 0.5828125 0.4326171875 0.015625 0.013671875
3 0.60078125 0.4443359375 0.0265625 0.033203125
3 0.590625 0.4521484375 0.028125 0.033203125
3 0.62109375 0.4287109375 0.0140625 0.025390625
3 0.625 0.44921875 0.021875 0.01953125
3 0.61171875 0.486328125 0.0390625 0.0546875
3 0.65078125 0.4892578125 0.0765625 0.068359375
3 0.6640625 0.51171875 0.08125 0.08203125
3 0.72734375 0.537109375 0.1265625 0.11328125
3 0.68125 0.439453125 0.025 0.03125
1 0.33359375 0.6064453125 0.1015625 0.251953125
1 0.42421875 0.4765625 0.0203125 0.06640625
1 0.928125 0.7236328125 0.140625 0.458984375
