10 0.4296875 0.1650390625 0.01875 0.052734375
10 0.49921875 0.1455078125 0.0171875 0.056640625
10 0.6265625 0.19140625 0.01875 0.09375
10 0.6390625 0.3173828125 0.028125 0.041015625
10 0.684375 0.3095703125 0.034375 0.044921875
10 0.00546875 0.28125 0.0109375 0.03515625
10 0.08828125 0.3349609375 0.0140625 0.060546875
12 0.46015625 0.15625 0.0109375 0.03125
12 0.084375 0.38671875 0.015625 0.015625
12 0.1328125 0.3330078125 0.0125 0.021484375
1 0.2234375 0.44921875 0.021875 0.07421875
1 0.24375 0.451171875 0.021875 0.078125
1 0.2671875 0.455078125 0.021875 0.0703125
1 0.31015625 0.453125 0.0234375 0.07421875
1 0.33203125 0.451171875 0.0265625 0.078125
1 0.36328125 0.451171875 0.0203125 0.078125
1 0.37578125 0.4580078125 0.0234375 0.091796875
1 0.39375 0.4599609375 0.01875 0.091796875
1 0.41015625 0.46875 0.0328125 0.1171875
1 0.45859375 0.46875 0.0234375 0.1015625
1 0.4796875 0.4736328125 0.034375 0.115234375
1 0.528125 0.466796875 0.028125 0.09765625
1 0.8390625 0.4755859375 0.053125 0.208984375
1 0.80078125 0.4853515625 0.0609375 0.197265625
1 0.67421875 0.443359375 0.0296875 0.078125
3 0.51328125 0.4521484375 0.1796875 0.080078125
3 0.1078125 0.55078125 0.215625 0.2734375
