3 0.57578125 0.4921875 0.1046875 0.09375
3 0.5203125 0.484375 0.0375 0.05078125
3 0.5046875 0.482421875 0.021875 0.04296875
3 0.4796875 0.478515625 0.03125 0.03125
3 0.3671875 0.4736328125 0.046875 0.044921875
3 0.33984375 0.4755859375 0.0234375 0.029296875
3 0.26640625 0.48828125 0.0515625 0.046875
3 0.18671875 0.4970703125 0.0828125 0.083984375
3 0.0921875 0.4921875 0.040625 0.04296875
3 0.39296875 0.4794921875 0.0109375 0.025390625
3 0.415625 0.4833984375 0.0125 0.009765625
3 0.27578125 0.4755859375 0.0640625 0.033203125
3 0.64765625 0.466796875 0.0421875 0.03515625
3 0.7296875 0.4580078125 0.071875 0.044921875
