12 0.703125 0.416015625 0.015625 0.00390625
12 0.703125 0.4208984375 0.009375 0.005859375
12 0.6234375 0.4248046875 0.00625 0.009765625
12 0.62421875 0.4345703125 0.0046875 0.009765625
12 0.47421875 0.419921875 0.0171875 0.0234375
12 0.1234375 0.3955078125 0.00625 0.060546875
1 0.70078125 0.46484375 0.0140625 0.05078125
1 0.671875 0.4677734375 0.0125 0.048828125
1 0.54453125 0.474609375 0.0140625 0.0546875
1 0.540625 0.4755859375 0.0125 0.056640625
1 0.53203125 0.47265625 0.0109375 0.0625
1 0.52265625 0.4765625 0.0140625 0.05859375
1 0.5109375 0.4697265625 0.0125 0.060546875
1 0.50078125 0.4599609375 0.0109375 0.033203125
1 0.4671875 0.44921875 0.015625 0.015625
1 0.36171875 0.44921875 0.0140625 0.015625
1 0.3 0.458984375 0.015625 0.02734375
1 0.2828125 0.44921875 0.015625 0.0234375
2 0.71875 0.4755859375 0.01875 0.029296875
3 0.56328125 0.470703125 0.0296875 0.03515625
3 0.4578125 0.482421875 0.090625 0.0546875
3 0.36328125 0.486328125 0.1015625 0.0625
3 0.259375 0.4921875 0.10625 0.07421875
3 0.14765625 0.50390625 0.1390625 0.09375
3 0.040625 0.5107421875 0.08125 0.103515625
3 0.7546875 0.4638671875 0.046875 0.041015625
1 0.71953125 0.4619140625 0.0203125 0.041015625
