10 0.2421875 0.3662109375 0.01875 0.068359375
10 0.31484375 0.3505859375 0.0140625 0.033203125
10 0.6921875 0.3818359375 0.00625 0.017578125
12 0.1703125 0.46875 0.053125 0.06640625
12 0.17109375 0.5126953125 0.0421875 0.025390625
12 0.43515625 0.388671875 0.0265625 0.03125
12 0.4375 0.4189453125 0.028125 0.029296875
12 0.4390625 0.44921875 0.028125 0.03125
12 0.5109375 0.435546875 0.009375 0.03125
12 0.8640625 0.392578125 0.046875 0.0703125
12 0.58203125 0.4375 0.0109375 0.01171875
12 0.58203125 0.44921875 0.0109375 0.01171875
12 0.58203125 0.4599609375 0.0109375 0.009765625
12 0.59765625 0.4404296875 0.0140625 0.005859375
12 0.59765625 0.4482421875 0.0140625 0.005859375
12 0.59765625 0.4560546875 0.0140625 0.005859375
1 0.72109375 0.4912109375 0.0140625 0.037109375
3 0.09453125 0.5478515625 0.0515625 0.044921875
3 0.26796875 0.5390625 0.0828125 0.0703125
3 0.7453125 0.4814453125 0.028125 0.033203125
3 0.78828125 0.513671875 0.0921875 0.08984375
3 0.90078125 0.5908203125 0.1953125 0.255859375
3 0.6890625 0.4736328125 0.015625 0.013671875
3 0.69921875 0.4814453125 0.0234375 0.021484375
3 0.67109375 0.486328125 0.0484375 0.015625
3 0.653125 0.564453125 0.140625 0.15234375
3 0.571875 0.50390625 0.0625 0.07421875
3 0.61328125 0.4853515625 0.0203125 0.025390625
3 0.4796875 0.4912109375 0.01875 0.017578125
3 0.49453125 0.490234375 0.0171875 0.01953125
3 0.5125 0.48828125 0.021875 0.01953125
3 0.42890625 0.568359375 0.1703125 0.1640625
3 0.125 0.7919921875 0.25 0.396484375
3 0.5265625 0.4873046875 0.0125 0.017578125
3 0.53203125 0.4853515625 0.0078125 0.013671875
3 0.53515625 0.482421875 0.0078125 0.01171875
3 0.91484375 0.455078125 0.0421875 0.0234375
3 0.65625 0.47265625 0.0125 0.01171875
