10 0.64453125 0.2880859375 0.0109375 0.048828125
10 0.84375 0.2685546875 0.021875 0.060546875
10 0.89140625 0.3427734375 0.0203125 0.025390625
10 0.84921875 0.34375 0.0171875 0.0234375
12 0.50859375 0.3837890625 0.0078125 0.013671875
12 0.5078125 0.3662109375 0.009375 0.013671875
12 0.50859375 0.3955078125 0.0046875 0.009765625
12 0.64921875 0.337890625 0.0359375 0.01171875
2 0.51171875 0.4638671875 0.1140625 0.064453125
2 0.49140625 0.4384765625 0.0328125 0.083984375
2 0.81171875 0.4580078125 0.0859375 0.064453125
8 0.61875 0.4150390625 0.059375 0.076171875
3 0.32109375 0.447265625 0.0828125 0.0703125
3 0.3234375 0.4111328125 0.071875 0.037109375
3 0.36484375 0.431640625 0.0265625 0.05078125
3 0.3796875 0.427734375 0.028125 0.05078125
3 0.4234375 0.376953125 0.0125 0.015625
3 0.42578125 0.400390625 0.0140625 0.015625
3 0.44375 0.3974609375 0.0125 0.017578125
3 0.45 0.4052734375 0.01875 0.017578125
3 0.453125 0.4111328125 0.01875 0.021484375
3 0.459375 0.42578125 0.01875 0.0234375
3 0.48203125 0.4287109375 0.0421875 0.044921875
1 0.5203125 0.4375 0.040625 0.08203125
1 0.81328125 0.427734375 0.0328125 0.0859375
11 0.1265625 0.45703125 0.0125 0.046875
