1 0.01328125 0.4775390625 0.0265625 0.115234375
1 0.08046875 0.46875 0.0328125 0.1171875
1 0.2015625 0.4755859375 0.015625 0.052734375
1 0.80390625 0.4404296875 0.0171875 0.041015625
1 0.759375 0.455078125 0.021875 0.03125
1 0.69453125 0.44921875 0.0171875 0.0234375
1 0.5375 0.4677734375 0.0125 0.052734375
1 0.94765625 0.4814453125 0.0546875 0.185546875
1 0.978125 0.4755859375 0.040625 0.201171875
1 0.52578125 0.4677734375 0.0109375 0.041015625
1 0.4265625 0.4599609375 0.00625 0.021484375
2 0.18125 0.4912109375 0.028125 0.048828125
2 0.45234375 0.5048828125 0.0328125 0.064453125
2 0.4890625 0.5322265625 0.025 0.087890625
2 0.57734375 0.5283203125 0.0421875 0.103515625
2 0.690625 0.5 0.046875 0.078125
2 0.6640625 0.4912109375 0.040625 0.095703125
2 0.62421875 0.478515625 0.0265625 0.109375
2 0.97421875 0.548828125 0.0484375 0.140625
3 0.2546875 0.4921875 0.096875 0.0703125
3 0.2984375 0.484375 0.040625 0.05859375
3 0.3171875 0.4794921875 0.01875 0.044921875
3 0.384375 0.46484375 0.015625 0.015625
1 0.45078125 0.482421875 0.0359375 0.09765625
1 0.4890625 0.486328125 0.040625 0.15234375
1 0.5796875 0.48046875 0.05625 0.171875
