10 0.27734375 0.390625 0.0046875 0.015625
10 0.32265625 0.3876953125 0.0046875 0.017578125
10 0.36875 0.3984375 0.003125 0.01171875
10 0.3421875 0.3984375 0.003125 0.01171875
10 0.41484375 0.4267578125 0.0046875 0.013671875
12 0.8359375 0.3818359375 0.021875 0.052734375
12 0.67109375 0.412109375 0.0078125 0.0234375
12 0.5453125 0.357421875 0.0375 0.05859375
12 0.31328125 0.3876953125 0.0078125 0.009765625
12 0.4125 0.4091796875 0.00625 0.005859375
1 0.7390625 0.4384765625 0.0125 0.029296875
1 0.72578125 0.435546875 0.0078125 0.03515625
1 0.58359375 0.45703125 0.0140625 0.046875
1 0.5671875 0.453125 0.015625 0.0546875
3 0.41171875 0.4736328125 0.0546875 0.060546875
3 0.3578125 0.453125 0.0125 0.015625
3 0.315625 0.4697265625 0.05 0.060546875
3 0.25390625 0.490234375 0.1078125 0.09375
3 0.18671875 0.4765625 0.0609375 0.05859375
3 0.15078125 0.4716796875 0.0203125 0.033203125
3 0.13359375 0.474609375 0.0296875 0.03515625
3 0.11640625 0.478515625 0.0296875 0.03515625
3 0.09765625 0.48046875 0.0296875 0.03515625
3 0.06796875 0.482421875 0.0484375 0.04296875
3 0.02265625 0.482421875 0.0453125 0.10546875
