12 0.75703125 0.541015625 0.0359375 0.015625
12 0.75703125 0.4931640625 0.0421875 0.060546875
12 0.6375 0.5283203125 0.01875 0.025390625
12 0.6390625 0.4990234375 0.021875 0.029296875
1 0.43125 0.5693359375 0.009375 0.021484375
1 0.4140625 0.576171875 0.0125 0.03125
1 0.6109375 0.59375 0.025 0.0625
1 0.70234375 0.580078125 0.0296875 0.046875
4 0.12109375 0.7578125 0.2203125 0.18359375
4 0.1671875 0.73046875 0.14375 0.12109375
4 0.2234375 0.7001953125 0.16875 0.146484375
4 0.2578125 0.6787109375 0.14375 0.115234375
4 0.30859375 0.658203125 0.0921875 0.09375
4 0.33359375 0.6435546875 0.0890625 0.091796875
4 0.4046875 0.6201171875 0.015625 0.041015625
3 0.56796875 0.6181640625 0.0484375 0.087890625
3 0.60390625 0.6318359375 0.0859375 0.107421875
3 0.646875 0.654296875 0.1125 0.1328125
3 0.6640625 0.69140625 0.0875 0.18359375
3 0.82890625 0.732421875 0.3390625 0.34765625
3 0.90234375 0.8046875 0.1921875 0.38671875
