2 0.1140625 0.5146484375 0.05 0.083984375
2 0.1375 0.513671875 0.028125 0.07421875
2 0.1703125 0.5126953125 0.03125 0.080078125
2 0.1953125 0.5048828125 0.028125 0.083984375
2 0.27578125 0.4921875 0.0296875 0.0625
2 0.2921875 0.4873046875 0.01875 0.048828125
2 0.309375 0.4873046875 0.01875 0.037109375
3 0.05546875 0.486328125 0.1109375 0.10546875
3 0.21171875 0.4638671875 0.0640625 0.076171875
3 0.321875 0.46484375 0.025 0.03125
3 0.490625 0.466796875 0.01875 0.0390625
3 0.49921875 0.4697265625 0.0203125 0.048828125
3 0.53515625 0.470703125 0.0703125 0.0703125
1 0.36953125 0.466796875 0.0109375 0.0390625
1 0.35546875 0.462890625 0.0171875 0.05078125
1 0.33984375 0.4619140625 0.0140625 0.037109375
1 0.309375 0.47265625 0.01875 0.0546875
1 0.2921875 0.458984375 0.015625 0.06640625
1 0.27578125 0.4677734375 0.0296875 0.083984375
1 0.19765625 0.470703125 0.0296875 0.09765625
1 0.14609375 0.482421875 0.0328125 0.1171875
1 0.115625 0.4853515625 0.05 0.138671875
1 0.16875 0.48046875 0.028125 0.14453125
2 0.35546875 0.4765625 0.0171875 0.03125
2 0.3390625 0.4736328125 0.0125 0.029296875
