6 0.71328125 0.453125 0.1140625 0.0546875
10 0.1515625 0.408203125 0.01875 0.05078125
10 0.79921875 0.4033203125 0.0046875 0.005859375
3 0.16328125 0.6591796875 0.3265625 0.326171875
3 0.9703125 0.6865234375 0.05625 0.208984375
3 0.315625 0.5 0.01875 0.0234375
3 0.46015625 0.515625 0.0640625 0.0625
3 0.52109375 0.5224609375 0.0703125 0.072265625
3 0.54453125 0.4921875 0.0296875 0.03125
3 0.57578125 0.5 0.0453125 0.046875
3 0.6 0.4736328125 0.028125 0.021484375
3 0.66953125 0.4755859375 0.0453125 0.017578125
3 0.62421875 0.4833984375 0.0296875 0.033203125
3 0.64296875 0.470703125 0.0234375 0.01953125
3 0.66875 0.5361328125 0.1125 0.115234375
3 0.86796875 0.5263671875 0.1265625 0.111328125
3 0.79453125 0.5087890625 0.0703125 0.076171875
3 0.73359375 0.4853515625 0.0265625 0.041015625
3 0.75546875 0.4921875 0.0453125 0.05078125
3 0.72109375 0.4833984375 0.0265625 0.041015625
3 0.39765625 0.494140625 0.0140625 0.01953125
3 0.33671875 0.5078125 0.0109375 0.03515625
3 0.35546875 0.50390625 0.0171875 0.02734375
3 0.4390625 0.4912109375 0.0125 0.017578125
3 0.28203125 0.5068359375 0.0171875 0.017578125
3 0.47421875 0.4833984375 0.0171875 0.009765625
3 0.49453125 0.4833984375 0.0140625 0.017578125
3 0.834375 0.45703125 0.025 0.02734375
