1 0.44140625 0.4619140625 0.0140625 0.048828125
1 0.45234375 0.462890625 0.0109375 0.046875
1 0.47421875 0.4580078125 0.0078125 0.037109375
1 0.484375 0.4560546875 0.009375 0.033203125
3 0.075 0.55078125 0.15 0.17578125
3 0.88984375 0.50390625 0.0953125 0.09375
3 0.76875 0.56640625 0.2125 0.20703125
3 0.65078125 0.482421875 0.0953125 0.09375
3 0.60390625 0.46875 0.0421875 0.05859375
3 0.79609375 0.462890625 0.1234375 0.05859375
3 0.946875 0.494140625 0.059375 0.109375
3 0.27890625 0.4853515625 0.1171875 0.115234375
3 0.34765625 0.4833984375 0.0484375 0.072265625
3 0.35234375 0.4736328125 0.0546875 0.076171875
3 0.396875 0.470703125 0.04375 0.046875
3 0.4109375 0.4599609375 0.046875 0.056640625
3 0.4390625 0.458984375 0.021875 0.05078125
3 0.5125 0.4599609375 0.04375 0.041015625
3 0.46484375 0.4580078125 0.0203125 0.033203125
3 0.70390625 0.4560546875 0.0546875 0.048828125
3 0.5390625 0.462890625 0.0125 0.01953125
1 0.575 0.4697265625 0.025 0.087890625
1 0.553125 0.46875 0.01875 0.0703125
79 0.57265625 0.517578125 0.0140625 0.0078125
79 0.5546875 0.5078125 0.0125 0.0078125
