10 0.76015625 0.29296875 0.0328125 0.11328125
10 0.96875 0.1708984375 0.0125 0.060546875
10 0.7515625 0.51171875 0.0125 0.05078125
10 0.92109375 0.3984375 0.0234375 0.04296875
10 0.746875 0.408203125 0.0125 0.02734375
10 0.92734375 0.3525390625 0.0171875 0.048828125
12 0.6109375 0.3662109375 0.0625 0.013671875
12 0.61015625 0.3837890625 0.0640625 0.013671875
12 0.575 0.4052734375 0.065625 0.021484375
12 0.6125 0.42578125 0.065625 0.01171875
12 0.61640625 0.35546875 0.0140625 0.0078125
1 0.83984375 0.5068359375 0.0234375 0.083984375
3 0.575 0.7734375 0.44375 0.44921875
3 0.915625 0.5224609375 0.15 0.115234375
3 0.11484375 0.6240234375 0.2296875 0.341796875
3 0.2171875 0.501953125 0.065625 0.0390625
3 0.26484375 0.509765625 0.0578125 0.03125
