1 0.646875 0.5068359375 0.01875 0.056640625
2 0.7234375 0.56640625 0.05 0.109375
3 0.56875 0.61328125 0.2 0.23046875
3 0.2 0.677734375 0.30625 0.2890625
3 0.35078125 0.580078125 0.1421875 0.1640625
3 0.61953125 0.4970703125 0.0359375 0.044921875
3 0.5234375 0.4931640625 0.021875 0.017578125
3 0.534375 0.48828125 0.025 0.0234375
3 0.55 0.4873046875 0.015625 0.021484375
3 0.42578125 0.5048828125 0.0328125 0.033203125
3 0.43671875 0.501953125 0.0140625 0.03125
3 0.446875 0.501953125 0.0125 0.02734375
3 0.45546875 0.4990234375 0.0140625 0.025390625
3 0.49453125 0.4873046875 0.0140625 0.025390625
3 0.48515625 0.4921875 0.0109375 0.01953125
3 0.0125 0.556640625 0.025 0.0625
3 0.059375 0.5439453125 0.08125 0.064453125
3 0.11796875 0.5400390625 0.0421875 0.048828125
3 0.14921875 0.52734375 0.0328125 0.0390625
3 0.265625 0.509765625 0.01875 0.01953125
3 0.24921875 0.5126953125 0.0234375 0.025390625
3 0.4015625 0.4951171875 0.015625 0.017578125
3 0.37109375 0.4970703125 0.0234375 0.013671875
3 0.21953125 0.515625 0.0203125 0.0234375
1 0.725 0.5341796875 0.053125 0.158203125
1 0.72265625 0.537109375 0.0390625 0.1328125
