1 0.34375 0.49609375 0.06875 0.19921875
1 0.44453125 0.4921875 0.0421875 0.16796875
3 0.596875 0.501953125 0.2625 0.3359375
3 0.06875 0.5107421875 0.1375 0.326171875
3 0.20078125 0.48046875 0.2765625 0.234375
3 0.28046875 0.4697265625 0.1828125 0.162109375
3 0.415625 0.4697265625 0.1375 0.158203125
3 0.94375 0.517578125 0.109375 0.16015625
3 0.878125 0.486328125 0.240625 0.19140625
3 0.8046875 0.4736328125 0.134375 0.142578125
3 0.72421875 0.4775390625 0.0265625 0.068359375
3 0.37421875 0.482421875 0.0390625 0.125
