10 0.38359375 0.451171875 0.0046875 0.01953125
10 0.5671875 0.455078125 0.00625 0.01953125
1 0.09609375 0.4970703125 0.0171875 0.060546875
1 0.11484375 0.486328125 0.0203125 0.046875
1 0.15234375 0.5048828125 0.0203125 0.068359375
1 0.20703125 0.4931640625 0.0109375 0.025390625
1 0.9765625 0.5380859375 0.040625 0.142578125
1 0.89296875 0.521484375 0.0296875 0.0703125
2 0.5671875 0.5322265625 0.01875 0.044921875
3 0.05234375 0.5615234375 0.1046875 0.130859375
3 0.55546875 0.50390625 0.0171875 0.03125
3 0.509375 0.494140625 0.021875 0.0234375
3 0.49296875 0.4892578125 0.0140625 0.013671875
3 0.47890625 0.552734375 0.1265625 0.125
1 0.565625 0.51953125 0.015625 0.05859375
11 0.396875 0.5078125 0.00625 0.01953125
