12 0.2640625 0.376953125 0.034375 0.01171875
12 0.3109375 0.419921875 0.00625 0.015625
1 0.63359375 0.451171875 0.0109375 0.046875
1 0.5234375 0.455078125 0.00625 0.01953125
3 0.34296875 0.486328125 0.0578125 0.05078125
3 0.37421875 0.4755859375 0.0359375 0.044921875
3 0.39765625 0.4697265625 0.0203125 0.033203125
3 0.40625 0.46875 0.0125 0.0234375
3 0.446875 0.498046875 0.08125 0.06640625
3 0.58203125 0.4892578125 0.0578125 0.048828125
3 0.5484375 0.4833984375 0.028125 0.037109375
3 0.53359375 0.48046875 0.0171875 0.03515625
3 0.51875 0.4775390625 0.01875 0.025390625
3 0.51015625 0.4736328125 0.0140625 0.021484375
3 0.5015625 0.46875 0.015625 0.01953125
3 0.459375 0.4638671875 0.028125 0.017578125
3 0.91640625 0.515625 0.1640625 0.08984375
