3 0.8015625 0.515625 0.246875 0.21875
3 0.67109375 0.5048828125 0.1078125 0.142578125
3 0.61640625 0.4931640625 0.0828125 0.119140625
3 0.553125 0.486328125 0.071875 0.07421875
3 0.5203125 0.48046875 0.025 0.05859375
3 0.50390625 0.482421875 0.0234375 0.0390625
3 0.48515625 0.4755859375 0.0234375 0.025390625
3 0.46796875 0.4736328125 0.0171875 0.025390625
3 0.45390625 0.4765625 0.0109375 0.015625
3 0.43359375 0.4765625 0.0234375 0.0234375
3 0.41640625 0.4765625 0.0140625 0.015625
3 0.39609375 0.4765625 0.0140625 0.015625
3 0.384375 0.478515625 0.0125 0.015625
3 0.36640625 0.4794921875 0.0171875 0.021484375
3 0.371875 0.4765625 0.015625 0.0234375
3 0.35390625 0.48046875 0.0140625 0.0234375
3 0.34140625 0.48046875 0.0234375 0.03515625
3 0.31640625 0.4794921875 0.0546875 0.048828125
3 0.3078125 0.4892578125 0.025 0.041015625
3 0.2875 0.490234375 0.034375 0.05078125
3 0.271875 0.4951171875 0.040625 0.048828125
3 0.2515625 0.498046875 0.0375 0.05859375
3 0.21015625 0.498046875 0.0609375 0.0859375
3 0.178125 0.5078125 0.0625 0.09765625
3 0.1125 0.5087890625 0.096875 0.134765625
3 0.0453125 0.5283203125 0.090625 0.185546875
