12 0.43359375 0.404296875 0.0078125 0.0078125
12 0.525 0.3994140625 0.00625 0.013671875
1 0.440625 0.427734375 0.00625 0.01953125
1 0.44921875 0.427734375 0.0078125 0.01953125
1 0.46640625 0.42578125 0.0046875 0.01171875
1 0.52109375 0.421875 0.0046875 0.0078125
2 0.4359375 0.44140625 0.0125 0.01953125
2 0.51875 0.4736328125 0.01875 0.041015625
3 0.0375 0.6064453125 0.075 0.169921875
3 0.19609375 0.47265625 0.1140625 0.05859375
3 0.2796875 0.4921875 0.084375 0.08203125
3 0.3421875 0.4677734375 0.05625 0.048828125
3 0.36015625 0.4599609375 0.0390625 0.048828125
3 0.3796875 0.45703125 0.01875 0.0390625
3 0.384375 0.4521484375 0.021875 0.033203125
3 0.3953125 0.443359375 0.03125 0.03125
3 0.39921875 0.439453125 0.0265625 0.03125
3 0.41328125 0.4404296875 0.0140625 0.025390625
3 0.4109375 0.435546875 0.028125 0.03515625
3 0.42421875 0.4365234375 0.0140625 0.025390625
3 0.43046875 0.4365234375 0.0109375 0.021484375
3 0.45703125 0.427734375 0.0078125 0.01171875
3 0.46015625 0.4248046875 0.0078125 0.009765625
3 0.50234375 0.4267578125 0.0140625 0.013671875
3 0.49296875 0.4365234375 0.0265625 0.025390625
3 0.51484375 0.4375 0.0171875 0.02734375
3 0.53984375 0.4462890625 0.0328125 0.048828125
3 0.93046875 0.525390625 0.1359375 0.140625
3 0.88671875 0.4921875 0.1828125 0.11328125
3 0.840625 0.4853515625 0.153125 0.119140625
3 0.74375 0.486328125 0.125 0.08203125
3 0.66640625 0.4677734375 0.0703125 0.060546875
3 0.6234375 0.4541015625 0.03125 0.041015625
3 0.621875 0.4404296875 0.034375 0.029296875
3 0.6 0.4443359375 0.0375 0.037109375
3 0.63046875 0.4248046875 0.0421875 0.017578125
1 0.4359375 0.435546875 0.009375 0.0234375
1 0.51796875 0.4560546875 0.0171875 0.052734375
11 0.171875 0.5224609375 0.015625 0.044921875
