1 0.5640625 0.478515625 0.028125 0.08984375
3 0.8734375 0.52734375 0.25 0.234375
3 0.75625 0.4970703125 0.165625 0.181640625
3 0.66875 0.4951171875 0.071875 0.119140625
3 0.61015625 0.4775390625 0.0703125 0.080078125
3 0.54296875 0.4794921875 0.0203125 0.048828125
3 0.53203125 0.4677734375 0.0359375 0.041015625
3 0.43203125 0.4892578125 0.1671875 0.220703125
3 0.34609375 0.4765625 0.0109375 0.03515625
3 0.33671875 0.4775390625 0.0109375 0.041015625
3 0.315625 0.4794921875 0.034375 0.044921875
3 0.2609375 0.4833984375 0.08125 0.080078125
3 0.15546875 0.4619140625 0.0546875 0.025390625
3 0.159375 0.509765625 0.096875 0.08203125
3 0.06875 0.521484375 0.1375 0.125
