1 0.06875 0.4482421875 0.01875 0.072265625
1 0.10078125 0.4453125 0.0359375 0.078125
1 0.815625 0.46484375 0.0375 0.1015625
1 0.74609375 0.4658203125 0.0328125 0.099609375
1 0.784375 0.4619140625 0.028125 0.111328125
1 0.7984375 0.466796875 0.01875 0.09375
1 0.58359375 0.4189453125 0.0109375 0.029296875
1 0.6109375 0.4208984375 0.009375 0.029296875
1 0.640625 0.4208984375 0.0125 0.029296875
1 0.765625 0.4150390625 0.0125 0.025390625
3 0.92734375 0.576171875 0.1421875 0.1484375
3 0.22421875 0.4775390625 0.0953125 0.095703125
3 0.6203125 0.4697265625 0.171875 0.072265625
3 0.703125 0.45703125 0.096875 0.0703125
3 0.42265625 0.453125 0.0609375 0.05859375
3 0.40390625 0.4404296875 0.0484375 0.048828125
3 0.37890625 0.4345703125 0.0203125 0.037109375
3 0.365625 0.4306640625 0.015625 0.029296875
3 0.35859375 0.4267578125 0.0171875 0.025390625
3 0.34765625 0.423828125 0.0109375 0.01953125
3 0.33671875 0.4189453125 0.0109375 0.013671875
3 0.31796875 0.4189453125 0.0140625 0.013671875
3 0.16796875 0.4404296875 0.0640625 0.072265625
3 0.24140625 0.4189453125 0.0203125 0.021484375
3 0.22109375 0.4169921875 0.0203125 0.025390625
3 0.2578125 0.4189453125 0.015625 0.021484375
3 0.28125 0.4296875 0.0375 0.0390625
3 0.29921875 0.4130859375 0.0109375 0.009765625
3 0.20625 0.41796875 0.0125 0.0234375
12 0.05859375 0.33203125 0.0296875 0.03515625
12 0.05859375 0.357421875 0.0171875 0.015625
12 0.8921875 0.3662109375 0.015625 0.044921875
12 0.890625 0.3984375 0.0125 0.015625
