12 0.31171875 0.4404296875 0.0078125 0.009765625
12 0.790625 0.419921875 0.01875 0.0703125
12 0.903125 0.4248046875 0.0125 0.037109375
1 0.97890625 0.5625 0.0390625 0.3125
3 0.88359375 0.5009765625 0.1859375 0.142578125
3 0.83203125 0.466796875 0.0609375 0.0234375
3 0.74921875 0.4677734375 0.0640625 0.017578125
3 0.59609375 0.4677734375 0.0796875 0.017578125
3 0.64140625 0.4638671875 0.0515625 0.017578125
3 0.54453125 0.4638671875 0.0421875 0.009765625
3 0.3578125 0.4619140625 0.015625 0.021484375
3 0.3390625 0.4599609375 0.028125 0.037109375
3 0.31015625 0.4736328125 0.0484375 0.044921875
3 0.11796875 0.4736328125 0.0734375 0.056640625
3 0.1609375 0.4697265625 0.05 0.048828125
3 0.21171875 0.447265625 0.0453125 0.02734375
3 0.2421875 0.4501953125 0.015625 0.013671875
3 0.0234375 0.451171875 0.046875 0.0390625
3 0.41953125 0.4765625 0.0734375 0.08203125
3 0.06484375 0.453125 0.0265625 0.01953125
