6 0.6421875 0.443359375 0.175 0.1171875
6 0.43359375 0.4521484375 0.0984375 0.041015625
6 0.515625 0.4462890625 0.05625 0.083984375
6 0.890625 0.380859375 0.215625 0.06640625
1 0.115625 0.494140625 0.015625 0.0546875
1 0.1359375 0.49609375 0.021875 0.05859375
1 0.1578125 0.4892578125 0.021875 0.068359375
1 0.1703125 0.486328125 0.0125 0.046875
1 0.3609375 0.4619140625 0.00625 0.017578125
1 0.36796875 0.4619140625 0.0078125 0.021484375
1 0.3796875 0.4638671875 0.00625 0.021484375
1 0.3859375 0.462890625 0.00625 0.0234375
1 0.475 0.458984375 0.0125 0.04296875
1 0.61796875 0.462890625 0.0234375 0.09375
1 0.63515625 0.4658203125 0.0171875 0.087890625
1 0.7234375 0.470703125 0.04375 0.12890625
3 0.8515625 0.4462890625 0.14375 0.107421875
3 0.91015625 0.4482421875 0.1765625 0.142578125
3 0.95078125 0.484375 0.0953125 0.11328125
3 0.453125 0.462890625 0.021875 0.0234375
3 0.47578125 0.46484375 0.0234375 0.02734375
1 0.43046875 0.46484375 0.0171875 0.0625
11 0.340625 0.4775390625 0.00625 0.021484375
