10 0.94765625 0.3564453125 0.0203125 0.033203125
10 0.64765625 0.3798828125 0.0203125 0.025390625
10 0.6515625 0.3125 0.01875 0.06640625
10 0.43671875 0.3935546875 0.0078125 0.021484375
12 0.97890625 0.30078125 0.0328125 0.046875
12 0.41328125 0.4091796875 0.0078125 0.009765625
12 0.6515625 0.3544921875 0.04375 0.017578125
1 0.90703125 0.4697265625 0.0453125 0.146484375
1 0.8703125 0.4755859375 0.034375 0.134765625
1 0.78125 0.484375 0.03125 0.12890625
1 0.75703125 0.46875 0.0265625 0.10546875
1 0.73203125 0.46875 0.0234375 0.09765625
1 0.71015625 0.4580078125 0.0203125 0.072265625
1 0.56328125 0.466796875 0.0109375 0.046875
1 0.5546875 0.466796875 0.009375 0.046875
1 0.534375 0.490234375 0.0375 0.11328125
1 0.48828125 0.4697265625 0.0078125 0.029296875
1 0.48203125 0.4677734375 0.0078125 0.029296875
1 0.4390625 0.486328125 0.0375 0.125
1 0.2484375 0.478515625 0.046875 0.125
1 0.23984375 0.4765625 0.0328125 0.12109375
1 0.1671875 0.48046875 0.05 0.1171875
1 0.021875 0.451171875 0.015625 0.02734375
1 0.05546875 0.451171875 0.0109375 0.0234375
1 0.03671875 0.4521484375 0.0109375 0.021484375
2 0.0171875 0.486328125 0.034375 0.046875
3 0.309375 0.474609375 0.034375 0.046875
3 0.28515625 0.4794921875 0.0359375 0.064453125
3 0.18359375 0.48046875 0.0796875 0.078125
3 0.3734375 0.4697265625 0.025 0.021484375
3 0.384375 0.4658203125 0.01875 0.021484375
3 0.4125 0.470703125 0.03125 0.03125
12 0.9921875 0.3408203125 0.0125 0.013671875
