6 0.7234375 0.5107421875 0.128125 0.060546875
10 0.63125 0.4609375 0.009375 0.02734375
10 0.796875 0.466796875 0.009375 0.02734375
10 0.390625 0.4697265625 0.00625 0.021484375
10 0.396875 0.4697265625 0.00625 0.021484375
10 0.4046875 0.462890625 0.009375 0.02734375
10 0.23828125 0.4736328125 0.0078125 0.021484375
10 0.228125 0.470703125 0.009375 0.02734375
10 0.29140625 0.455078125 0.0046875 0.01171875
12 0.63203125 0.486328125 0.0140625 0.015625
1 0.98984375 0.541015625 0.0171875 0.0546875
1 0.965625 0.544921875 0.015625 0.04296875
1 0.84921875 0.525390625 0.0109375 0.02734375
1 0.871875 0.5263671875 0.00625 0.029296875
1 0.359375 0.537109375 0.0125 0.04296875
1 0.3171875 0.5322265625 0.0125 0.037109375
1 0.21953125 0.5400390625 0.0109375 0.037109375
1 0.03671875 0.533203125 0.0109375 0.03125
1 0.04609375 0.52734375 0.0078125 0.03125
1 0.01484375 0.5322265625 0.0109375 0.033203125
1 0.26953125 0.5322265625 0.0109375 0.041015625
1 0.2578125 0.533203125 0.0125 0.0390625
1 0.28125 0.53125 0.009375 0.02734375
1 0.2984375 0.53125 0.00625 0.0234375
1 0.4375 0.5185546875 0.00625 0.021484375
4 0.7484375 0.8046875 0.171875 0.3515625
3 0.91484375 0.7138671875 0.1671875 0.302734375
3 0.71484375 0.6220703125 0.1984375 0.173828125
3 0.5875 0.5859375 0.090625 0.12890625
3 0.459375 0.630859375 0.20625 0.20703125
3 0.20078125 0.7890625 0.4015625 0.41796875
3 0.6265625 0.5126953125 0.034375 0.033203125
3 0.15546875 0.541015625 0.0734375 0.0390625
3 0.1171875 0.5322265625 0.065625 0.044921875
1 0.753125 0.703125 0.1375 0.3359375
