12 0.1140625 0.4306640625 0.0375 0.052734375
12 0.11484375 0.4755859375 0.0328125 0.029296875
12 0.53984375 0.5048828125 0.0140625 0.017578125
12 0.53984375 0.517578125 0.0140625 0.0078125
12 0.74609375 0.4150390625 0.0484375 0.060546875
1 0.52734375 0.55859375 0.0078125 0.01953125
1 0.2765625 0.5810546875 0.015625 0.048828125
3 0.3984375 0.57421875 0.025 0.03515625
3 0.36953125 0.583984375 0.0609375 0.0546875
3 0.425 0.5712890625 0.025 0.025390625
3 0.4375 0.5595703125 0.01875 0.021484375
3 0.47890625 0.5693359375 0.0234375 0.037109375
3 0.45703125 0.5703125 0.0359375 0.046875
3 0.41015625 0.66015625 0.1609375 0.15234375
