6 0.625 0.4677734375 0.025 0.029296875
6 0.72890625 0.4580078125 0.0390625 0.056640625
12 0.56640625 0.47265625 0.0203125 0.0234375
12 0.5671875 0.486328125 0.015625 0.0078125
12 0.69921875 0.439453125 0.0203125 0.015625
3 0.33671875 0.6337890625 0.2671875 0.224609375
3 0.36484375 0.515625 0.0484375 0.0234375
3 0.528125 0.501953125 0.03125 0.03125
3 0.546875 0.4931640625 0.015625 0.013671875
3 0.59296875 0.4873046875 0.0140625 0.013671875
3 0.61953125 0.509765625 0.0546875 0.0546875
3 0.64453125 0.5029296875 0.0203125 0.037109375
3 0.653125 0.4970703125 0.015625 0.033203125
3 0.66484375 0.4931640625 0.0203125 0.029296875
3 0.6734375 0.490234375 0.0125 0.0234375
3 0.6796875 0.4853515625 0.0125 0.021484375
3 0.68984375 0.4814453125 0.0140625 0.021484375
3 0.6875 0.46875 0.015625 0.01171875
3 0.64609375 0.4775390625 0.0140625 0.009765625
3 0.41328125 0.501953125 0.0546875 0.0390625
