1 0.278125 0.48046875 0.00625 0.03125
1 0.26328125 0.486328125 0.0078125 0.02734375
1 0.2390625 0.4921875 0.009375 0.03125
3 0.753125 0.5234375 0.2 0.15234375
3 0.653125 0.494140625 0.103125 0.1171875
3 0.609375 0.494140625 0.034375 0.10546875
3 0.56328125 0.4873046875 0.0515625 0.048828125
3 0.52109375 0.478515625 0.0390625 0.0390625
3 0.46484375 0.4775390625 0.0640625 0.064453125
3 0.50234375 0.4814453125 0.0171875 0.025390625
3 0.4265625 0.47265625 0.034375 0.046875
3 0.3296875 0.4912109375 0.06875 0.052734375
3 0.37421875 0.48046875 0.0296875 0.03515625
