6 0.51796875 0.4482421875 0.0609375 0.083984375
6 0.81875 0.4072265625 0.253125 0.072265625
6 0.6328125 0.4296875 0.09375 0.0390625
6 0.434375 0.4462890625 0.096875 0.025390625
1 0.71796875 0.4677734375 0.0234375 0.107421875
1 0.70234375 0.4697265625 0.0296875 0.111328125
1 0.675 0.4677734375 0.03125 0.103515625
1 0.63671875 0.451171875 0.0109375 0.05078125
1 0.62734375 0.44921875 0.0078125 0.04296875
1 0.6171875 0.4541015625 0.009375 0.037109375
1 0.609375 0.455078125 0.009375 0.03515625
1 0.59921875 0.4609375 0.0140625 0.05859375
1 0.5890625 0.45703125 0.009375 0.04296875
1 0.58203125 0.4599609375 0.0078125 0.037109375
1 0.57421875 0.458984375 0.0109375 0.04296875
1 0.55859375 0.458984375 0.0109375 0.0390625
1 0.5484375 0.458984375 0.009375 0.0390625
1 0.42578125 0.45703125 0.0078125 0.015625
1 0.36953125 0.4658203125 0.0078125 0.029296875
1 0.37734375 0.462890625 0.0078125 0.01953125
1 0.07734375 0.4921875 0.0203125 0.05859375
1 0.09296875 0.4921875 0.0171875 0.0625
1 0.12890625 0.4892578125 0.0140625 0.029296875
3 0.9515625 0.486328125 0.09375 0.109375
3 0.91015625 0.44921875 0.1765625 0.1328125
3 0.853125 0.4462890625 0.14375 0.103515625
3 0.47265625 0.462890625 0.0296875 0.0234375
3 0.453125 0.462890625 0.028125 0.0234375
3 0.4015625 0.4775390625 0.05625 0.048828125
3 0.35859375 0.462890625 0.0140625 0.01171875
3 0.29765625 0.47265625 0.0265625 0.0234375
3 0.646875 0.4453125 0.015625 0.015625
11 0.33984375 0.4775390625 0.0078125 0.021484375
