12 0.50546875 0.416015625 0.0140625 0.00390625
12 0.8390625 0.380859375 0.04375 0.015625
1 0.234375 0.466796875 0.015625 0.05078125
1 0.21953125 0.46875 0.0140625 0.05078125
1 0.11640625 0.5029296875 0.0328125 0.107421875
1 0.37578125 0.453125 0.0078125 0.03125
1 0.36796875 0.453125 0.0078125 0.03125
1 0.55 0.4541015625 0.0125 0.041015625
1 0.540625 0.455078125 0.00625 0.03515625
1 0.725 0.4609375 0.01875 0.02734375
1 0.75078125 0.462890625 0.0109375 0.02734375
1 0.88046875 0.4501953125 0.0140625 0.025390625
1 0.978125 0.486328125 0.021875 0.05078125
1 0.94375 0.48046875 0.021875 0.046875
1 0.96171875 0.4638671875 0.0171875 0.037109375
2 0.2296875 0.509765625 0.021875 0.0546875
2 0.14921875 0.5380859375 0.0328125 0.064453125
2 0.696875 0.5859375 0.040625 0.11328125
2 0.646875 0.5341796875 0.03125 0.076171875
3 0.0859375 0.4638671875 0.0625 0.048828125
3 0.34140625 0.4404296875 0.0296875 0.013671875
3 0.434375 0.4560546875 0.046875 0.029296875
3 0.46640625 0.4609375 0.0453125 0.03125
3 0.50546875 0.46484375 0.0515625 0.04296875
3 0.571875 0.453125 0.025 0.0234375
3 0.59765625 0.478515625 0.0671875 0.05078125
3 0.74921875 0.5234375 0.0859375 0.1015625
3 0.68671875 0.5087890625 0.0578125 0.076171875
3 0.665625 0.4853515625 0.071875 0.072265625
3 0.8515625 0.478515625 0.134375 0.05859375
3 0.959375 0.4619140625 0.078125 0.041015625
1 0.70390625 0.546875 0.0453125 0.14453125
1 0.6484375 0.5068359375 0.034375 0.111328125
11 0.29296875 0.4892578125 0.0140625 0.033203125
