1 0.1859375 0.482421875 0.040625 0.12109375
3 0.39765625 0.3837890625 0.0140625 0.017578125
3 0.39453125 0.3984375 0.0203125 0.02734375
3 0.38203125 0.4150390625 0.0234375 0.033203125
3 0.3609375 0.4228515625 0.040625 0.041015625
3 0.325 0.4423828125 0.059375 0.060546875
3 0.20078125 0.4423828125 0.0828125 0.068359375
3 0.44921875 0.380859375 0.0140625 0.015625
3 0.484375 0.4189453125 0.040625 0.044921875
3 0.5296875 0.439453125 0.065625 0.0625
3 0.6296875 0.4599609375 0.1625 0.154296875
3 0.80078125 0.521484375 0.2953125 0.25
3 0.046875 0.5126953125 0.09375 0.314453125
