2 0.19765625 0.47265625 0.0515625 0.05859375
2 0.29296875 0.462890625 0.0296875 0.046875
2 0.3890625 0.455078125 0.028125 0.0390625
2 0.43984375 0.453125 0.0234375 0.03515625
2 0.47734375 0.44921875 0.0203125 0.03515625
2 0.509375 0.4501953125 0.01875 0.029296875
2 0.56875 0.4423828125 0.0125 0.021484375
2 0.55546875 0.443359375 0.0109375 0.0234375
3 0.06328125 0.42578125 0.1265625 0.10546875
3 0.7765625 0.4267578125 0.071875 0.076171875
3 0.53046875 0.4208984375 0.0734375 0.048828125
1 0.19765625 0.43359375 0.0515625 0.08984375
1 0.29453125 0.439453125 0.0328125 0.06640625
1 0.3890625 0.431640625 0.028125 0.0703125
1 0.44296875 0.4375 0.0171875 0.05078125
1 0.47734375 0.431640625 0.0203125 0.046875
1 0.5078125 0.4296875 0.015625 0.0546875
1 0.56875 0.431640625 0.0125 0.03515625
1 0.55546875 0.431640625 0.0109375 0.0390625
1 0.53203125 0.4326171875 0.0078125 0.029296875
1 0.5421875 0.43359375 0.0125 0.0390625
