6 0.77578125 0.4169921875 0.0796875 0.095703125
6 0.55546875 0.3642578125 0.1515625 0.208984375
8 0.92421875 0.4208984375 0.1484375 0.220703125
3 0.18671875 0.43359375 0.3734375 0.55859375
3 0.4 0.4482421875 0.0875 0.091796875
3 0.52421875 0.4794921875 0.2109375 0.232421875
3 0.64921875 0.447265625 0.0453125 0.05859375
3 0.6515625 0.431640625 0.046875 0.0703125
3 0.83203125 0.4521484375 0.0578125 0.068359375
3 0.8203125 0.4375 0.05625 0.0703125
3 0.71796875 0.44140625 0.0359375 0.03125
3 0.6796875 0.439453125 0.021875 0.03515625
