6 0.8546875 0.4169921875 0.2875 0.138671875
6 0.52109375 0.4482421875 0.0703125 0.083984375
6 0.440625 0.4541015625 0.090625 0.044921875
1 0.12890625 0.490234375 0.0140625 0.02734375
1 0.115625 0.4951171875 0.0125 0.056640625
1 0.1703125 0.4892578125 0.0125 0.052734375
1 0.35625 0.4658203125 0.00625 0.021484375
1 0.35 0.4677734375 0.00625 0.021484375
1 0.37265625 0.46484375 0.0078125 0.0234375
1 0.37890625 0.4638671875 0.0078125 0.021484375
1 0.55234375 0.4609375 0.0140625 0.04296875
1 0.63125 0.466796875 0.03125 0.11328125
1 0.6578125 0.46875 0.025 0.10546875
1 0.57578125 0.4560546875 0.0140625 0.052734375
1 0.5875 0.45703125 0.015625 0.05078125
1 0.6 0.455078125 0.015625 0.046875
1 0.80859375 0.4794921875 0.0578125 0.201171875
2 0.4609375 0.4775390625 0.015625 0.033203125
3 0.95234375 0.486328125 0.0921875 0.109375
3 0.91484375 0.4453125 0.1671875 0.13671875
3 0.85234375 0.4423828125 0.1328125 0.103515625
1 0.3953125 0.48046875 0.028125 0.08984375
1 0.465625 0.4638671875 0.028125 0.052734375
11 0.34140625 0.478515625 0.0078125 0.01953125
6 0.671875 0.4326171875 0.115625 0.099609375
