2 0.378125 0.466796875 0.025 0.0234375
3 0.084375 0.5888671875 0.16875 0.228515625
3 0.20859375 0.5224609375 0.1546875 0.150390625
3 0.30546875 0.5078125 0.0546875 0.1015625
3 0.33984375 0.498046875 0.0421875 0.0703125
3 0.41328125 0.4619140625 0.0484375 0.048828125
3 0.44921875 0.455078125 0.0359375 0.0390625
3 0.4640625 0.447265625 0.034375 0.04296875
3 0.484375 0.447265625 0.015625 0.03125
3 0.49765625 0.4453125 0.0234375 0.02734375
3 0.51484375 0.443359375 0.0171875 0.0234375
3 0.5359375 0.439453125 0.01875 0.01953125
3 0.54765625 0.435546875 0.0171875 0.01953125
3 0.5640625 0.4326171875 0.021875 0.017578125
3 0.58359375 0.4296875 0.0203125 0.0234375
3 0.5953125 0.466796875 0.046875 0.05078125
3 0.60234375 0.4345703125 0.0328125 0.021484375
3 0.7359375 0.4462890625 0.05625 0.052734375
79 0.83046875 0.4462890625 0.1453125 0.072265625
3 0.8140625 0.6337890625 0.26875 0.220703125
3 0.92890625 0.7197265625 0.1390625 0.337890625
3 0.95703125 0.484375 0.0828125 0.07421875
