12 0.721875 0.3623046875 0.0125 0.029296875
12 0.85625 0.306640625 0.025 0.0234375
12 0.85625 0.328125 0.05625 0.0234375
12 0.13671875 0.3388671875 0.0296875 0.044921875
12 0.1359375 0.3740234375 0.028125 0.017578125
1 0.6390625 0.453125 0.015625 0.0390625
1 0.63046875 0.455078125 0.0078125 0.03125
1 0.62421875 0.45703125 0.0078125 0.02734375
1 0.60703125 0.451171875 0.0078125 0.02734375
1 0.596875 0.44921875 0.009375 0.03125
1 0.44140625 0.4482421875 0.0078125 0.021484375
1 0.51171875 0.4482421875 0.0046875 0.013671875
3 0.13125 0.4453125 0.109375 0.05859375
3 0.03984375 0.4521484375 0.0796875 0.068359375
3 0.87265625 0.5283203125 0.2515625 0.205078125
3 0.5453125 0.451171875 0.015625 0.015625
3 0.52578125 0.4521484375 0.0109375 0.009765625
3 0.503125 0.44921875 0.009375 0.015625
3 0.4921875 0.447265625 0.0125 0.01953125
3 0.48046875 0.4501953125 0.0109375 0.017578125
3 0.46328125 0.447265625 0.0234375 0.0234375
3 0.40859375 0.4541015625 0.0421875 0.041015625
3 0.371875 0.4638671875 0.03125 0.052734375
3 0.33203125 0.458984375 0.0734375 0.0703125
11 0.61328125 0.4619140625 0.0046875 0.021484375
