6 0.43203125 0.4501953125 0.0953125 0.037109375
6 0.515625 0.4462890625 0.0625 0.083984375
6 0.67734375 0.4228515625 0.1453125 0.083984375
6 0.8984375 0.4091796875 0.2 0.130859375
1 0.11484375 0.4921875 0.0140625 0.05078125
1 0.12734375 0.4892578125 0.0109375 0.025390625
1 0.16953125 0.4873046875 0.0140625 0.048828125
1 0.353125 0.4677734375 0.00625 0.017578125
1 0.35703125 0.4658203125 0.0046875 0.017578125
1 0.37578125 0.46484375 0.0046875 0.01953125
1 0.38359375 0.4638671875 0.0046875 0.021484375
1 0.5515625 0.4619140625 0.0125 0.041015625
1 0.55859375 0.453125 0.0078125 0.02734375
1 0.5796875 0.4560546875 0.0125 0.052734375
1 0.58984375 0.4560546875 0.0109375 0.048828125
1 0.59765625 0.455078125 0.0109375 0.04296875
1 0.60234375 0.443359375 0.0078125 0.0234375
1 0.6296875 0.4658203125 0.028125 0.111328125
1 0.65234375 0.4697265625 0.0234375 0.103515625
1 0.79296875 0.4755859375 0.0421875 0.189453125
2 0.459375 0.474609375 0.009375 0.0234375
3 0.446875 0.4619140625 0.015625 0.021484375
3 0.47734375 0.4638671875 0.0171875 0.025390625
3 0.76875 0.439453125 0.11875 0.0859375
3 0.8671875 0.443359375 0.11875 0.09765625
3 0.9140625 0.4482421875 0.16875 0.134765625
3 0.9546875 0.486328125 0.0875 0.10546875
1 0.409375 0.4755859375 0.03125 0.091796875
1 0.45859375 0.46484375 0.0109375 0.046875
1 0.465625 0.462890625 0.0125 0.05078125
11 0.340625 0.4775390625 0.00625 0.017578125
