10 0.4578125 0.4365234375 0.009375 0.025390625
10 0.57578125 0.462890625 0.0078125 0.01953125
10 0.4984375 0.462890625 0.00625 0.01953125
10 0.65546875 0.505859375 0.0078125 0.01953125
12 0.77734375 0.4423828125 0.0265625 0.025390625
12 0.7765625 0.4638671875 0.025 0.017578125
12 0.52421875 0.4921875 0.0078125 0.0078125
1 0.83984375 0.5087890625 0.0234375 0.080078125
1 0.67578125 0.541015625 0.0171875 0.0703125
1 0.86796875 0.513671875 0.0203125 0.06640625
2 0.7296875 0.5615234375 0.046875 0.087890625
2 0.95703125 0.6171875 0.0828125 0.1640625
3 0.64140625 0.544921875 0.0359375 0.03515625
3 0.58515625 0.5439453125 0.0203125 0.037109375
3 0.57109375 0.5341796875 0.0234375 0.048828125
3 0.5359375 0.5283203125 0.0625 0.068359375
3 0.4328125 0.541015625 0.165625 0.16015625
1 0.95859375 0.5439453125 0.0765625 0.240234375
1 0.73203125 0.509765625 0.0515625 0.1328125
