1 0.003125 0.431640625 0.00625 0.0234375
1 0.0140625 0.431640625 0.00625 0.0234375
1 0.02109375 0.4326171875 0.0078125 0.021484375
1 0.109375 0.439453125 0.00625 0.01953125
1 0.19609375 0.4541015625 0.0109375 0.021484375
1 0.4546875 0.4423828125 0.009375 0.013671875
1 0.46875 0.44140625 0.009375 0.015625
1 0.59375 0.484375 0.025 0.08984375
1 0.72578125 0.5751953125 0.0640625 0.158203125
2 0.5359375 0.513671875 0.028125 0.0625
3 0.1890625 0.5849609375 0.228125 0.173828125
3 0.3109375 0.5361328125 0.109375 0.126953125
3 0.3703125 0.501953125 0.103125 0.1171875
3 0.42890625 0.48828125 0.0328125 0.06640625
3 0.44921875 0.48046875 0.0390625 0.05859375
3 0.4703125 0.470703125 0.025 0.046875
3 0.50078125 0.455078125 0.0296875 0.03125
3 0.51875 0.4541015625 0.009375 0.025390625
3 0.5640625 0.451171875 0.015625 0.015625
3 0.575 0.458984375 0.025 0.03125
3 0.9203125 0.638671875 0.15625 0.25390625
3 0.8171875 0.5693359375 0.196875 0.197265625
3 0.715625 0.5087890625 0.046875 0.056640625
3 0.69296875 0.50390625 0.0671875 0.0703125
3 0.66875 0.4931640625 0.059375 0.060546875
3 0.653125 0.478515625 0.04375 0.046875
3 0.83515625 0.4755859375 0.0984375 0.041015625
1 0.5359375 0.48828125 0.028125 0.09375
79 0.59375 0.5341796875 0.0125 0.013671875
12 0.47265625 0.4150390625 0.0109375 0.013671875
12 0.47265625 0.423828125 0.0078125 0.00390625
