12 0.1484375 0.3876953125 0.025 0.041015625
2 0.4203125 0.486328125 0.0125 0.03515625
2 0.3984375 0.494140625 0.021875 0.046875
3 0.4 0.470703125 0.028125 0.03125
3 0.3640625 0.4716796875 0.046875 0.052734375
3 0.29921875 0.482421875 0.0859375 0.0625
3 0.11328125 0.4765625 0.1421875 0.08203125
3 0.57890625 0.4755859375 0.0203125 0.033203125
3 0.60546875 0.4755859375 0.0484375 0.052734375
3 0.5390625 0.4736328125 0.015625 0.017578125
3 0.55625 0.4794921875 0.009375 0.009765625
1 0.39765625 0.4736328125 0.0203125 0.076171875
1 0.4203125 0.47265625 0.0125 0.05078125
1 0.4453125 0.474609375 0.0125 0.05078125
1 0.4671875 0.4716796875 0.009375 0.044921875
