10 0.234375 0.2666015625 0.0125 0.041015625
10 0.34921875 0.275390625 0.0140625 0.04296875
10 0.515625 0.37109375 0.015625 0.04296875
10 0.7109375 0.359375 0.015625 0.03515625
10 0.77734375 0.0859375 0.0671875 0.171875
10 0.98984375 0.08984375 0.0171875 0.078125
10 0.7390625 0.4013671875 0.015625 0.017578125
10 0.715625 0.40234375 0.0125 0.015625
12 0.259375 0.263671875 0.015625 0.01953125
12 0.509375 0.3154296875 0.01875 0.013671875
12 0.80078125 0.3642578125 0.0296875 0.048828125
1 0.06640625 0.4716796875 0.0140625 0.044921875
1 0.1296875 0.4970703125 0.06875 0.208984375
1 0.15390625 0.45703125 0.0359375 0.11328125
1 0.9828125 0.458984375 0.03125 0.1796875
1 0.64140625 0.44921875 0.0140625 0.046875
1 0.58046875 0.458984375 0.0140625 0.05859375
1 0.54921875 0.4599609375 0.0203125 0.052734375
1 0.659375 0.455078125 0.0125 0.0390625
1 0.6671875 0.4443359375 0.009375 0.025390625
1 0.55859375 0.462890625 0.0109375 0.0390625
3 0.35546875 0.62109375 0.5015625 0.45703125
3 0.8703125 0.466796875 0.215625 0.11328125
2 0.0140625 0.4912109375 0.015625 0.033203125
1 0.01328125 0.4736328125 0.0140625 0.056640625
