6 0.37109375 0.4599609375 0.0359375 0.044921875
10 0.17109375 0.1484375 0.0234375 0.06640625
10 0.82109375 0.2353515625 0.0140625 0.048828125
10 0.896875 0.3017578125 0.015625 0.072265625
10 0.68984375 0.380859375 0.0078125 0.03515625
10 0.425 0.318359375 0.009375 0.03125
10 0.5484375 0.388671875 0.009375 0.02734375
12 0.13359375 0.1484375 0.0234375 0.03125
12 0.79296875 0.1796875 0.0546875 0.0546875
12 0.91171875 0.3271484375 0.0296875 0.060546875
12 0.54296875 0.345703125 0.0140625 0.01171875
12 0.54453125 0.4189453125 0.0109375 0.013671875
12 0.62734375 0.302734375 0.0296875 0.07421875
1 0.553125 0.45703125 0.009375 0.02734375
1 0.61796875 0.4599609375 0.0234375 0.103515625
3 0.15078125 0.46484375 0.0921875 0.0703125
3 0.36171875 0.466796875 0.0390625 0.03515625
3 0.4109375 0.4609375 0.040625 0.04296875
3 0.4328125 0.4599609375 0.015625 0.033203125
3 0.471875 0.4638671875 0.01875 0.017578125
