6 0.93046875 0.3828125 0.1359375 0.23046875
6 0.8203125 0.384765625 0.134375 0.140625
6 0.64296875 0.3759765625 0.0390625 0.076171875
6 0.37109375 0.34375 0.1921875 0.140625
10 0.1203125 0.1494140625 0.040625 0.052734375
10 0.16796875 0.099609375 0.0390625 0.14453125
10 0.365625 0.263671875 0.0125 0.046875
10 0.55234375 0.3408203125 0.0078125 0.021484375
10 0.5609375 0.3408203125 0.00625 0.021484375
10 0.2328125 0.2099609375 0.028125 0.044921875
10 0.57109375 0.341796875 0.0078125 0.01953125
1 0.34921875 0.375 0.0203125 0.0703125
1 0.31875 0.4052734375 0.028125 0.142578125
1 0.3328125 0.3720703125 0.01875 0.076171875
1 0.30625 0.375 0.015625 0.06640625
1 0.27421875 0.4033203125 0.0390625 0.150390625
1 0.29609375 0.375 0.0171875 0.0703125
1 0.24296875 0.3896484375 0.0234375 0.115234375
1 0.22265625 0.39453125 0.0453125 0.15234375
1 0.0828125 0.3876953125 0.0375 0.150390625
1 0.071875 0.380859375 0.025 0.1328125
2 0.3796875 0.40625 0.0625 0.0546875
2 0.05859375 0.751953125 0.1171875 0.375
8 0.60546875 0.3779296875 0.0453125 0.068359375
3 0.72890625 0.4150390625 0.0421875 0.041015625
3 0.6984375 0.40625 0.03125 0.03515625
3 0.6796875 0.4013671875 0.021875 0.029296875
3 0.66796875 0.3984375 0.0140625 0.02734375
3 0.6609375 0.3955078125 0.009375 0.025390625
3 0.53828125 0.40234375 0.1171875 0.07421875
3 0.178125 0.38671875 0.046875 0.0546875
1 0.64921875 0.396484375 0.0109375 0.03125
1 0.37265625 0.388671875 0.0203125 0.07421875
1 0.059375 0.6005859375 0.11875 0.607421875
