12 0.3265625 0.4052734375 0.0125 0.017578125
12 0.32578125 0.4189453125 0.0109375 0.005859375
12 0.73828125 0.35546875 0.0328125 0.0390625
12 0.73828125 0.3828125 0.0171875 0.01171875
1 0.2875 0.4580078125 0.0125 0.044921875
1 0.3015625 0.4619140625 0.015625 0.052734375
1 0.5796875 0.5244140625 0.06875 0.150390625
2 0.31484375 0.47265625 0.0171875 0.02734375
2 0.36015625 0.4833984375 0.0171875 0.037109375
2 0.42578125 0.5634765625 0.0421875 0.115234375
3 0.02734375 0.6533203125 0.0546875 0.212890625
3 0.11171875 0.591796875 0.2078125 0.19140625
3 0.20546875 0.5400390625 0.1140625 0.130859375
3 0.2625 0.5185546875 0.08125 0.103515625
3 0.33671875 0.451171875 0.0296875 0.03515625
3 0.38046875 0.4638671875 0.0359375 0.041015625
3 0.40234375 0.4609375 0.0171875 0.03515625
3 0.4125 0.458984375 0.0125 0.0234375
3 0.4203125 0.4521484375 0.0125 0.021484375
3 0.4671875 0.4580078125 0.025 0.029296875
3 0.690625 0.5341796875 0.14375 0.111328125
3 0.9671875 0.79296875 0.0625 0.1953125
3 0.853125 0.6455078125 0.290625 0.224609375
3 0.94765625 0.4892578125 0.1015625 0.087890625
3 0.87109375 0.478515625 0.0703125 0.05859375
3 0.54140625 0.470703125 0.0421875 0.04296875
3 0.5171875 0.4619140625 0.021875 0.044921875
3 0.50234375 0.4609375 0.0140625 0.03515625
3 0.49296875 0.45703125 0.0171875 0.02734375
1 0.31484375 0.4599609375 0.0140625 0.048828125
1 0.36015625 0.4677734375 0.0171875 0.048828125
1 0.4296875 0.5244140625 0.053125 0.162109375
79 0.565625 0.6044921875 0.01875 0.021484375
79 0.540625 0.4453125 0.028125 0.0234375
