10 0.57734375 0.4765625 0.0046875 0.0078125
10 0.64453125 0.47265625 0.0046875 0.0078125
10 0.69375 0.458984375 0.003125 0.01171875
12 0.8359375 0.365234375 0.046875 0.0546875
12 0.8328125 0.3271484375 0.05625 0.021484375
12 0.828125 0.2568359375 0.096875 0.126953125
12 0.73984375 0.4296875 0.0140625 0.015625
12 0.5984375 0.458984375 0.009375 0.015625
12 0.58203125 0.4619140625 0.0109375 0.013671875
12 0.47890625 0.3623046875 0.0546875 0.064453125
12 0.546875 0.3515625 0.059375 0.0625
1 0.3578125 0.5185546875 0.015625 0.044921875
3 0.565625 0.505859375 0.034375 0.03125
3 0.5890625 0.5263671875 0.025 0.052734375
3 0.61171875 0.48828125 0.0484375 0.02734375
3 0.69140625 0.490234375 0.0296875 0.02734375
3 0.646875 0.564453125 0.134375 0.1484375
3 0.65703125 0.484375 0.0328125 0.01171875
