10 0.2375 0.384765625 0.015625 0.0234375
10 0.2390625 0.322265625 0.015625 0.0546875
10 0.54921875 0.1689453125 0.0171875 0.056640625
10 0.746875 0.3046875 0.015625 0.0546875
10 0.7421875 0.369140625 0.009375 0.01953125
1 0.93671875 0.458984375 0.0328125 0.0859375
1 0.975 0.447265625 0.028125 0.1015625
1 0.70234375 0.46484375 0.0140625 0.05078125
1 0.20390625 0.4638671875 0.0203125 0.076171875
1 0.21953125 0.4609375 0.0203125 0.07421875
1 0.29375 0.4609375 0.01875 0.05859375
2 0.9765625 0.470703125 0.04375 0.0546875
2 0.1203125 0.51171875 0.096875 0.078125
2 0.71484375 0.4697265625 0.0234375 0.048828125
2 0.61484375 0.4736328125 0.0171875 0.041015625
2 0.64453125 0.474609375 0.0203125 0.0390625
3 0.5140625 0.451171875 0.0125 0.03125
3 0.49609375 0.451171875 0.0359375 0.05859375
3 0.465625 0.4638671875 0.059375 0.080078125
3 0.38359375 0.4697265625 0.0265625 0.044921875
3 0.3453125 0.466796875 0.075 0.0703125
3 0.44453125 0.474609375 0.0953125 0.07421875
3 0.95390625 0.6796875 0.0890625 0.3203125
1 0.125 0.4794921875 0.053125 0.103515625
1 0.61484375 0.4560546875 0.0171875 0.060546875
1 0.64453125 0.45703125 0.0203125 0.0546875
