1 0.37265625 0.435546875 0.0265625 0.08984375
1 0.634375 0.45703125 0.028125 0.109375
1 0.60546875 0.453125 0.0265625 0.10546875
3 0.26171875 0.4482421875 0.1203125 0.099609375
3 0.35390625 0.4384765625 0.0734375 0.064453125
3 0.37578125 0.4296875 0.0484375 0.05859375
3 0.40703125 0.427734375 0.0359375 0.0546875
3 0.43515625 0.4248046875 0.0296875 0.041015625
3 0.45390625 0.423828125 0.0203125 0.03515625
3 0.4609375 0.41796875 0.03125 0.03515625
3 0.48125 0.419921875 0.015625 0.02734375
3 0.49140625 0.4169921875 0.0109375 0.021484375
3 0.5015625 0.416015625 0.0125 0.015625
3 0.5109375 0.4140625 0.015625 0.015625
3 0.65078125 0.4501953125 0.0796875 0.107421875
3 0.5890625 0.4375 0.01875 0.046875
3 0.58515625 0.427734375 0.0296875 0.05078125
3 0.56953125 0.4248046875 0.0203125 0.041015625
3 0.5609375 0.419921875 0.015625 0.03125
3 0.04765625 0.4248046875 0.0953125 0.091796875
3 0.19375 0.4306640625 0.071875 0.060546875
3 0.07734375 0.404296875 0.1421875 0.08203125
12 0.21015625 0.33984375 0.0109375 0.04296875
