10 0.35703125 0.2392578125 0.0234375 0.111328125
10 0.96796875 0.2978515625 0.0203125 0.080078125
12 0.053125 0.1787109375 0.10625 0.076171875
12 0.1859375 0.2373046875 0.096875 0.072265625
1 0.175 0.435546875 0.015625 0.0546875
1 0.284375 0.43359375 0.0125 0.03515625
1 0.30625 0.4326171875 0.009375 0.033203125
1 0.3171875 0.4248046875 0.009375 0.017578125
1 0.54296875 0.4306640625 0.0078125 0.037109375
1 0.5515625 0.4326171875 0.009375 0.037109375
1 0.50625 0.4248046875 0.00625 0.017578125
1 0.5109375 0.4248046875 0.00625 0.021484375
1 0.515625 0.4248046875 0.00625 0.021484375
3 0.33515625 0.443359375 0.0546875 0.0390625
3 0.39453125 0.4384765625 0.0515625 0.048828125
3 0.46171875 0.439453125 0.0390625 0.0390625
3 0.4796875 0.4384765625 0.0125 0.033203125
3 0.68203125 0.4345703125 0.0484375 0.064453125
3 0.64375 0.4365234375 0.0375 0.041015625
3 0.92109375 0.4306640625 0.0328125 0.037109375
3 0.890625 0.423828125 0.034375 0.02734375
3 0.5890625 0.419921875 0.040625 0.05859375
3 0.5625 0.4287109375 0.015625 0.021484375
