6 0.325 0.5166015625 0.05625 0.060546875
12 0.6125 0.4609375 0.015625 0.0234375
1 0.88203125 0.50390625 0.0140625 0.04296875
1 0.7703125 0.556640625 0.04375 0.15625
2 0.49375 0.53125 0.00625 0.015625
3 0.60546875 0.5556640625 0.1359375 0.142578125
3 0.5453125 0.541015625 0.04375 0.08984375
3 0.50546875 0.5244140625 0.0140625 0.021484375
3 0.46640625 0.5234375 0.0203125 0.01953125
3 0.421875 0.5322265625 0.08125 0.087890625
3 0.37578125 0.53125 0.0234375 0.0390625
3 0.2328125 0.5400390625 0.075 0.060546875
1 0.49375 0.5234375 0.00625 0.0234375
