10 0.5546875 0.4140625 0.003125 0.0078125
10 0.5671875 0.4130859375 0.003125 0.009765625
10 0.27890625 0.384765625 0.0140625 0.0390625
10 0.72890625 0.388671875 0.0140625 0.03515625
12 0.55 0.4130859375 0.00625 0.005859375
1 0.68984375 0.4560546875 0.0140625 0.029296875
1 0.4875 0.451171875 0.00625 0.01953125
1 0.48125 0.451171875 0.00625 0.015625
1 0.33828125 0.4560546875 0.0140625 0.025390625
2 0.8359375 0.5322265625 0.028125 0.076171875
2 0.74921875 0.564453125 0.0359375 0.078125
2 0.02890625 0.5263671875 0.0515625 0.060546875
3 0.5578125 0.4580078125 0.03125 0.033203125
3 0.5734375 0.4560546875 0.015625 0.025390625
1 0.7484375 0.5322265625 0.0375 0.111328125
11 0.3265625 0.4970703125 0.009375 0.033203125
