6 0.284375 0.4267578125 0.0875 0.111328125
12 0.20703125 0.3671875 0.0203125 0.03515625
12 0.2359375 0.404296875 0.0125 0.0234375
12 0.43359375 0.447265625 0.0171875 0.03125
1 0.1265625 0.439453125 0.009375 0.0234375
1 0.13515625 0.439453125 0.0078125 0.02734375
1 0.7265625 0.4970703125 0.065625 0.169921875
3 0.16328125 0.4375 0.0359375 0.03515625
3 0.0546875 0.435546875 0.04375 0.03515625
3 0.021875 0.4345703125 0.04375 0.044921875
3 0.55546875 0.4892578125 0.0953125 0.076171875
3 0.62265625 0.490234375 0.1515625 0.0859375
3 0.7890625 0.48046875 0.15 0.1875
3 0.909375 0.4912109375 0.178125 0.294921875
