6 0.64375 0.3935546875 0.046875 0.052734375
10 0.590625 0.3466796875 0.00625 0.021484375
12 0.15546875 0.2841796875 0.0859375 0.083984375
12 0.92890625 0.380859375 0.0484375 0.0390625
12 0.79296875 0.271484375 0.0640625 0.04296875
1 0.915625 0.447265625 0.015625 0.05859375
1 0.696875 0.416015625 0.00625 0.01171875
3 0.98125 0.482421875 0.034375 0.1015625
3 0.7359375 0.4375 0.05625 0.05078125
3 0.65546875 0.4150390625 0.0328125 0.013671875
3 0.5015625 0.4072265625 0.009375 0.013671875
3 0.4921875 0.4111328125 0.01875 0.025390625
3 0.4828125 0.4169921875 0.015625 0.037109375
3 0.45703125 0.4248046875 0.0546875 0.060546875
3 0.525 0.4140625 0.034375 0.0390625
3 0.5453125 0.4326171875 0.059375 0.060546875
3 0.303125 0.48046875 0.259375 0.25
