1 0.665625 0.4345703125 0.009375 0.021484375
1 0.675 0.4384765625 0.00625 0.013671875
1 0.42421875 0.44140625 0.0078125 0.01171875
2 0.26484375 0.576171875 0.0453125 0.09375
3 0.7484375 0.5537109375 0.175 0.181640625
3 0.659375 0.5244140625 0.090625 0.123046875
3 0.61484375 0.4990234375 0.0609375 0.072265625
3 0.60625 0.482421875 0.065625 0.0546875
3 0.58046875 0.4736328125 0.0390625 0.048828125
3 0.5671875 0.4560546875 0.040625 0.037109375
3 0.546875 0.4560546875 0.015625 0.033203125
3 0.53828125 0.4501953125 0.0109375 0.025390625
3 0.53046875 0.4462890625 0.0078125 0.021484375
3 0.50390625 0.447265625 0.0203125 0.0234375
3 0.5234375 0.44140625 0.009375 0.015625
3 0.015625 0.52734375 0.03125 0.09375
3 0.13515625 0.494140625 0.0921875 0.08203125
3 0.19609375 0.4765625 0.0765625 0.046875
3 0.2 0.4599609375 0.11875 0.044921875
3 0.28828125 0.478515625 0.0640625 0.0546875
3 0.31171875 0.4658203125 0.1015625 0.052734375
3 0.3796875 0.4775390625 0.046875 0.044921875
3 0.428125 0.4619140625 0.040625 0.029296875
3 0.440625 0.4541015625 0.01875 0.021484375
3 0.4484375 0.4423828125 0.0125 0.017578125
3 0.46484375 0.4443359375 0.0171875 0.021484375
3 0.47734375 0.4423828125 0.0078125 0.017578125
3 0.48359375 0.4404296875 0.0046875 0.013671875
3 0.4859375 0.439453125 0.00625 0.01171875
3 0.49453125 0.43359375 0.0078125 0.0078125
3 0.36484375 0.44921875 0.0265625 0.015625
3 0.38515625 0.4482421875 0.0171875 0.013671875
1 0.26640625 0.5439453125 0.0421875 0.130859375
