2 0.625 0.6484375 0.065625 0.16015625
3 0.50625 0.443359375 0.015625 0.015625
3 0.49453125 0.4423828125 0.0078125 0.009765625
3 0.48828125 0.4423828125 0.0078125 0.009765625
3 0.47890625 0.443359375 0.0109375 0.01171875
3 0.4609375 0.447265625 0.028125 0.0234375
3 0.43125 0.4423828125 0.01875 0.025390625
3 0.415625 0.44921875 0.01875 0.01953125
3 0.4015625 0.45703125 0.025 0.03125
3 0.37578125 0.4638671875 0.0359375 0.044921875
3 0.36171875 0.458984375 0.0328125 0.01953125
3 0.2046875 0.4775390625 0.065625 0.052734375
3 0.3296875 0.529296875 0.1375 0.13671875
3 0.2453125 0.5166015625 0.0875 0.095703125
3 0.1484375 0.5625 0.13125 0.1328125
3 0.0640625 0.6123046875 0.128125 0.185546875
3 0.6421875 0.44921875 0.04375 0.03515625
3 0.709375 0.435546875 0.075 0.02734375
3 0.69140625 0.4794921875 0.0484375 0.064453125
3 0.52734375 0.4453125 0.0265625 0.03515625
3 0.53984375 0.4521484375 0.0328125 0.037109375
3 0.5671875 0.46875 0.05625 0.0625
3 0.5890625 0.4931640625 0.059375 0.068359375
3 0.8609375 0.7109375 0.275 0.3125
3 0.93359375 0.8603515625 0.1296875 0.275390625
1 0.62421875 0.587890625 0.0640625 0.23046875
