10 0.70546875 0.3681640625 0.0171875 0.060546875
10 0.69765625 0.4326171875 0.0203125 0.021484375
10 0.03359375 0.361328125 0.0171875 0.05859375
10 0.0375 0.421875 0.015625 0.01953125
10 0.38671875 0.4482421875 0.0046875 0.017578125
10 0.58671875 0.455078125 0.0046875 0.015625
12 0.70546875 0.4091796875 0.0421875 0.017578125
12 0.03828125 0.40234375 0.0453125 0.01953125
1 0.934375 0.51171875 0.025 0.09765625
1 0.915625 0.5185546875 0.028125 0.091796875
1 0.63125 0.490234375 0.009375 0.0234375
1 0.6453125 0.4912109375 0.0125 0.021484375
1 0.7234375 0.4921875 0.009375 0.02734375
1 0.00625 0.5205078125 0.0125 0.119140625
1 0.31328125 0.5185546875 0.0484375 0.103515625
1 0.371875 0.482421875 0.009375 0.01953125
1 0.33671875 0.48046875 0.0109375 0.01953125
1 0.3953125 0.486328125 0.009375 0.01953125
1 0.421875 0.4873046875 0.00625 0.021484375
1 0.41640625 0.48828125 0.0046875 0.01953125
1 0.66640625 0.4912109375 0.0078125 0.013671875
1 0.4328125 0.4873046875 0.00625 0.013671875
1 0.703125 0.486328125 0.0125 0.02734375
3 0.55703125 0.498046875 0.0296875 0.03125
3 0.5171875 0.49609375 0.01875 0.0234375
3 0.53203125 0.4951171875 0.0171875 0.021484375
11 0.5828125 0.5048828125 0.00625 0.017578125
2 0.15625 0.515625 0.025 0.03515625
