12 0.05703125 0.4091796875 0.0171875 0.021484375
3 0.05390625 0.5068359375 0.1078125 0.091796875
3 0.13046875 0.498046875 0.0765625 0.07421875
3 0.1953125 0.4921875 0.08125 0.0703125
3 0.24609375 0.4814453125 0.0328125 0.033203125
3 0.2765625 0.4765625 0.03125 0.03125
3 0.30234375 0.4794921875 0.0234375 0.025390625
3 0.54921875 0.490234375 0.0609375 0.05078125
3 0.5078125 0.484375 0.034375 0.03125
3 0.4828125 0.4814453125 0.025 0.025390625
3 0.465625 0.4794921875 0.015625 0.017578125
3 0.44453125 0.478515625 0.0203125 0.01953125
3 0.3421875 0.4794921875 0.01875 0.013671875
3 0.3578125 0.4775390625 0.015625 0.017578125
3 0.36796875 0.474609375 0.0109375 0.015625
3 0.43359375 0.4755859375 0.0171875 0.017578125
3 0.4203125 0.4736328125 0.0125 0.013671875
