10 0.603125 0.34765625 0.00625 0.0234375
10 0.5375 0.439453125 0.003125 0.01171875
10 0.675 0.4287109375 0.009375 0.025390625
12 0.79765625 0.4052734375 0.0421875 0.048828125
12 0.53828125 0.4580078125 0.0078125 0.009765625
12 0.53828125 0.4501953125 0.0109375 0.005859375
12 0.64296875 0.431640625 0.0078125 0.01953125
8 0.62265625 0.4580078125 0.0328125 0.052734375
3 0.88671875 0.6494140625 0.2234375 0.291015625
3 0.05703125 0.64453125 0.1140625 0.19921875
3 0.121875 0.578125 0.1 0.1015625
3 0.30078125 0.5478515625 0.1015625 0.091796875
3 0.55625 0.5732421875 0.15 0.142578125
3 0.5640625 0.5048828125 0.1 0.044921875
3 0.59375 0.4970703125 0.053125 0.056640625
3 0.478125 0.48046875 0.028125 0.01953125
3 0.496875 0.4765625 0.01875 0.01953125
