10 0.29453125 0.33203125 0.0078125 0.03125
10 0.34140625 0.3505859375 0.0078125 0.025390625
10 0.390625 0.3056640625 0.015625 0.048828125
10 0.71015625 0.30859375 0.0140625 0.0625
10 0.8 0.3671875 0.009375 0.0390625
12 0.159375 0.509765625 0.1375 0.12890625
12 0.353125 0.3056640625 0.028125 0.037109375
12 0.70390625 0.44921875 0.0171875 0.046875
12 0.6890625 0.4404296875 0.015625 0.041015625
12 0.97734375 0.4404296875 0.0296875 0.017578125
12 0.3046875 0.369140625 0.0125 0.0078125
12 0.3046875 0.359375 0.0125 0.01171875
12 0.29140625 0.4169921875 0.0078125 0.029296875
8 0.55390625 0.390625 0.2515625 0.2578125
3 0.89765625 0.4765625 0.1171875 0.1171875
3 0.4984375 0.607421875 0.375 0.38671875
