10 0.3328125 0.1181640625 0.021875 0.076171875
10 0.609375 0.267578125 0.021875 0.07421875
10 0.75 0.2353515625 0.021875 0.072265625
10 0.7734375 0.333984375 0.025 0.03125
12 0.6328125 0.322265625 0.05625 0.015625
1 0.33046875 0.498046875 0.0390625 0.09765625
1 0.3609375 0.4990234375 0.04375 0.099609375
1 0.45625 0.5703125 0.109375 0.359375
1 0.43125 0.640625 0.109375 0.3671875
1 0.603125 0.576171875 0.103125 0.296875
1 0.81953125 0.626953125 0.1671875 0.36328125
1 0.9578125 0.642578125 0.08125 0.46484375
1 0.89609375 0.5390625 0.1078125 0.3125
1 0.7328125 0.462890625 0.034375 0.12109375
1 0.3375 0.4755859375 0.021875 0.076171875
3 0.08671875 0.5556640625 0.1734375 0.177734375
3 0.16015625 0.4892578125 0.3203125 0.181640625
3 0.39609375 0.4580078125 0.0109375 0.017578125
