12 0.80078125 0.37109375 0.0109375 0.01953125
2 0.23671875 0.4697265625 0.0484375 0.052734375
2 0.31640625 0.4638671875 0.0359375 0.041015625
2 0.4015625 0.453125 0.025 0.04296875
2 0.4515625 0.451171875 0.01875 0.03515625
2 0.4859375 0.44921875 0.01875 0.03125
2 0.50703125 0.4462890625 0.0171875 0.033203125
2 0.5203125 0.44921875 0.015625 0.02734375
2 0.54140625 0.4482421875 0.0109375 0.021484375
2 0.553125 0.443359375 0.009375 0.0234375
3 0.06171875 0.4267578125 0.1234375 0.103515625
3 0.7671875 0.4287109375 0.065625 0.076171875
1 0.2359375 0.4375 0.040625 0.09375
1 0.31640625 0.4423828125 0.0296875 0.064453125
1 0.40234375 0.431640625 0.0265625 0.06640625
1 0.4515625 0.4375 0.015625 0.046875
1 0.4875 0.43359375 0.021875 0.0546875
1 0.5109375 0.4267578125 0.01875 0.044921875
1 0.52421875 0.427734375 0.0109375 0.03515625
1 0.53984375 0.4365234375 0.0109375 0.037109375
1 0.5546875 0.4296875 0.0125 0.03125
