6 0.43359375 0.4541015625 0.1046875 0.041015625
6 0.51640625 0.4482421875 0.0703125 0.083984375
6 0.84375 0.421875 0.309375 0.15234375
1 0.128125 0.490234375 0.015625 0.02734375
1 0.115625 0.4951171875 0.0125 0.056640625
1 0.16953125 0.4873046875 0.0140625 0.048828125
1 0.38203125 0.462890625 0.0078125 0.0234375
1 0.37578125 0.4658203125 0.0078125 0.021484375
1 0.36875 0.46484375 0.00625 0.0234375
1 0.36328125 0.4638671875 0.0046875 0.025390625
1 0.55078125 0.4609375 0.0140625 0.04296875
1 0.58359375 0.462890625 0.0171875 0.05078125
1 0.60078125 0.4599609375 0.0171875 0.056640625
1 0.61796875 0.466796875 0.0171875 0.0703125
1 0.63125 0.451171875 0.0125 0.04296875
1 0.6484375 0.462890625 0.01875 0.07421875
1 0.6859375 0.47265625 0.021875 0.08984375
1 0.66953125 0.466796875 0.0265625 0.1015625
3 0.43671875 0.4638671875 0.0328125 0.029296875
3 0.46171875 0.462890625 0.0265625 0.0234375
3 0.9515625 0.48828125 0.09375 0.11328125
3 0.91015625 0.4482421875 0.1765625 0.138671875
3 0.846875 0.4443359375 0.13125 0.103515625
11 0.340625 0.4775390625 0.00625 0.017578125
