10 0.17265625 0.3974609375 0.0078125 0.033203125
10 0.409375 0.4560546875 0.00625 0.017578125
10 0.54765625 0.4619140625 0.0046875 0.013671875
10 0.63671875 0.4052734375 0.0109375 0.033203125
10 0.953125 0.3955078125 0.009375 0.037109375
10 0.9578125 0.4443359375 0.01875 0.021484375
12 0.17890625 0.4404296875 0.0171875 0.033203125
12 0.63125 0.4501953125 0.01875 0.037109375
1 0.2359375 0.482421875 0.0125 0.01953125
1 0.30390625 0.486328125 0.0109375 0.015625
1 0.34765625 0.486328125 0.0078125 0.015625
1 0.36640625 0.490234375 0.0078125 0.015625
1 0.72578125 0.513671875 0.0171875 0.0234375
1 0.68984375 0.4951171875 0.0171875 0.025390625
1 0.675 0.501953125 0.009375 0.04296875
3 0.2609375 0.517578125 0.0875 0.06640625
3 0.49765625 0.4990234375 0.0171875 0.017578125
3 0.5078125 0.4970703125 0.009375 0.013671875
3 0.503125 0.486328125 0.0125 0.0078125
