6 0.2 0.58203125 0.2875 0.12890625
10 0.44765625 0.478515625 0.0109375 0.03515625
10 0.8171875 0.5048828125 0.009375 0.029296875
12 0.34765625 0.4453125 0.0171875 0.0546875
12 0.8609375 0.4736328125 0.034375 0.037109375
12 0.8609375 0.5009765625 0.021875 0.013671875
4 0.05078125 0.634765625 0.0609375 0.0625
4 0.153125 0.6259765625 0.046875 0.064453125
3 0.2703125 0.609375 0.109375 0.0703125
3 0.06484375 0.615234375 0.1203125 0.06640625
3 0.14921875 0.61328125 0.0765625 0.0625
3 0.67578125 0.580078125 0.0296875 0.02734375
3 0.70625 0.5751953125 0.021875 0.017578125
1 0.05703125 0.607421875 0.0265625 0.08203125
1 0.15625 0.603515625 0.028125 0.07421875
