6 0.69765625 0.4462890625 0.0578125 0.072265625
1 0.5125 0.4775390625 0.0125 0.044921875
4 0.64140625 0.474609375 0.0140625 0.02734375
3 0.09296875 0.666015625 0.1859375 0.25
3 0.29453125 0.5810546875 0.1640625 0.154296875
3 0.3796875 0.53125 0.14375 0.1328125
3 0.4671875 0.5205078125 0.0625 0.072265625
3 0.98125 0.6162109375 0.034375 0.373046875
3 0.8953125 0.5576171875 0.20625 0.310546875
3 0.81328125 0.48046875 0.1546875 0.19921875
3 0.72890625 0.490234375 0.0390625 0.06640625
3 0.72265625 0.478515625 0.0515625 0.05859375
3 0.575 0.47265625 0.03125 0.03515625
3 0.5890625 0.466796875 0.021875 0.02734375
3 0.6390625 0.4677734375 0.03125 0.033203125
3 0.5796875 0.4443359375 0.0375 0.021484375
3 0.6484375 0.4267578125 0.028125 0.017578125
1 0.63984375 0.4638671875 0.0109375 0.033203125
