10 0.228125 0.197265625 0.021875 0.0625
10 0.38828125 0.17578125 0.0203125 0.0625
10 0.615625 0.013671875 0.028125 0.02734375
10 0.91015625 0.0166015625 0.0296875 0.033203125
10 0.91484375 0.3447265625 0.0140625 0.037109375
10 0.93515625 0.380859375 0.0140625 0.015625
10 0.88828125 0.3837890625 0.0109375 0.013671875
12 0.07890625 0.24609375 0.0546875 0.02734375
12 0.3140625 0.1728515625 0.046875 0.041015625
12 0.72109375 0.00390625 0.0796875 0.0078125
12 0.8171875 0.3779296875 0.015625 0.013671875
12 0.81796875 0.3583984375 0.0234375 0.025390625
12 0.2140625 0.388671875 0.0125 0.03515625
2 0.46171875 0.4619140625 0.0203125 0.037109375
3 0.0359375 0.5205078125 0.071875 0.150390625
3 0.5109375 0.443359375 0.015625 0.0390625
3 0.48828125 0.4443359375 0.0484375 0.056640625
3 0.44296875 0.4443359375 0.0234375 0.041015625
3 0.41484375 0.4501953125 0.0484375 0.052734375
3 0.346875 0.4560546875 0.04375 0.048828125
3 0.375 0.4541015625 0.01875 0.033203125
3 0.384375 0.4482421875 0.025 0.033203125
1 0.4609375 0.4443359375 0.01875 0.048828125
12 0.946875 0.3427734375 0.03125 0.044921875
