12 0.63984375 0.365234375 0.0109375 0.03125
12 0.409375 0.4140625 0.00625 0.015625
1 0.6453125 0.529296875 0.078125 0.2890625
1 0.48046875 0.4833984375 0.0390625 0.150390625
1 0.334375 0.474609375 0.015625 0.0625
1 0.30859375 0.4736328125 0.0203125 0.064453125
2 0.24765625 0.5 0.0328125 0.08203125
2 0.25859375 0.4921875 0.0203125 0.0703125
3 0.07578125 0.494140625 0.1515625 0.15625
3 0.14375 0.4775390625 0.0875 0.080078125
3 0.96171875 0.5380859375 0.0734375 0.291015625
3 0.86796875 0.5390625 0.1796875 0.19140625
3 0.7796875 0.521484375 0.171875 0.15234375
3 0.7421875 0.4990234375 0.18125 0.158203125
3 0.60078125 0.4990234375 0.0734375 0.115234375
3 0.55859375 0.484375 0.1453125 0.109375
3 0.47109375 0.4833984375 0.0609375 0.080078125
3 0.43203125 0.478515625 0.0609375 0.07421875
3 0.39296875 0.474609375 0.0546875 0.05859375
3 0.353125 0.4765625 0.028125 0.0390625
3 0.3375 0.46875 0.04375 0.046875
1 0.24609375 0.474609375 0.0359375 0.1171875
1 0.259375 0.4658203125 0.028125 0.099609375
