1 0.32734375 0.5 0.0328125 0.09375
1 0.4484375 0.4462890625 0.009375 0.029296875
1 0.5296875 0.4423828125 0.009375 0.025390625
1 0.5046875 0.4423828125 0.00625 0.021484375
2 0.38984375 0.4892578125 0.0234375 0.052734375
3 0.0328125 0.6328125 0.065625 0.16796875
3 0.1015625 0.56640625 0.19375 0.18359375
3 0.25625 0.5126953125 0.10625 0.107421875
3 0.2 0.513671875 0.0375 0.0625
3 0.31015625 0.5029296875 0.0328125 0.072265625
3 0.34609375 0.48046875 0.0609375 0.0625
3 0.3609375 0.466796875 0.0375 0.046875
3 0.39296875 0.462890625 0.0421875 0.046875
3 0.41328125 0.4580078125 0.0265625 0.037109375
3 0.42890625 0.44921875 0.0203125 0.02734375
3 0.44609375 0.4443359375 0.0171875 0.021484375
3 0.475 0.4375 0.009375 0.01171875
3 0.48828125 0.435546875 0.0109375 0.01171875
3 0.5171875 0.4423828125 0.01875 0.017578125
3 0.4546875 0.4365234375 0.009375 0.013671875
3 0.46171875 0.4345703125 0.0046875 0.009765625
3 0.73203125 0.5810546875 0.1765625 0.150390625
3 0.90390625 0.5400390625 0.1890625 0.142578125
3 0.75 0.4775390625 0.08125 0.076171875
3 0.6328125 0.4609375 0.071875 0.04296875
3 0.62421875 0.4453125 0.0734375 0.03515625
3 0.58125 0.443359375 0.01875 0.01953125
3 0.86171875 0.482421875 0.1078125 0.0625
3 0.684375 0.474609375 0.05625 0.04296875
3 0.675 0.4404296875 0.025 0.029296875
3 0.8578125 0.46875 0.1375 0.08203125
3 0.95703125 0.4638671875 0.0828125 0.033203125
1 0.38984375 0.4755859375 0.0171875 0.052734375
