8 0.66484375 0.47265625 0.0359375 0.0625
4 0.3921875 0.5302734375 0.03125 0.044921875
3 0.909375 0.7021484375 0.178125 0.392578125
3 0.61640625 0.5009765625 0.0453125 0.052734375
3 0.56171875 0.5595703125 0.1421875 0.146484375
3 0.6390625 0.4873046875 0.01875 0.033203125
3 0.09375 0.564453125 0.0875 0.0859375
3 0.04765625 0.5732421875 0.0953125 0.091796875
3 0.25859375 0.5322265625 0.1109375 0.056640625
3 0.33203125 0.5234375 0.0546875 0.046875
3 0.36484375 0.5185546875 0.0328125 0.037109375
3 0.42421875 0.5078125 0.0484375 0.0546875
3 0.48828125 0.498046875 0.0265625 0.0234375
3 0.58125 0.4833984375 0.015625 0.005859375
1 0.39140625 0.51171875 0.0234375 0.0625
