10 0.84609375 0.265625 0.0265625 0.0859375
10 0.80390625 0.2587890625 0.0234375 0.087890625
10 0.30703125 0.05859375 0.0421875 0.109375
10 0.85078125 0.3642578125 0.0234375 0.033203125
12 0.5859375 0.16796875 0.096875 0.0390625
12 0.5609375 0.431640625 0.0125 0.01953125
12 0.82734375 0.4267578125 0.0171875 0.021484375
12 0.83515625 0.453125 0.0078125 0.01953125
1 0.70390625 0.466796875 0.0140625 0.0625
1 0.58125 0.462890625 0.0125 0.01953125
2 0.63671875 0.4853515625 0.0359375 0.037109375
3 0.96640625 0.4814453125 0.0640625 0.064453125
3 0.46328125 0.4736328125 0.0921875 0.095703125
3 0.3859375 0.47265625 0.0375 0.0390625
3 0.1890625 0.5048828125 0.19375 0.138671875
