1 0.4640625 0.388671875 0.009375 0.03125
1 0.4 0.3828125 0.009375 0.03515625
1 0.4046875 0.3828125 0.009375 0.03515625
1 0.028125 0.3447265625 0.04375 0.083984375
1 0.0734375 0.3779296875 0.053125 0.189453125
1 0.4203125 0.3837890625 0.0125 0.033203125
3 0.03359375 0.4638671875 0.0671875 0.244140625
3 0.9046875 0.47265625 0.1875 0.18359375
3 0.55859375 0.4267578125 0.1203125 0.119140625
3 0.5125 0.396484375 0.065625 0.08203125
3 0.4921875 0.3857421875 0.03125 0.060546875
3 0.471875 0.390625 0.0125 0.02734375
3 0.12734375 0.3955078125 0.0953125 0.107421875
3 0.18203125 0.3916015625 0.0640625 0.087890625
3 0.2421875 0.3857421875 0.071875 0.064453125
3 0.284375 0.384765625 0.0375 0.05859375
3 0.44140625 0.388671875 0.0203125 0.0234375
3 0.32265625 0.3828125 0.0453125 0.046875
3 0.34296875 0.3818359375 0.0203125 0.044921875
3 0.3640625 0.3837890625 0.028125 0.037109375
3 0.3828125 0.3857421875 0.015625 0.025390625
1 0.3953125 0.3876953125 0.009375 0.025390625
