10 0.96015625 0.216796875 0.0359375 0.12109375
12 0.95546875 0.3720703125 0.0859375 0.115234375
1 0.17734375 0.4697265625 0.0171875 0.052734375
1 0.2 0.474609375 0.01875 0.05859375
1 0.61875 0.5009765625 0.015625 0.029296875
1 0.73125 0.48046875 0.015625 0.04296875
1 0.425 0.46875 0.00625 0.02734375
2 0.6 0.515625 0.021875 0.04296875
3 0.5234375 0.466796875 0.009375 0.01171875
3 0.54375 0.466796875 0.009375 0.01171875
3 0.31875 0.4833984375 0.065625 0.060546875
3 0.3640625 0.48046875 0.0375 0.05078125
3 0.38984375 0.478515625 0.0265625 0.046875
3 0.40859375 0.4765625 0.0296875 0.04296875
3 0.5046875 0.53515625 0.128125 0.12109375
1 0.60078125 0.5009765625 0.0234375 0.064453125
