10 0.1140625 0.3037109375 0.015625 0.056640625
10 0.4671875 0.15625 0.015625 0.05859375
10 0.67578125 0.3134765625 0.0140625 0.056640625
12 0.81015625 0.3525390625 0.0484375 0.017578125
12 0.8109375 0.333984375 0.01875 0.01953125
1 0.540625 0.5908203125 0.165625 0.392578125
1 0.41328125 0.4794921875 0.0546875 0.126953125
1 0.015625 0.4443359375 0.021875 0.068359375
1 0.03984375 0.4384765625 0.0234375 0.025390625
1 0.06484375 0.4384765625 0.0171875 0.025390625
1 0.08125 0.439453125 0.01875 0.0234375
1 0.09921875 0.443359375 0.0140625 0.03125
1 0.85625 0.4462890625 0.01875 0.041015625
1 0.98203125 0.453125 0.0203125 0.046875
1 0.71640625 0.46484375 0.0328125 0.0703125
1 0.690625 0.4599609375 0.015625 0.064453125
1 0.69921875 0.458984375 0.0140625 0.06640625
1 0.49296875 0.4521484375 0.0109375 0.029296875
1 0.50078125 0.451171875 0.0109375 0.03125
1 0.44375 0.4453125 0.00625 0.015625
3 0.2359375 0.4638671875 0.11875 0.052734375
3 0.51484375 0.451171875 0.0171875 0.0234375
3 0.475 0.4453125 0.01875 0.015625
1 0.80078125 0.6484375 0.1453125 0.2734375
2 0.16796875 0.4765625 0.0265625 0.05078125
