10 0.15625 0.369140625 0.0125 0.03125
10 0.23046875 0.3544921875 0.0109375 0.029296875
10 0.32578125 0.3935546875 0.0078125 0.021484375
10 0.36640625 0.3896484375 0.0078125 0.021484375
10 0.4453125 0.3671875 0.009375 0.0234375
10 0.6234375 0.3876953125 0.009375 0.029296875
10 0.54453125 0.4111328125 0.0078125 0.017578125
10 0.58828125 0.3857421875 0.0078125 0.025390625
10 0.5953125 0.4140625 0.00625 0.01171875
12 0.3453125 0.3876953125 0.009375 0.017578125
12 0.68984375 0.3740234375 0.0203125 0.033203125
12 0.52109375 0.4267578125 0.0109375 0.017578125
12 0.478125 0.4287109375 0.009375 0.009765625
3 0.12578125 0.4921875 0.2515625 0.2734375
3 0.3953125 0.4697265625 0.05625 0.052734375
3 0.48125 0.4814453125 0.09375 0.091796875
