6 0.84296875 0.423828125 0.3109375 0.15234375
6 0.5234375 0.4423828125 0.075 0.076171875
6 0.43515625 0.4541015625 0.1015625 0.041015625
1 0.69296875 0.4716796875 0.0421875 0.138671875
1 0.65234375 0.486328125 0.0390625 0.11328125
1 0.6078125 0.455078125 0.01875 0.0546875
1 0.56953125 0.4560546875 0.0109375 0.052734375
1 0.5875 0.45703125 0.015625 0.046875
1 0.55078125 0.458984375 0.0109375 0.04296875
1 0.37421875 0.4658203125 0.0078125 0.021484375
1 0.3828125 0.46484375 0.00625 0.0234375
1 0.16953125 0.4814453125 0.0109375 0.037109375
3 0.95 0.486328125 0.096875 0.109375
3 0.94921875 0.4384765625 0.0984375 0.095703125
3 0.90859375 0.4423828125 0.1796875 0.130859375
3 0.45234375 0.4638671875 0.0265625 0.021484375
3 0.47265625 0.462890625 0.0234375 0.0234375
11 0.33984375 0.478515625 0.0078125 0.01953125
