10 0.4484375 0.45703125 0.0125 0.03515625
10 0.365625 0.4326171875 0.015625 0.041015625
12 0.3640625 0.4794921875 0.015625 0.017578125
12 0.78359375 0.46484375 0.0265625 0.03515625
1 0.92265625 0.54296875 0.0203125 0.0625
1 0.8796875 0.533203125 0.015625 0.02734375
1 0.75546875 0.537109375 0.0109375 0.0234375
3 0.0640625 0.8291015625 0.128125 0.337890625
3 0.22578125 0.6171875 0.2640625 0.25
3 0.39375 0.55859375 0.0875 0.05859375
3 0.60390625 0.6396484375 0.1828125 0.177734375
3 0.653125 0.5361328125 0.0375 0.037109375
