6 0.56640625 0.384765625 0.0296875 0.046875
10 0.26953125 0.255859375 0.0234375 0.09375
10 0.4125 0.3095703125 0.01875 0.037109375
10 0.7125 0.2861328125 0.01875 0.091796875
10 0.68203125 0.3037109375 0.0171875 0.080078125
10 0.24609375 0.2890625 0.0234375 0.03125
10 0.17890625 0.271484375 0.0171875 0.06640625
10 0.47734375 0.3408203125 0.0109375 0.025390625
12 0.40546875 0.333984375 0.0078125 0.015625
12 0.8984375 0.3544921875 0.0125 0.017578125
1 0.23203125 0.412109375 0.0296875 0.1328125
1 0.25546875 0.41015625 0.0296875 0.140625
1 0.278125 0.37109375 0.021875 0.05859375
1 0.846875 0.4365234375 0.0125 0.044921875
1 0.621875 0.4365234375 0.025 0.115234375
8 0.67734375 0.40234375 0.0515625 0.09765625
4 0.290625 0.451171875 0.06875 0.125
3 0.5984375 0.4228515625 0.025 0.033203125
3 0.5609375 0.4208984375 0.0375 0.044921875
1 0.30078125 0.3876953125 0.0421875 0.091796875
11 0.971875 0.470703125 0.0125 0.04296875
