6 0.75 0.44921875 0.15 0.1875
10 0.43359375 0.4296875 0.0078125 0.01953125
10 0.628125 0.380859375 0.0125 0.02734375
12 0.54609375 0.466796875 0.0171875 0.015625
12 0.93984375 0.4462890625 0.0140625 0.017578125
3 0.1109375 0.75 0.221875 0.3828125
3 0.49375 0.5087890625 0.0375 0.044921875
3 0.4390625 0.5390625 0.11875 0.125
3 0.3296875 0.59375 0.234375 0.17578125
3 0.60234375 0.62890625 0.2984375 0.31640625
3 0.64140625 0.48828125 0.1484375 0.0703125
3 0.796875 0.53125 0.109375 0.1015625
3 0.85703125 0.4990234375 0.0328125 0.056640625
3 0.884375 0.5068359375 0.059375 0.072265625
3 0.93046875 0.5107421875 0.0828125 0.087890625
3 0.97109375 0.5146484375 0.0546875 0.091796875
3 0.98984375 0.5380859375 0.0171875 0.072265625
