2 0.71796875 0.5849609375 0.0453125 0.138671875
2 0.65703125 0.5595703125 0.0546875 0.123046875
3 0.04609375 0.5537109375 0.0921875 0.287109375
3 0.0984375 0.486328125 0.196875 0.15234375
3 0.30859375 0.509765625 0.1328125 0.09765625
3 0.37734375 0.4892578125 0.0828125 0.095703125
3 0.4375 0.4833984375 0.046875 0.052734375
3 0.459375 0.48046875 0.021875 0.046875
3 0.46328125 0.4716796875 0.0453125 0.052734375
3 0.4890625 0.4736328125 0.01875 0.041015625
3 0.5171875 0.4677734375 0.021875 0.021484375
3 0.52890625 0.466796875 0.0109375 0.01953125
3 0.53671875 0.4677734375 0.0109375 0.017578125
3 0.54375 0.466796875 0.0125 0.015625
3 0.55078125 0.4638671875 0.0109375 0.009765625
3 0.7828125 0.537109375 0.084375 0.12109375
3 0.628125 0.4833984375 0.034375 0.041015625
3 0.61484375 0.4736328125 0.0265625 0.037109375
3 0.59765625 0.470703125 0.0203125 0.01953125
3 0.584375 0.4697265625 0.0125 0.017578125
3 0.95390625 0.6865234375 0.0890625 0.236328125
3 0.94921875 0.5087890625 0.0984375 0.115234375
1 0.725 0.5341796875 0.059375 0.185546875
1 0.65859375 0.5107421875 0.0609375 0.166015625
