12 0.38828125 0.396484375 0.0078125 0.01953125
12 0.23671875 0.421875 0.0046875 0.01171875
1 0.14453125 0.4765625 0.0359375 0.1328125
1 0.28125 0.470703125 0.021875 0.08984375
1 0.3953125 0.4931640625 0.03125 0.150390625
2 0.10546875 0.4736328125 0.0171875 0.037109375
3 0.18828125 0.4658203125 0.0328125 0.041015625
3 0.221875 0.46875 0.04375 0.046875
3 0.2578125 0.4697265625 0.05625 0.056640625
3 0.27734375 0.474609375 0.0359375 0.05859375
3 0.33203125 0.4736328125 0.0890625 0.076171875
3 0.3625 0.4794921875 0.05625 0.076171875
3 0.4203125 0.48046875 0.10625 0.09375
3 0.446875 0.4951171875 0.065625 0.091796875
3 0.496875 0.4873046875 0.084375 0.123046875
3 0.53203125 0.4951171875 0.0828125 0.126953125
3 0.025 0.478515625 0.05 0.1171875
3 0.06328125 0.4765625 0.0609375 0.08203125
1 0.10390625 0.4619140625 0.0171875 0.048828125
