10 0.71875 0.2900390625 0.015625 0.072265625
10 0.73046875 0.3642578125 0.0109375 0.021484375
10 0.590625 0.314453125 0.01875 0.05078125
10 0.5984375 0.3740234375 0.01875 0.017578125
10 0.05078125 0.345703125 0.0171875 0.05078125
10 0.04765625 0.40234375 0.0171875 0.01953125
12 0.60703125 0.35546875 0.0421875 0.01171875
1 0.62109375 0.453125 0.0203125 0.06640625
1 0.6015625 0.44921875 0.01875 0.0703125
3 0.5015625 0.4599609375 0.053125 0.052734375
3 0.484375 0.4521484375 0.0375 0.048828125
3 0.459375 0.4521484375 0.0125 0.021484375
3 0.4671875 0.4541015625 0.0125 0.033203125
3 0.45078125 0.44921875 0.0046875 0.01171875
3 0.43828125 0.443359375 0.0109375 0.01171875
3 0.42265625 0.451171875 0.0140625 0.015625
3 0.39765625 0.451171875 0.0203125 0.01953125
3 0.36953125 0.4541015625 0.0109375 0.013671875
3 0.36171875 0.453125 0.0109375 0.015625
3 0.3484375 0.4560546875 0.01875 0.021484375
3 0.2296875 0.4697265625 0.0625 0.048828125
