12 0.79453125 0.388671875 0.0296875 0.04296875
1 0.39296875 0.4345703125 0.0078125 0.021484375
1 0.40859375 0.44140625 0.0078125 0.01953125
1 0.42265625 0.4443359375 0.0109375 0.033203125
1 0.4359375 0.435546875 0.00625 0.01953125
1 0.6046875 0.4375 0.003125 0.01953125
1 0.596875 0.4326171875 0.00625 0.013671875
1 0.65625 0.4384765625 0.009375 0.017578125
1 0.6390625 0.4482421875 0.0125 0.041015625
1 0.896875 0.4873046875 0.028125 0.103515625
1 0.8421875 0.4755859375 0.01875 0.072265625
1 0.4953125 0.44140625 0.009375 0.02734375
1 0.7734375 0.4716796875 0.0125 0.033203125
2 0.58046875 0.4677734375 0.0171875 0.033203125
2 0.83125 0.484375 0.053125 0.046875
8 0.578125 0.421875 0.021875 0.01953125
3 0.47265625 0.458984375 0.0578125 0.046875
3 0.5 0.435546875 0.0125 0.01171875
3 0.5125 0.435546875 0.021875 0.015625
3 0.51953125 0.4375 0.0109375 0.015625
3 0.53515625 0.4423828125 0.0265625 0.029296875
3 0.58828125 0.4443359375 0.0296875 0.029296875
3 0.56640625 0.44140625 0.0140625 0.01953125
3 0.68046875 0.4775390625 0.0859375 0.095703125
3 0.78359375 0.455078125 0.0578125 0.0390625
3 0.7671875 0.44921875 0.05 0.02734375
3 0.75625 0.4423828125 0.04375 0.025390625
3 0.55703125 0.4404296875 0.0109375 0.013671875
1 0.58046875 0.453125 0.0171875 0.05078125
11 0.22421875 0.505859375 0.0234375 0.0390625
