10 0.6609375 0.2587890625 0.025 0.076171875
10 0.41484375 0.0810546875 0.0203125 0.076171875
10 0.6578125 0.3408203125 0.015625 0.037109375
10 0.14609375 0.2607421875 0.0203125 0.076171875
1 0.353125 0.4482421875 0.009375 0.041015625
1 0.51171875 0.4453125 0.0078125 0.03515625
2 0.86640625 0.6005859375 0.1203125 0.251953125
2 0.58203125 0.5244140625 0.0515625 0.134765625
2 0.43046875 0.53515625 0.0546875 0.15234375
2 0.47890625 0.46875 0.0203125 0.0390625
2 0.2046875 0.4677734375 0.028125 0.060546875
2 0.19296875 0.470703125 0.0234375 0.0546875
2 0.23359375 0.4658203125 0.0109375 0.048828125
2 0.63046875 0.4658203125 0.0234375 0.052734375
3 0.37109375 0.4521484375 0.0265625 0.029296875
3 0.39140625 0.4501953125 0.0171875 0.029296875
1 0.58359375 0.458984375 0.0609375 0.20703125
1 0.4265625 0.48046875 0.0625 0.2265625
1 0.478125 0.4501953125 0.025 0.068359375
1 0.86171875 0.5029296875 0.1078125 0.365234375
1 0.63125 0.4482421875 0.01875 0.083984375
