10 0.02578125 0.3359375 0.0328125 0.09375
10 0.23359375 0.4384765625 0.0109375 0.037109375
10 0.9453125 0.3330078125 0.034375 0.103515625
10 0.759375 0.49609375 0.0125 0.015625
10 0.61328125 0.5244140625 0.0078125 0.021484375
10 0.48984375 0.4677734375 0.0109375 0.029296875
12 0.025 0.4189453125 0.046875 0.060546875
12 0.021875 0.466796875 0.040625 0.0234375
12 0.23359375 0.4716796875 0.0203125 0.025390625
12 0.9703125 0.42578125 0.05625 0.07421875
12 0.9671875 0.2373046875 0.0625 0.076171875
1 0.00625 0.5439453125 0.0125 0.091796875
1 0.0421875 0.5380859375 0.015625 0.072265625
1 0.059375 0.5400390625 0.015625 0.068359375
1 0.0765625 0.53125 0.021875 0.06640625
1 0.1015625 0.5380859375 0.021875 0.068359375
1 0.121875 0.5458984375 0.01875 0.060546875
1 0.2546875 0.5361328125 0.01875 0.048828125
1 0.27421875 0.52734375 0.0140625 0.03515625
1 0.31484375 0.525390625 0.0109375 0.03515625
1 0.32109375 0.525390625 0.0078125 0.03515625
1 0.3328125 0.5263671875 0.0125 0.033203125
1 0.33984375 0.5244140625 0.0109375 0.029296875
1 0.353125 0.5263671875 0.01875 0.041015625
1 0.3671875 0.521484375 0.009375 0.03515625
1 0.9671875 0.642578125 0.0625 0.2421875
1 0.84296875 0.5625 0.0234375 0.0625
1 0.821875 0.5615234375 0.034375 0.064453125
1 0.72109375 0.62109375 0.0546875 0.15234375
1 0.69140625 0.5498046875 0.0203125 0.080078125
1 0.659375 0.5341796875 0.0125 0.056640625
1 0.67109375 0.5361328125 0.0140625 0.052734375
1 0.540625 0.53125 0.015625 0.03515625
1 0.553125 0.5302734375 0.009375 0.037109375
1 0.5609375 0.54296875 0.025 0.05859375
1 0.5265625 0.595703125 0.05 0.14453125
1 0.4859375 0.5244140625 0.009375 0.033203125
1 0.49765625 0.5244140625 0.0109375 0.029296875
1 0.5078125 0.515625 0.009375 0.01953125
1 0.45390625 0.525390625 0.0078125 0.02734375
1 0.4640625 0.5283203125 0.0125 0.033203125
1 0.4421875 0.5283203125 0.01875 0.037109375
2 0.18515625 0.578125 0.0453125 0.0546875
3 0.39609375 0.708984375 0.3234375 0.33203125
3 0.1125 0.708984375 0.225 0.26953125
1 0.1875 0.546875 0.040625 0.08203125
