12 0.215625 0.388671875 0.034375 0.08203125
12 0.253125 0.37890625 0.015625 0.03515625
12 0.33515625 0.3876953125 0.0203125 0.048828125
1 0.7828125 0.443359375 0.009375 0.0234375
1 0.846875 0.4599609375 0.009375 0.033203125
3 0.528125 0.44140625 0.075 0.03125
3 0.715625 0.4501953125 0.05625 0.041015625
3 0.6859375 0.455078125 0.0625 0.03515625
3 0.28828125 0.44921875 0.0828125 0.02734375
3 0.6265625 0.4794921875 0.115625 0.052734375
3 0.5421875 0.52734375 0.14375 0.09375
3 0.39375 0.54296875 0.375 0.2265625
3 0.93984375 0.501953125 0.1171875 0.06640625
