2 0.76640625 0.57421875 0.1890625 0.1484375
2 0.53515625 0.55078125 0.1609375 0.13671875
2 0.25 0.537109375 0.05 0.1015625
2 0.14140625 0.52734375 0.0453125 0.09765625
3 0.559375 0.482421875 0.053125 0.078125
3 0.375 0.4765625 0.025 0.046875
3 0.3421875 0.474609375 0.05 0.0625
3 0.303125 0.48828125 0.078125 0.0703125
3 0.18828125 0.4775390625 0.0796875 0.083984375
3 0.04140625 0.505859375 0.0828125 0.12109375
1 0.140625 0.49609375 0.04375 0.140625
1 0.25390625 0.4970703125 0.0578125 0.150390625
1 0.534375 0.4853515625 0.096875 0.220703125
1 0.75859375 0.5146484375 0.1046875 0.220703125
10 0.61640625 0.330078125 0.0109375 0.03515625
