1 0.959375 0.5361328125 0.06875 0.193359375
1 0.91171875 0.478515625 0.0171875 0.0625
1 0.784375 0.4775390625 0.021875 0.072265625
1 0.75078125 0.4755859375 0.0140625 0.056640625
1 0.76640625 0.4755859375 0.0140625 0.056640625
1 0.8296875 0.4638671875 0.0125 0.025390625
1 0.79765625 0.4765625 0.0171875 0.0546875
1 0.246875 0.5087890625 0.05 0.177734375
1 0.0078125 0.5224609375 0.015625 0.146484375
1 0.52734375 0.466796875 0.0171875 0.04296875
1 0.36796875 0.4560546875 0.0109375 0.025390625
1 0.475 0.4541015625 0.015625 0.017578125
1 0.3875 0.462890625 0.015625 0.04296875
1 0.39609375 0.4697265625 0.0140625 0.041015625
1 0.509375 0.4580078125 0.015625 0.029296875
1 0.434375 0.4580078125 0.0125 0.037109375
1 0.415625 0.4716796875 0.0125 0.041015625
2 0.29921875 0.5478515625 0.0921875 0.107421875
2 0.19921875 0.5244140625 0.0703125 0.076171875
3 0.85546875 0.4794921875 0.0828125 0.056640625
3 0.71953125 0.48828125 0.0515625 0.0546875
3 0.63359375 0.490234375 0.1453125 0.1015625
3 0.47109375 0.5087890625 0.1390625 0.091796875
3 0.309375 0.51953125 0.209375 0.11328125
1 0.3015625 0.50390625 0.065625 0.15234375
