12 0.95078125 0.2822265625 0.0296875 0.056640625
1 0.634375 0.50390625 0.046875 0.18359375
1 0.58203125 0.4931640625 0.0484375 0.197265625
1 0.53671875 0.5009765625 0.0609375 0.205078125
1 0.4546875 0.453125 0.025 0.03515625
1 0.40625 0.453125 0.021875 0.0390625
3 0.92578125 0.5087890625 0.1453125 0.259765625
3 0.746875 0.50390625 0.196875 0.13671875
3 0.68203125 0.48046875 0.1921875 0.1328125
3 0.3609375 0.46875 0.05 0.046875
3 0.3265625 0.4716796875 0.034375 0.033203125
3 0.30859375 0.46484375 0.0546875 0.04296875
3 0.27109375 0.4677734375 0.0296875 0.033203125
3 0.0859375 0.4814453125 0.171875 0.107421875
3 0.17734375 0.46484375 0.0828125 0.0625
