10 0.25078125 0.4189453125 0.0078125 0.025390625
10 0.6046875 0.4306640625 0.00625 0.021484375
12 0.79921875 0.3642578125 0.0671875 0.064453125
1 0.18515625 0.517578125 0.0234375 0.0859375
1 0.31796875 0.494140625 0.0109375 0.04296875
1 0.30859375 0.4853515625 0.0109375 0.025390625
1 0.6515625 0.5634765625 0.0375 0.068359375
1 0.978125 0.509765625 0.040625 0.10546875
1 0.93984375 0.49609375 0.0359375 0.1015625
1 0.85390625 0.4912109375 0.0296875 0.044921875
1 0.69609375 0.4990234375 0.0171875 0.052734375
1 0.68046875 0.5009765625 0.0140625 0.052734375
1 0.68515625 0.5009765625 0.0109375 0.048828125
1 0.646875 0.5009765625 0.009375 0.041015625
1 0.65234375 0.5 0.0078125 0.04296875
1 0.6296875 0.494140625 0.009375 0.0390625
1 0.5921875 0.4912109375 0.009375 0.025390625
1 0.6140625 0.490234375 0.00625 0.01953125
1 0.45546875 0.4921875 0.0109375 0.0234375
2 0.57734375 0.52734375 0.0171875 0.046875
3 0.06796875 0.51953125 0.1359375 0.12109375
3 0.16484375 0.5107421875 0.0671875 0.095703125
3 0.2265625 0.505859375 0.078125 0.0859375
3 0.4828125 0.529296875 0.0875 0.09375
1 0.57734375 0.5146484375 0.0171875 0.060546875
