6 0.05234375 0.4658203125 0.1046875 0.197265625
1 0.01875 0.5341796875 0.0375 0.154296875
1 0.51015625 0.4912109375 0.0171875 0.080078125
1 0.6015625 0.482421875 0.025 0.08984375
2 0.634375 0.5 0.025 0.0390625
3 0.221875 0.501953125 0.15 0.08203125
3 0.14375 0.474609375 0.059375 0.05078125
3 0.70546875 0.4873046875 0.1015625 0.052734375
3 0.7875 0.4833984375 0.078125 0.048828125
3 0.8859375 0.4755859375 0.090625 0.060546875
3 0.9484375 0.4765625 0.04375 0.0390625
1 0.63359375 0.48046875 0.0234375 0.07421875
8 0.50859375 0.45703125 0.1421875 0.09375
1 0.99296875 0.46875 0.0109375 0.046875
