10 0.24609375 0.2802734375 0.0203125 0.083984375
10 0.2359375 0.3671875 0.028125 0.03515625
10 0.96328125 0.3291015625 0.0234375 0.076171875
10 0.9671875 0.41015625 0.025 0.03125
10 0.03828125 0.236328125 0.0328125 0.08984375
10 0.0359375 0.3427734375 0.025 0.044921875
12 0.65234375 0.4384765625 0.0078125 0.013671875
12 0.59453125 0.427734375 0.0109375 0.015625
1 0.171875 0.4951171875 0.034375 0.142578125
1 0.19296875 0.484375 0.0359375 0.14453125
1 0.03203125 0.48046875 0.0328125 0.15234375
8 0.55 0.4521484375 0.05 0.072265625
8 0.44921875 0.455078125 0.0140625 0.01953125
3 0.66484375 0.4990234375 0.0640625 0.064453125
3 0.6265625 0.490234375 0.059375 0.0546875
3 0.6 0.4853515625 0.025 0.044921875
3 0.58984375 0.48046875 0.0390625 0.046875
3 0.575 0.4765625 0.0375 0.046875
3 0.5546875 0.48046875 0.01875 0.03125
3 0.52265625 0.4697265625 0.0140625 0.025390625
3 0.515625 0.4658203125 0.021875 0.025390625
3 0.48359375 0.4755859375 0.0421875 0.041015625
3 0.45546875 0.4609375 0.0203125 0.0234375
3 0.43125 0.4677734375 0.0125 0.033203125
3 0.41484375 0.470703125 0.0328125 0.0390625
3 0.4015625 0.4833984375 0.05625 0.056640625
