10 0.45703125 0.3896484375 0.0078125 0.025390625
12 0.57734375 0.3896484375 0.0046875 0.005859375
1 0.878125 0.46875 0.009375 0.03515625
1 0.8546875 0.45703125 0.0125 0.04296875
1 0.5671875 0.423828125 0.00625 0.015625
1 0.2890625 0.439453125 0.0125 0.0390625
1 0.253125 0.4404296875 0.015625 0.029296875
1 0.23828125 0.4462890625 0.0140625 0.037109375
2 0.71484375 0.509765625 0.0234375 0.05859375
2 0.2390625 0.4892578125 0.028125 0.033203125
3 0.59921875 0.4296875 0.0265625 0.0234375
3 0.58515625 0.419921875 0.0109375 0.01171875
3 0.40703125 0.4609375 0.0359375 0.0625
3 0.35859375 0.466796875 0.0765625 0.0703125
1 0.715625 0.48828125 0.028125 0.078125
