6 0.846875 0.4228515625 0.303125 0.150390625
6 0.51796875 0.4462890625 0.0640625 0.080078125
6 0.43203125 0.4501953125 0.1015625 0.029296875
1 0.67734375 0.4697265625 0.0359375 0.134765625
1 0.640625 0.4833984375 0.0375 0.103515625
1 0.61015625 0.4580078125 0.0140625 0.056640625
1 0.5890625 0.4580078125 0.015625 0.048828125
1 0.571875 0.455078125 0.0125 0.05078125
1 0.55625 0.4580078125 0.009375 0.044921875
1 0.54765625 0.4580078125 0.0078125 0.041015625
1 0.37578125 0.4638671875 0.0078125 0.021484375
1 0.16953125 0.486328125 0.0109375 0.046875
1 0.128125 0.4892578125 0.015625 0.029296875
3 0.94921875 0.486328125 0.0984375 0.1171875
3 0.95078125 0.4365234375 0.0953125 0.091796875
3 0.91015625 0.4482421875 0.1765625 0.138671875
3 0.4703125 0.4638671875 0.03125 0.025390625
3 0.45234375 0.462890625 0.0265625 0.0234375
11 0.3390625 0.4775390625 0.00625 0.021484375
