10 0.5921875 0.353515625 0.00625 0.01953125
10 0.64375 0.40234375 0.00625 0.01953125
10 0.6484375 0.4267578125 0.00625 0.009765625
12 0.95390625 0.3115234375 0.0140625 0.068359375
12 0.73515625 0.3525390625 0.0359375 0.025390625
12 0.73515625 0.310546875 0.0453125 0.05859375
1 0.7859375 0.5087890625 0.084375 0.314453125
1 0.83828125 0.5390625 0.0890625 0.36328125
2 0.72890625 0.4990234375 0.0578125 0.072265625
3 0.59140625 0.470703125 0.0328125 0.0546875
3 0.02890625 0.490234375 0.0578125 0.15625
3 0.06015625 0.5048828125 0.0484375 0.099609375
3 0.12421875 0.4892578125 0.1015625 0.224609375
3 0.35859375 0.5478515625 0.4859375 0.525390625
12 0.6546875 0.37109375 0.0125 0.0078125
12 0.0078125 0.369140625 0.015625 0.05078125
