6 0.42890625 0.4541015625 0.0890625 0.037109375
6 0.515625 0.44921875 0.059375 0.0859375
6 0.83515625 0.4111328125 0.2859375 0.103515625
1 0.0515625 0.4970703125 0.01875 0.072265625
1 0.06796875 0.49609375 0.0203125 0.06640625
1 0.128125 0.498046875 0.015625 0.05078125
1 0.72421875 0.4716796875 0.0390625 0.119140625
1 0.68046875 0.47265625 0.0359375 0.11328125
1 0.63515625 0.451171875 0.0140625 0.05078125
1 0.62578125 0.4501953125 0.0109375 0.044921875
1 0.60546875 0.462890625 0.0171875 0.05859375
1 0.54921875 0.4599609375 0.0078125 0.041015625
1 0.55859375 0.4599609375 0.0140625 0.041015625
1 0.5828125 0.4609375 0.0125 0.0390625
1 0.575 0.458984375 0.009375 0.0390625
1 0.5703125 0.45703125 0.00625 0.0390625
1 0.5921875 0.4580078125 0.0125 0.044921875
3 0.3609375 0.48828125 0.071875 0.0703125
3 0.41484375 0.4658203125 0.0234375 0.025390625
3 0.45234375 0.462890625 0.0265625 0.0234375
3 0.4703125 0.462890625 0.03125 0.02734375
3 0.64765625 0.4482421875 0.0171875 0.025390625
3 0.9515625 0.486328125 0.09375 0.11328125
3 0.909375 0.451171875 0.178125 0.13671875
3 0.85078125 0.4453125 0.1390625 0.1015625
12 0.1109375 0.5 0.021875 0.0546875
6 0.634375 0.4228515625 0.090625 0.025390625
