1 0.45625 0.4599609375 0.0125 0.037109375
1 0.46875 0.4580078125 0.009375 0.041015625
1 0.47890625 0.45703125 0.0078125 0.03125
1 0.5453125 0.4638671875 0.0125 0.060546875
3 0.05703125 0.546875 0.1140625 0.21484375
3 0.21640625 0.501953125 0.1484375 0.12109375
3 0.29765625 0.4951171875 0.0515625 0.083984375
3 0.35625 0.474609375 0.075 0.06640625
3 0.396875 0.470703125 0.028125 0.0546875
3 0.4234375 0.4658203125 0.03125 0.037109375
3 0.428125 0.4580078125 0.034375 0.044921875
3 0.4484375 0.4560546875 0.015625 0.037109375
3 0.5125 0.458984375 0.028125 0.03125
3 0.63984375 0.50390625 0.0921875 0.09375
3 0.70234375 0.4697265625 0.0640625 0.060546875
3 0.75625 0.486328125 0.078125 0.0859375
3 0.64921875 0.451171875 0.0453125 0.02734375
3 0.6015625 0.474609375 0.05625 0.06640625
3 0.56875 0.46484375 0.01875 0.04296875
1 0.53515625 0.466796875 0.0140625 0.05859375
1 0.55234375 0.4677734375 0.0203125 0.072265625
