3 0.03359375 0.4970703125 0.0671875 0.083984375
3 0.08984375 0.4873046875 0.0828125 0.068359375
3 0.14375 0.4833984375 0.0625 0.060546875
3 0.20390625 0.4765625 0.0421875 0.03125
3 0.225 0.46875 0.03125 0.03125
3 0.2453125 0.4736328125 0.0125 0.021484375
3 0.2515625 0.46875 0.021875 0.0234375
3 0.26796875 0.458984375 0.0296875 0.03515625
3 0.2859375 0.4658203125 0.0125 0.021484375
3 0.30234375 0.466796875 0.0171875 0.015625
3 0.3546875 0.4658203125 0.021875 0.021484375
3 0.9203125 0.5693359375 0.15625 0.259765625
3 0.7875 0.52734375 0.2375 0.18359375
3 0.6578125 0.5048828125 0.11875 0.119140625
3 0.6 0.490234375 0.078125 0.09375
3 0.55703125 0.48828125 0.0453125 0.078125
3 0.5359375 0.4775390625 0.05625 0.076171875
3 0.50703125 0.4765625 0.0328125 0.046875
3 0.46484375 0.4658203125 0.0421875 0.033203125
3 0.315625 0.4677734375 0.009375 0.013671875
3 0.3203125 0.4658203125 0.0125 0.017578125
