6 0.84453125 0.4072265625 0.3078125 0.119140625
6 0.6359375 0.431640625 0.090625 0.04296875
6 0.4609375 0.4423828125 0.04375 0.021484375
6 0.51484375 0.4501953125 0.0578125 0.087890625
6 0.41328125 0.4560546875 0.0609375 0.072265625
1 0.115625 0.4951171875 0.01875 0.056640625
1 0.1296875 0.4912109375 0.0125 0.029296875
1 0.1703125 0.4814453125 0.0125 0.037109375
1 0.53203125 0.4755859375 0.0265625 0.076171875
1 0.55546875 0.4677734375 0.0328125 0.087890625
1 0.5828125 0.4697265625 0.015625 0.068359375
1 0.59296875 0.4609375 0.0171875 0.0625
1 0.60390625 0.451171875 0.0140625 0.04296875
1 0.6109375 0.458984375 0.0125 0.0625
1 0.61953125 0.462890625 0.0171875 0.07421875
1 0.63046875 0.4521484375 0.0109375 0.044921875
1 0.63828125 0.447265625 0.0109375 0.03515625
1 0.675 0.431640625 0.015625 0.0234375
3 0.45390625 0.4638671875 0.0234375 0.021484375
3 0.47421875 0.4609375 0.0265625 0.02734375
3 0.84765625 0.4453125 0.1390625 0.1015625
3 0.9140625 0.4482421875 0.16875 0.130859375
3 0.9515625 0.4873046875 0.09375 0.103515625
11 0.340625 0.4775390625 0.00625 0.021484375
