6 0.46171875 0.3896484375 0.0359375 0.044921875
10 0.7703125 0.2939453125 0.01875 0.076171875
10 0.65078125 0.337890625 0.0109375 0.046875
10 0.6203125 0.359375 0.009375 0.03125
10 0.6046875 0.36328125 0.009375 0.03515625
10 0.72734375 0.3095703125 0.0171875 0.064453125
1 0.3875 0.40234375 0.009375 0.046875
1 0.3625 0.40234375 0.0125 0.046875
8 0.50625 0.3955078125 0.028125 0.037109375
8 0.9125 0.41796875 0.171875 0.1796875
3 0.16328125 0.4619140625 0.3265625 0.388671875
3 0.471875 0.404296875 0.025 0.02734375
3 0.50390625 0.4052734375 0.0234375 0.021484375
3 0.53359375 0.4091796875 0.0296875 0.041015625
3 0.5625 0.4140625 0.040625 0.046875
3 0.5890625 0.416015625 0.015625 0.03515625
3 0.6078125 0.4169921875 0.021875 0.033203125
3 0.68046875 0.4150390625 0.0609375 0.072265625
3 0.65234375 0.443359375 0.1015625 0.08984375
