10 0.01484375 0.0693359375 0.0296875 0.064453125
10 0.9796875 0.083984375 0.0375 0.16796875
10 0.83203125 0.1396484375 0.0421875 0.158203125
10 0.86484375 0.3310546875 0.0171875 0.056640625
10 0.94296875 0.458984375 0.0390625 0.06640625
10 0.8125 0.4296875 0.025 0.046875
10 0.6484375 0.2880859375 0.01875 0.064453125
10 0.6296875 0.3037109375 0.015625 0.056640625
12 0.7 0.37109375 0.009375 0.01171875
1 0.36953125 0.40625 0.0203125 0.0859375
1 0.43203125 0.40234375 0.0109375 0.02734375
1 0.7375 0.43359375 0.028125 0.0859375
1 0.765625 0.427734375 0.009375 0.0390625
3 0.696875 0.431640625 0.071875 0.06640625
3 0.65078125 0.4228515625 0.0359375 0.048828125
3 0.62421875 0.4189453125 0.0234375 0.041015625
3 0.59296875 0.40625 0.0171875 0.01171875
3 0.56484375 0.404296875 0.0140625 0.015625
3 0.5328125 0.4013671875 0.01875 0.017578125
3 0.51953125 0.400390625 0.0078125 0.01171875
