10 0.5578125 0.41015625 0.003125 0.0078125
10 0.53671875 0.4091796875 0.0046875 0.009765625
10 0.5703125 0.4033203125 0.003125 0.009765625
10 0.37421875 0.41015625 0.0078125 0.0234375
10 0.3734375 0.4326171875 0.00625 0.009765625
10 0.28046875 0.41015625 0.0078125 0.02734375
10 0.28046875 0.431640625 0.0078125 0.01171875
10 0.22734375 0.4296875 0.0078125 0.015625
10 0.22734375 0.4013671875 0.0109375 0.029296875
10 0.64296875 0.412109375 0.0078125 0.01953125
10 0.6421875 0.4306640625 0.009375 0.009765625
12 0.5515625 0.408203125 0.00625 0.0078125
12 0.3734375 0.4248046875 0.009375 0.005859375
1 0.828125 0.4931640625 0.034375 0.095703125
1 0.71015625 0.470703125 0.0109375 0.04296875
1 0.696875 0.458984375 0.00625 0.03515625
1 0.23125 0.470703125 0.01875 0.05078125
2 0.94921875 0.7998046875 0.0984375 0.240234375
3 0.01875 0.603515625 0.0375 0.23046875
3 0.584375 0.4501953125 0.021875 0.013671875
3 0.5640625 0.4482421875 0.0125 0.013671875
3 0.55234375 0.4501953125 0.0109375 0.009765625
3 0.528125 0.4765625 0.059375 0.05859375
1 0.9640625 0.716796875 0.06875 0.328125
