10 0.02109375 0.216796875 0.0171875 0.046875
10 0.11953125 0.369140625 0.0140625 0.0390625
10 0.06015625 0.365234375 0.0109375 0.04296875
10 0.03671875 0.39453125 0.0140625 0.01953125
10 0.50859375 0.2412109375 0.0140625 0.041015625
10 0.4015625 0.251953125 0.01875 0.04296875
10 0.64140625 0.181640625 0.0140625 0.046875
10 0.8 0.1806640625 0.015625 0.048828125
10 0.9 0.3466796875 0.0125 0.033203125
10 0.9125 0.375 0.009375 0.01171875
12 0.4609375 0.23828125 0.03125 0.02734375
12 0.96015625 0.2294921875 0.0421875 0.013671875
12 0.70078125 0.171875 0.0421875 0.03515625
12 0.29921875 0.28515625 0.0359375 0.015625
12 0.36640625 0.3720703125 0.0109375 0.025390625
12 0.8421875 0.3681640625 0.009375 0.009765625
12 0.8421875 0.3525390625 0.01875 0.021484375
12 0.11328125 0.39453125 0.0203125 0.0078125
3 0.865625 0.41015625 0.040625 0.03125
3 0.94140625 0.517578125 0.1140625 0.28515625
3 0.6078125 0.53515625 0.275 0.26171875
3 0.51953125 0.4208984375 0.0328125 0.041015625
3 0.46796875 0.42578125 0.0328125 0.03515625
3 0.4875 0.423828125 0.015625 0.02734375
3 0.49375 0.419921875 0.021875 0.02734375
12 0.92421875 0.345703125 0.0203125 0.03515625
10 0.1328125 0.369140625 0.009375 0.03515625
