10 0.50390625 0.419921875 0.0046875 0.01171875
10 0.553125 0.3916015625 0.00625 0.013671875
10 0.60390625 0.41796875 0.0046875 0.015625
10 0.59609375 0.4248046875 0.0046875 0.013671875
12 0.9109375 0.3818359375 0.021875 0.033203125
1 0.1046875 0.4326171875 0.009375 0.041015625
1 0.2921875 0.4501953125 0.021875 0.056640625
1 0.315625 0.46484375 0.01875 0.0546875
1 0.36640625 0.4521484375 0.0109375 0.037109375
1 0.403125 0.455078125 0.0125 0.03515625
1 0.41640625 0.4580078125 0.0109375 0.037109375
1 0.421875 0.455078125 0.009375 0.03125
1 0.4515625 0.4521484375 0.00625 0.021484375
1 0.4921875 0.455078125 0.00625 0.0234375
1 0.57421875 0.458984375 0.0078125 0.0234375
1 0.58671875 0.4599609375 0.0078125 0.025390625
1 0.59765625 0.458984375 0.0046875 0.01953125
1 0.64296875 0.4560546875 0.0046875 0.017578125
1 0.6515625 0.4658203125 0.009375 0.041015625
1 0.65859375 0.458984375 0.0046875 0.01953125
1 0.6703125 0.466796875 0.003125 0.0234375
2 0.45 0.4658203125 0.0375 0.029296875
2 0.3859375 0.4833984375 0.025 0.052734375
3 0.51953125 0.455078125 0.0171875 0.01953125
3 0.58046875 0.4599609375 0.0078125 0.013671875
3 0.61953125 0.4755859375 0.0546875 0.056640625
3 0.7078125 0.517578125 0.128125 0.14453125
3 0.77578125 0.5576171875 0.1640625 0.173828125
3 0.87890625 0.6513671875 0.2390625 0.326171875
2 0.24453125 0.470703125 0.0546875 0.0390625
