1 0.3875 0.443359375 0.009375 0.0234375
1 0.39765625 0.4423828125 0.0109375 0.021484375
2 0.4125 0.4599609375 0.0125 0.017578125
2 0.4609375 0.4677734375 0.0125 0.017578125
2 0.5234375 0.53515625 0.046875 0.08984375
3 0.1328125 0.6259765625 0.265625 0.326171875
3 0.91796875 0.654296875 0.1609375 0.21484375
3 0.81015625 0.5732421875 0.1671875 0.130859375
3 0.72421875 0.53515625 0.1234375 0.1015625
3 0.67265625 0.5 0.0765625 0.06640625
3 0.29140625 0.5322265625 0.1015625 0.123046875
3 0.35234375 0.5107421875 0.0828125 0.095703125
3 0.37265625 0.4951171875 0.0609375 0.080078125
3 0.40390625 0.48828125 0.0296875 0.0703125
3 0.44609375 0.4580078125 0.0296875 0.037109375
3 0.47109375 0.455078125 0.0140625 0.03125
3 0.48046875 0.4521484375 0.0140625 0.025390625
3 0.4890625 0.4501953125 0.009375 0.017578125
3 0.49765625 0.447265625 0.0078125 0.01171875
3 0.50703125 0.447265625 0.0109375 0.01171875
3 0.58984375 0.466796875 0.0328125 0.03515625
3 0.571875 0.4599609375 0.0125 0.033203125
3 0.56328125 0.458984375 0.0109375 0.03125
3 0.553125 0.4580078125 0.0125 0.025390625
3 0.94921875 0.515625 0.0984375 0.08984375
3 0.89609375 0.4755859375 0.0765625 0.048828125
3 0.84140625 0.482421875 0.0359375 0.03125
3 0.7875 0.484375 0.03125 0.0234375
3 0.740625 0.478515625 0.046875 0.02734375
1 0.4125 0.4482421875 0.009375 0.029296875
1 0.4609375 0.4541015625 0.0125 0.029296875
1 0.5234375 0.505859375 0.040625 0.125
1 0.603125 0.525390625 0.0375 0.109375
12 0.41328125 0.408203125 0.0140625 0.015625
12 0.4125 0.41796875 0.009375 0.00390625
