6 0.50703125 0.5634765625 0.1078125 0.146484375
10 0.37421875 0.4375 0.0203125 0.0546875
10 0.85390625 0.412109375 0.0171875 0.05078125
10 0.9734375 0.482421875 0.01875 0.05078125
10 0.4125 0.486328125 0.00625 0.015625
10 0.59375 0.505859375 0.00625 0.015625
10 0.37265625 0.5419921875 0.0109375 0.025390625
12 0.79765625 0.447265625 0.0203125 0.0546875
12 0.76953125 0.51953125 0.0296875 0.0546875
12 0.9828125 0.525390625 0.03125 0.03515625
1 0.81484375 0.576171875 0.0171875 0.03515625
1 0.88984375 0.5849609375 0.0109375 0.025390625
1 0.903125 0.5830078125 0.015625 0.033203125
1 0.72578125 0.5732421875 0.0109375 0.037109375
1 0.66640625 0.5537109375 0.0109375 0.013671875
1 0.65 0.5537109375 0.00625 0.013671875
1 0.7453125 0.5732421875 0.0125 0.037109375
2 0.42265625 0.548828125 0.0078125 0.015625
3 0.3109375 0.5537109375 0.0375 0.052734375
3 0.584375 0.5732421875 0.053125 0.056640625
3 0.64921875 0.6005859375 0.0828125 0.080078125
3 0.44609375 0.6826171875 0.2234375 0.263671875
1 0.4234375 0.5400390625 0.009375 0.025390625
