10 0.80625 0.4052734375 0.015625 0.048828125
10 0.10546875 0.3876953125 0.0140625 0.048828125
10 0.12890625 0.3955078125 0.0140625 0.044921875
12 0.79765625 0.4560546875 0.0203125 0.037109375
12 0.11640625 0.4365234375 0.0171875 0.037109375
1 0.340625 0.498046875 0.009375 0.03125
1 0.07265625 0.50390625 0.0265625 0.0859375
1 0.0515625 0.515625 0.028125 0.08203125
1 0.03671875 0.5029296875 0.0328125 0.087890625
3 0.94140625 0.78515625 0.1140625 0.3515625
3 0.67890625 0.517578125 0.0578125 0.0546875
3 0.625 0.509765625 0.046875 0.04296875
3 0.53046875 0.5087890625 0.0453125 0.044921875
3 0.47109375 0.5009765625 0.0140625 0.017578125
3 0.4953125 0.5029296875 0.01875 0.017578125
3 0.4171875 0.4853515625 0.078125 0.111328125
3 0.3609375 0.5087890625 0.034375 0.025390625
3 0.5078125 0.4912109375 0.00625 0.005859375
11 0.7765625 0.5419921875 0.0125 0.037109375
