12 0.2609375 0.34375 0.028125 0.0390625
3 0.08671875 0.4306640625 0.1359375 0.072265625
3 0.2140625 0.4521484375 0.140625 0.091796875
3 0.85 0.482421875 0.115625 0.1015625
3 0.81171875 0.466796875 0.1296875 0.09375
3 0.6984375 0.4677734375 0.046875 0.052734375
3 0.53828125 0.4453125 0.0296875 0.02734375
3 0.465625 0.462890625 0.071875 0.0625
3 0.50703125 0.4609375 0.0296875 0.04296875
3 0.52734375 0.4619140625 0.0328125 0.041015625
3 0.6078125 0.455078125 0.025 0.0234375
3 0.621875 0.455078125 0.015625 0.0234375
3 0.62890625 0.4521484375 0.0171875 0.025390625
3 0.63984375 0.4521484375 0.0109375 0.021484375
1 0.56640625 0.470703125 0.0265625 0.09765625
1 0.58671875 0.4853515625 0.0296875 0.111328125
1 0.659375 0.5126953125 0.053125 0.162109375
2 0.1671875 0.4658203125 0.0375 0.068359375
