1 0.91875 0.5556640625 0.159375 0.443359375
1 0.8453125 0.5361328125 0.084375 0.302734375
1 0.428125 0.40625 0.009375 0.03125
1 0.34609375 0.4013671875 0.0140625 0.033203125
1 0.353125 0.4013671875 0.009375 0.037109375
1 0.2515625 0.3603515625 0.021875 0.025390625
1 0.36875 0.4013671875 0.0125 0.033203125
3 0.1109375 0.3935546875 0.065625 0.044921875
3 0.1734375 0.4091796875 0.06875 0.076171875
3 0.23203125 0.43359375 0.1578125 0.125
3 0.78515625 0.458984375 0.2609375 0.1015625
3 0.3109375 0.400390625 0.03125 0.0390625
3 0.3265625 0.3994140625 0.0125 0.037109375
3 0.33671875 0.3984375 0.0171875 0.02734375
3 0.39765625 0.40625 0.0234375 0.0234375
3 0.50859375 0.4326171875 0.0859375 0.080078125
3 0.4765625 0.416015625 0.053125 0.06640625
3 0.45625 0.40625 0.025 0.05078125
3 0.44765625 0.4052734375 0.0171875 0.044921875
3 0.4390625 0.41015625 0.0125 0.02734375
2 0.94140625 0.5927734375 0.1140625 0.166015625
1 0.98515625 0.521484375 0.0265625 0.28515625
3 0.80703125 0.40234375 0.0859375 0.04296875
