10 0.52421875 0.51171875 0.0046875 0.01953125
10 0.5234375 0.5556640625 0.003125 0.009765625
12 0.415625 0.5380859375 0.00625 0.009765625
1 0.1015625 0.59765625 0.021875 0.08984375
1 0.125 0.5908203125 0.025 0.080078125
1 0.140625 0.5986328125 0.0125 0.056640625
1 0.1890625 0.5830078125 0.009375 0.044921875
1 0.203125 0.576171875 0.015625 0.05078125
1 0.24296875 0.564453125 0.0171875 0.0234375
1 0.2875 0.5693359375 0.015625 0.044921875
1 0.29921875 0.5712890625 0.0140625 0.044921875
1 0.39921875 0.5634765625 0.0078125 0.021484375
1 0.546875 0.56640625 0.00625 0.0234375
1 0.55625 0.5673828125 0.00625 0.021484375
1 0.5625 0.5654296875 0.00625 0.025390625
1 0.5828125 0.568359375 0.009375 0.03125
1 0.603125 0.5654296875 0.00625 0.025390625
1 0.5921875 0.5634765625 0.009375 0.029296875
1 0.628125 0.5654296875 0.009375 0.025390625
1 0.640625 0.583984375 0.021875 0.078125
1 0.8921875 0.6142578125 0.025 0.115234375
1 0.80234375 0.591796875 0.0171875 0.06640625
1 0.784375 0.5927734375 0.01875 0.064453125
1 0.6125 0.5615234375 0.00625 0.021484375
1 0.575 0.5654296875 0.00625 0.025390625
3 0.48671875 0.6220703125 0.1046875 0.107421875
3 0.24921875 0.6162109375 0.1140625 0.087890625
3 0.33125 0.5908203125 0.0625 0.056640625
3 0.3828125 0.5751953125 0.034375 0.037109375
3 0.43203125 0.5732421875 0.0390625 0.041015625
3 0.46171875 0.5615234375 0.0140625 0.017578125
3 0.47890625 0.5625 0.0234375 0.015625
3 0.49609375 0.560546875 0.0140625 0.01171875
