12 0.371875 0.4208984375 0.0125 0.005859375
1 0.30703125 0.470703125 0.0109375 0.046875
1 0.3234375 0.4716796875 0.009375 0.048828125
1 0.33125 0.4716796875 0.009375 0.048828125
1 0.39609375 0.45703125 0.0078125 0.02734375
1 0.40234375 0.4560546875 0.0078125 0.029296875
1 0.4109375 0.4580078125 0.009375 0.025390625
1 0.4296875 0.4482421875 0.00625 0.017578125
1 0.43984375 0.4541015625 0.0078125 0.029296875
1 0.53359375 0.4609375 0.0109375 0.0390625
1 0.45703125 0.44921875 0.0046875 0.015625
3 0.1546875 0.45703125 0.0625 0.03515625
3 0.4984375 0.4541015625 0.021875 0.021484375
3 0.52109375 0.44921875 0.0171875 0.01171875
3 0.53515625 0.45703125 0.0203125 0.01953125
3 0.5515625 0.458984375 0.015625 0.0234375
3 0.565625 0.4638671875 0.028125 0.029296875
3 0.61953125 0.478515625 0.0609375 0.0625
3 0.62421875 0.4873046875 0.0546875 0.064453125
3 0.6359375 0.4951171875 0.04375 0.068359375
3 0.68203125 0.46484375 0.0515625 0.02734375
3 0.75859375 0.46875 0.0234375 0.03125
3 0.8125 0.4677734375 0.021875 0.033203125
3 0.665625 0.5087890625 0.071875 0.080078125
3 0.70859375 0.525390625 0.1046875 0.1015625
3 0.875 0.5927734375 0.246875 0.216796875
3 0.96796875 0.7080078125 0.0609375 0.169921875
