10 0.11953125 0.228515625 0.0328125 0.12109375
10 0.65 0.35546875 0.009375 0.03515625
10 0.665625 0.3525390625 0.0125 0.041015625
10 0.76171875 0.2880859375 0.0171875 0.060546875
10 0.7828125 0.296875 0.025 0.08984375
10 0.8046875 0.30859375 0.01875 0.02734375
10 0.9140625 0.2529296875 0.03125 0.130859375
10 0.94375 0.2646484375 0.028125 0.033203125
10 0.60625 0.36328125 0.00625 0.0234375
10 0.15390625 0.3046875 0.0109375 0.0390625
10 0.31328125 0.328125 0.0140625 0.05078125
1 0.2078125 0.4072265625 0.028125 0.091796875
1 0.14140625 0.4072265625 0.0296875 0.083984375
3 0.71796875 0.419921875 0.0328125 0.046875
3 0.6875 0.419921875 0.046875 0.046875
3 0.6546875 0.4150390625 0.0375 0.037109375
3 0.56640625 0.4052734375 0.0171875 0.021484375
3 0.49921875 0.4072265625 0.0421875 0.048828125
3 0.52109375 0.44140625 0.0921875 0.1015625
3 0.33515625 0.4404296875 0.1453125 0.150390625
3 0.8578125 0.525390625 0.28125 0.25390625
