10 0.37734375 0.4697265625 0.0109375 0.037109375
10 0.37890625 0.5595703125 0.0078125 0.021484375
10 0.503125 0.50390625 0.003125 0.01171875
10 0.6671875 0.4462890625 0.009375 0.033203125
10 0.6625 0.5234375 0.00625 0.01953125
10 0.6703125 0.4921875 0.00625 0.01171875
12 0.3765625 0.5068359375 0.021875 0.029296875
12 0.37578125 0.5361328125 0.0171875 0.009765625
1 0.01015625 0.587890625 0.0203125 0.10546875
1 0.13984375 0.5634765625 0.0296875 0.048828125
1 0.18046875 0.5576171875 0.0390625 0.044921875
3 0.90546875 0.798828125 0.1859375 0.3984375
3 0.8015625 0.6650390625 0.278125 0.275390625
3 0.62578125 0.6318359375 0.1234375 0.123046875
3 0.60859375 0.583984375 0.0765625 0.05078125
3 0.578125 0.5859375 0.065625 0.07421875
3 0.54375 0.576171875 0.03125 0.0546875
3 0.5328125 0.56640625 0.040625 0.046875
3 0.5171875 0.5576171875 0.034375 0.041015625
3 0.49296875 0.5517578125 0.0265625 0.025390625
3 0.47578125 0.5341796875 0.0171875 0.009765625
3 0.46171875 0.5458984375 0.0453125 0.021484375
3 0.465625 0.5859375 0.09375 0.05859375
3 0.41171875 0.7041015625 0.2640625 0.294921875
3 0.1796875 0.6787109375 0.25625 0.205078125
