1 0.93359375 0.333984375 0.0203125 0.03125
1 0.5359375 0.447265625 0.009375 0.03125
1 0.5296875 0.4482421875 0.009375 0.029296875
1 0.5234375 0.4482421875 0.009375 0.029296875
1 0.4 0.4833984375 0.015625 0.060546875
3 0.878125 0.6826171875 0.240625 0.275390625
3 0.6875 0.537109375 0.109375 0.1171875
3 0.6359375 0.5009765625 0.075 0.076171875
3 0.60703125 0.4921875 0.0359375 0.05859375
3 0.603125 0.4765625 0.059375 0.0625
3 0.58125 0.4638671875 0.040625 0.044921875
3 0.56796875 0.4580078125 0.0328125 0.041015625
3 0.553125 0.4501953125 0.025 0.033203125
3 0.50234375 0.4326171875 0.0078125 0.009765625
3 0.4953125 0.435546875 0.009375 0.01171875
3 0.4890625 0.4384765625 0.0125 0.013671875
3 0.48046875 0.44140625 0.0140625 0.015625
3 0.46953125 0.4462890625 0.0171875 0.021484375
3 0.45546875 0.44921875 0.0265625 0.03125
3 0.44296875 0.455078125 0.0234375 0.03125
3 0.4234375 0.4619140625 0.034375 0.044921875
3 0.40546875 0.4716796875 0.0453125 0.044921875
3 0.3703125 0.4765625 0.05625 0.06640625
3 0.35078125 0.4921875 0.0609375 0.0625
3 0.30859375 0.5087890625 0.0703125 0.076171875
3 0.26953125 0.5302734375 0.0640625 0.099609375
3 0.14296875 0.55078125 0.2109375 0.203125
3 0.275 0.4462890625 0.025 0.017578125
3 0.3 0.4462890625 0.028125 0.017578125
3 0.328125 0.4453125 0.025 0.01953125
3 0.403125 0.4404296875 0.021875 0.017578125
3 0.5140625 0.4306640625 0.00625 0.005859375
3 0.51953125 0.4326171875 0.0078125 0.009765625
