6 0.56953125 0.548828125 0.0203125 0.03515625
12 0.8984375 0.400390625 0.034375 0.0390625
12 0.89921875 0.4404296875 0.0359375 0.037109375
12 0.89921875 0.4833984375 0.0359375 0.044921875
12 0.0234375 0.54296875 0.028125 0.03515625
12 0.025 0.5068359375 0.028125 0.029296875
12 0.025 0.47265625 0.03125 0.03515625
1 0.10234375 0.58984375 0.0203125 0.0234375
1 0.3671875 0.5947265625 0.009375 0.033203125
1 0.6390625 0.5751953125 0.009375 0.033203125
1 0.98125 0.6240234375 0.034375 0.103515625
1 0.946875 0.6181640625 0.034375 0.099609375
1 0.85078125 0.6015625 0.0203125 0.07421875
1 0.825 0.607421875 0.01875 0.078125
4 0.515625 0.6435546875 0.040625 0.076171875
4 0.5265625 0.5693359375 0.009375 0.013671875
3 0.09609375 0.66015625 0.1828125 0.1171875
3 0.4203125 0.61328125 0.059375 0.0546875
3 0.3328125 0.6162109375 0.065625 0.060546875
3 0.5125 0.615234375 0.05625 0.06640625
3 0.46875 0.5830078125 0.021875 0.025390625
3 0.47265625 0.572265625 0.0203125 0.0234375
3 0.50234375 0.5751953125 0.0234375 0.025390625
3 0.5765625 0.576171875 0.021875 0.0234375
3 0.5390625 0.5576171875 0.0125 0.013671875
3 0.509375 0.5595703125 0.0125 0.013671875
3 0.571875 0.55859375 0.0125 0.015625
1 0.5171875 0.6181640625 0.034375 0.083984375
1 0.5265625 0.5625 0.009375 0.01953125
