10 0.1296875 0.283203125 0.028125 0.07421875
10 0.1265625 0.3681640625 0.015625 0.033203125
10 0.29765625 0.3173828125 0.0171875 0.068359375
10 0.28828125 0.3876953125 0.0234375 0.029296875
12 0.6578125 0.4443359375 0.00625 0.013671875
12 0.60703125 0.4345703125 0.0109375 0.017578125
1 0.1265625 0.48046875 0.03125 0.125
1 0.2359375 0.494140625 0.034375 0.1171875
1 0.25390625 0.484375 0.0265625 0.1171875
8 0.56484375 0.45703125 0.0484375 0.0703125
8 0.4703125 0.458984375 0.0125 0.0234375
8 0.825 0.4306640625 0.346875 0.412109375
3 0.65859375 0.5 0.0359375 0.05859375
3 0.63125 0.4912109375 0.05 0.048828125
3 0.60859375 0.4873046875 0.0234375 0.041015625
3 0.59921875 0.4833984375 0.0328125 0.041015625
3 0.59140625 0.4794921875 0.0421875 0.041015625
3 0.5390625 0.474609375 0.009375 0.01953125
3 0.53359375 0.4697265625 0.0171875 0.025390625
3 0.503125 0.4794921875 0.04375 0.041015625
3 0.47421875 0.46484375 0.0171875 0.0234375
3 0.42578125 0.486328125 0.0515625 0.046875
3 0.43125 0.4765625 0.040625 0.0390625
3 0.43984375 0.470703125 0.0265625 0.03515625
3 0.45234375 0.46875 0.0140625 0.03125
