1 0.3515625 0.4619140625 0.015625 0.048828125
2 0.38125 0.466796875 0.0125 0.02734375
2 0.36328125 0.4736328125 0.0140625 0.033203125
2 0.3515625 0.4755859375 0.015625 0.033203125
2 0.340625 0.4736328125 0.009375 0.029296875
2 0.29765625 0.484375 0.0203125 0.0546875
2 0.27734375 0.4853515625 0.0203125 0.060546875
2 0.25390625 0.498046875 0.0359375 0.0703125
2 0.0671875 0.521484375 0.053125 0.1015625
2 0.10390625 0.5107421875 0.0390625 0.099609375
2 0.1421875 0.517578125 0.046875 0.109375
2 0.16953125 0.5048828125 0.0453125 0.083984375
3 0.54375 0.4697265625 0.071875 0.076171875
3 0.50546875 0.4677734375 0.0234375 0.048828125
3 0.496875 0.466796875 0.021875 0.04296875
3 0.48828125 0.4658203125 0.0140625 0.037109375
3 0.31796875 0.4658203125 0.0296875 0.033203125
3 0.19296875 0.4658203125 0.0796875 0.083984375
3 0.040625 0.4912109375 0.08125 0.111328125
3 0.40859375 0.4609375 0.0265625 0.0234375
1 0.38046875 0.4560546875 0.0140625 0.037109375
1 0.3640625 0.4609375 0.015625 0.05078125
1 0.33984375 0.4619140625 0.0109375 0.041015625
1 0.29921875 0.466796875 0.0203125 0.07421875
1 0.2765625 0.4677734375 0.025 0.083984375
1 0.25390625 0.470703125 0.0328125 0.08984375
1 0.17265625 0.48046875 0.0484375 0.1328125
1 0.13515625 0.4853515625 0.0421875 0.162109375
1 0.10625 0.4833984375 0.046875 0.142578125
1 0.07421875 0.4921875 0.0546875 0.15234375
10 0.6140625 0.3251953125 0.009375 0.037109375
