10 0.23359375 0.265625 0.0140625 0.04296875
10 0.35 0.275390625 0.015625 0.04296875
10 0.5171875 0.3701171875 0.0125 0.041015625
10 0.71015625 0.359375 0.0140625 0.03515625
10 0.71328125 0.4033203125 0.0109375 0.017578125
10 0.73828125 0.40234375 0.0140625 0.015625
10 0.9890625 0.0927734375 0.01875 0.087890625
10 0.7765625 0.0859375 0.06875 0.171875
12 0.259375 0.263671875 0.015625 0.01953125
12 0.509375 0.3154296875 0.01875 0.013671875
12 0.80234375 0.3642578125 0.0265625 0.044921875
1 0.05078125 0.5009765625 0.0984375 0.228515625
1 0.08125 0.498046875 0.0625 0.203125
1 0.5796875 0.45703125 0.015625 0.05859375
1 0.54765625 0.4619140625 0.0203125 0.056640625
3 0.35546875 0.6240234375 0.5046875 0.458984375
3 0.7578125 0.470703125 0.24375 0.11328125
3 0.859375 0.45703125 0.09375 0.0703125
3 0.63125 0.458984375 0.040625 0.03515625
3 0.15390625 0.44140625 0.0765625 0.04296875
1 0.0125 0.47265625 0.015625 0.046875
2 0.01328125 0.48828125 0.0140625 0.03515625
