10 0.20390625 0.359375 0.0078125 0.0234375
10 0.29140625 0.3466796875 0.0109375 0.025390625
10 0.56875 0.3544921875 0.00625 0.017578125
10 0.5828125 0.3544921875 0.00625 0.017578125
10 0.6125 0.4013671875 0.009375 0.025390625
10 0.54453125 0.4140625 0.0046875 0.015625
10 0.51796875 0.4130859375 0.0046875 0.013671875
10 0.440625 0.3818359375 0.00625 0.021484375
10 0.37109375 0.3759765625 0.0078125 0.017578125
10 0.553125 0.3984375 0.00625 0.01953125
10 0.546875 0.431640625 0.003125 0.00390625
10 0.615625 0.4267578125 0.003125 0.009765625
10 0.21953125 0.4228515625 0.0046875 0.013671875
10 0.1046875 0.416015625 0.00625 0.01953125
12 0.81640625 0.3466796875 0.0234375 0.044921875
12 0.8140625 0.2919921875 0.025 0.056640625
12 0.38125 0.373046875 0.009375 0.01171875
12 0.47421875 0.3974609375 0.0203125 0.009765625
12 0.14921875 0.3876953125 0.0265625 0.009765625
12 0.60703125 0.380859375 0.0109375 0.0078125
1 0.434375 0.45703125 0.0125 0.03125
1 0.51640625 0.45703125 0.0140625 0.03515625
1 0.52421875 0.45703125 0.0140625 0.03515625
1 0.5328125 0.4580078125 0.009375 0.033203125
3 0.2609375 0.4736328125 0.06875 0.056640625
3 0.2953125 0.4560546875 0.025 0.021484375
3 0.30859375 0.451171875 0.0234375 0.02734375
3 0.32578125 0.4521484375 0.0140625 0.021484375
3 0.35 0.45703125 0.04375 0.0390625
3 0.46875 0.45703125 0.04375 0.046875
3 0.77265625 0.451171875 0.0765625 0.05078125
3 0.1046875 0.458984375 0.05 0.02734375
3 0.37265625 0.4501953125 0.0171875 0.021484375
3 0.38359375 0.44921875 0.0109375 0.015625
3 0.2703125 0.4521484375 0.0375 0.025390625
