12 0.6953125 0.3583984375 0.03125 0.041015625
1 0.8921875 0.4951171875 0.075 0.150390625
1 0.8625 0.478515625 0.034375 0.125
1 0.83203125 0.4921875 0.0390625 0.1171875
1 0.75703125 0.48828125 0.0765625 0.12890625
1 0.6765625 0.443359375 0.03125 0.0703125
1 0.6546875 0.4873046875 0.021875 0.044921875
1 0.63046875 0.4638671875 0.0296875 0.095703125
1 0.69609375 0.5087890625 0.0734375 0.154296875
2 0.92734375 0.5341796875 0.1421875 0.177734375
2 0.51328125 0.546875 0.2046875 0.18359375
4 0.2390625 0.49609375 0.125 0.109375
4 0.115625 0.5126953125 0.115625 0.103515625
3 0.3046875 0.455078125 0.08125 0.046875
3 0.1671875 0.4462890625 0.09375 0.037109375
3 0.0890625 0.4912109375 0.071875 0.072265625
3 0.18125 0.482421875 0.090625 0.078125
3 0.4453125 0.47265625 0.14375 0.15625
1 0.51015625 0.4873046875 0.1265625 0.287109375
1 0.95625 0.4736328125 0.084375 0.212890625
12 0.09453125 0.2333984375 0.0609375 0.056640625
