10 0.03671875 0.40625 0.0109375 0.03515625
10 0.046875 0.4091796875 0.00625 0.037109375
10 0.59296875 0.2861328125 0.0109375 0.048828125
10 0.74921875 0.30859375 0.0109375 0.0390625
10 0.9328125 0.3994140625 0.0125 0.056640625
12 0.08828125 0.484375 0.0171875 0.015625
12 0.0890625 0.4599609375 0.01875 0.025390625
12 0.21640625 0.4736328125 0.0109375 0.009765625
12 0.4921875 0.5029296875 0.0125 0.017578125
12 0.49296875 0.4755859375 0.0140625 0.029296875
12 0.52890625 0.49609375 0.0171875 0.01953125
12 0.52890625 0.47265625 0.0171875 0.02734375
12 0.55546875 0.4912109375 0.0140625 0.025390625
12 0.56171875 0.4716796875 0.0140625 0.013671875
12 0.56328125 0.451171875 0.0265625 0.02734375
12 0.89609375 0.4921875 0.0171875 0.015625
12 0.89765625 0.4755859375 0.0171875 0.009765625
12 0.89765625 0.455078125 0.0328125 0.02734375
3 0.4171875 0.51171875 0.021875 0.02734375
3 0.39375 0.509765625 0.025 0.03125
3 0.36328125 0.5029296875 0.0390625 0.044921875
3 0.30390625 0.4970703125 0.0703125 0.068359375
3 0.746875 0.505859375 0.36875 0.18359375
