10 0.67734375 0.3056640625 0.0140625 0.048828125
10 0.6671875 0.3671875 0.025 0.0234375
12 0.2640625 0.4228515625 0.01875 0.017578125
1 0.9046875 0.4521484375 0.03125 0.099609375
1 0.77109375 0.4638671875 0.0328125 0.173828125
1 0.07265625 0.46484375 0.0171875 0.05859375
1 0.053125 0.4677734375 0.021875 0.052734375
1 0.09375 0.45703125 0.015625 0.03125
1 0.040625 0.466796875 0.0125 0.0546875
3 0.56796875 0.45703125 0.0546875 0.05859375
3 0.56171875 0.46875 0.0640625 0.05859375
3 0.415625 0.509765625 0.25625 0.2890625
3 0.1484375 0.4990234375 0.15 0.134765625
11 0.71796875 0.5078125 0.0234375 0.078125
